_RAJ2000|_DEJ2000|KIC|2MASS|Teff|FeH|AFe|Numax|Dnu|ES|Fdnu|M(cor)|s_M(cor)|R(cor)|s_R(cor)|logg(seis)|s_logg(seis)|Rho|s_Rho|LogAge|Av|Notes|AP-1|KCat|Sloan|Simbad|_RA|_DE
291.2890417|+36.7499722| 1027110|19250937+3644599|4177.6|-0.232| 0.205|  6.496| 1.132|RGB     | 1.0458| 0.985| 0.044|23.412| 0.017| 1.692| 0.007| 1.08e-04| 0.008| 4.002| 0.269|SeisUnc         |  0|KCat|Sloan|Simbad|291.28904|+36.74997
291.3342083|+36.7866111| 1027337|19252021+3647118|4636.0| 0.275| 0.023| 73.975| 6.991|RGB     | 1.0333| 1.227| 0.038| 7.544| 0.014| 2.772| 0.007| 4.03e-03| 0.007| 3.798| 0.214|                |  0|KCat|Sloan|Simbad|291.33421|+36.78661
290.8866667|+36.8724167| 1160789|19233280+3652207|4729.6|-0.257| 0.188| 25.209| 3.545|RC      | 0.9965| 0.875| 0.082|10.860| 0.025| 2.308| 0.010| 9.64e-04| 0.008| 3.889| 0.009|                |  0|KCat|Sloan|Simbad|290.88667|+36.87242
290.9510417|+36.8298889| 1160986|19234825+3649476|4339.7| 0.135| 0.029|       |      |REJECT  |       |      |      |      |      |      |      |         |      |      |      |No Seis         |  0|KCat|Sloan|Simbad|290.95104|+36.82989
291.0727500|+36.8627778| 1161447|19241746+3651460|4776.1| 0.058|-0.006| 37.066| 4.153|RC      | 1.0030| 1.460| 0.076|11.540| 0.022| 2.478| 0.010| 1.34e-03| 0.008| 3.396| 0.400|                |  0|KCat|Sloan|Simbad|291.07275|+36.86278
291.1089167|+36.8132778| 1161618|19242614+3648478|4742.0| 0.064| 0.005| 33.926| 4.093|RC      | 1.0010| 1.183| 0.077|10.879| 0.023| 2.438| 0.010| 1.30e-03| 0.008| 3.639| 0.199|                |  0|KCat|Sloan|Simbad|291.10892|+36.81328
291.2412917|+36.8916111| 1162220|19245791+3653298|4190.1| 0.083| 0.070| 11.000| 1.669|RGB     | 1.0484| 1.007| 0.044|18.175| 0.017| 1.922| 0.007| 2.36e-04| 0.008| 4.056| 0.181|                |  0|KCat|Sloan|Simbad|291.24129|+36.89161
291.3599583|+36.8198889| 1162746|19252639+3649116|4798.1|-0.388| 0.229| 27.798| 3.763|RC      | 0.9972| 0.941| 0.080|10.688| 0.024| 2.354| 0.010| 1.09e-03| 0.008| 3.786| 0.172|                |  1|KCat|Sloan|Simbad|291.35996|+36.81989
291.4401667|+36.8465278| 1163114|19254564+3650475|4285.8| 0.297| 0.025| 14.356| 1.887|RGB     | 1.0396| 1.467| 0.043|19.097| 0.016| 2.042| 0.007| 2.97e-04| 0.008| 3.538| 0.382|                |  0|KCat|Sloan|Simbad|291.44017|+36.84653
291.4932500|+36.8488056| 1163359|19255838+3650557|4571.9|-0.339| 0.218| 21.468| 2.632|RGB     | 1.0346| 1.454| 0.043|15.297| 0.016| 2.231| 0.007| 5.72e-04| 0.008| 3.376| 0.195|                |  0|KCat|Sloan|Simbad|291.49325|+36.84881
291.5540417|+36.8073611| 1163621|19261297+3648265|4933.2| 0.028| 0.005| 50.714| 5.004|RC      | 1.0012| 1.876| 0.070|11.092| 0.019| 2.621| 0.009| 1.94e-03| 0.008| 3.142| 0.422|                |  0|KCat|Sloan|Simbad|291.55404|+36.80736
291.2799167|+36.9070000| 1294122|19250718+3654252|4803.1|-0.009| 0.005| 75.309| 7.032|RGB     | 1.0292| 1.355| 0.038| 7.789| 0.014| 2.787| 0.007| 4.04e-03| 0.007| 3.559| 0.237|                |  0|KCat|Sloan|Simbad|291.27992|+36.90700
291.3395417|+36.9026944| 1294385|19252149+3654097|4818.8| 0.106|-0.011|106.469| 9.116|RGB     | 1.0253| 1.383| 0.036| 6.613| 0.013| 2.938| 0.007| 6.74e-03| 0.007| 3.568| 0.070|                |  0|KCat|Sloan|Simbad|291.33954|+36.90269
291.6867083|+36.9708889| 1296068|19264481+3658152|4583.6| 0.043| 0.061| 59.379| 6.151|RGB     | 1.0371| 1.026| 0.039| 7.721| 0.014| 2.674| 0.007| 3.14e-03| 0.007| 4.018| 0.318|                |  0|KCat|Sloan|Simbad|291.68671|+36.97089
291.7838333|+36.9560278| 1296507|19270812+3657217|4944.5| 0.022|-0.007|126.833|10.310|RGB     | 1.0213| 1.508| 0.034| 6.287| 0.012| 3.020| 0.007| 8.56e-03| 0.007| 3.415| 0.315|                |  0|KCat|Sloan|Simbad|291.78383|+36.95603
290.7370000|+37.0368056| 1429505|19225688+3702125|4678.5|-0.053| 0.016| 55.406| 5.778|RGB     | 1.0367| 1.105| 0.040| 8.256| 0.015| 2.648| 0.007| 2.77e-03| 0.007| 3.867| 0.366|                |  0|KCat|Sloan|Simbad|290.73700|+37.03681
291.1278333|+37.0247222| 1431059|19243068+3701290|4825.5| 0.108| 0.034|170.839|13.668|RGB     | 1.0203| 1.155| 0.030| 4.769| 0.010| 3.144| 0.007| 1.50e-02| 0.006| 3.844| 0.434|                |  0|KCat|Sloan|Simbad|291.12783|+37.02472
291.2548750|+37.0864444| 1431599|19250117+3705112|3999.2|-0.248| 0.106|  2.308| 0.521|RGB     | 1.0397| 0.944| 0.045|38.871| 0.017| 1.234| 0.007| 2.27e-05| 0.008| 4.015| 0.349|                |  0|KCat|Sloan|Simbad|291.25487|+37.08644
291.4577083|+37.0174444| 1432587|19254985+3701028|4288.1|-0.197| 0.068|  5.560| 1.077|RGB     | 1.0236| 0.856| 0.044|23.435| 0.017| 1.631| 0.007| 9.38e-05| 0.008| 4.213| 0.231|Ageold, SeisUnc |  1|KCat|Sloan|Simbad|291.45771|+37.01744
291.6790833|+37.0721944| 1433593|19264298+3704199|4778.8| 0.157|-0.007| 68.174| 6.242|RGB     | 1.0286| 1.610| 0.039| 8.935| 0.014| 2.743| 0.007| 3.18e-03| 0.007| 3.353| 0.280|                |  1|KCat|Sloan|Simbad|291.67908|+37.07219
291.7091667|+37.0515000| 1433730|19265020+3703054|4727.2|-0.029|-0.004| 40.014| 4.076|RGB     | 1.0285| 1.763| 0.041|12.236| 0.015| 2.509| 0.007| 1.36e-03| 0.007| 3.155| 0.438|                |  1|KCat|Sloan|Simbad|291.70917|+37.05150
291.7257083|+37.0385278| 1433803|19265417+3702187|4725.7| 0.267|-0.006|150.192|12.160|RGB     | 1.0229| 1.202| 0.032| 5.216| 0.011| 3.083| 0.007| 1.20e-02| 0.007| 3.823| 0.072|                |  0|KCat|Sloan|Simbad|291.72571|+37.03853
292.1102500|+37.0935833| 1435573|19282646+3705369|4694.6| 0.085| 0.016| 26.022| 3.696|RC      | 1.0017| 0.789| 0.081|10.166| 0.025| 2.321| 0.010| 1.06e-03| 0.008| 4.034| 0.237|                |  1|KCat|Sloan|Simbad|292.11025|+37.09358
290.6216667|+37.1745833| 1569842|19222920+3710285|4799.7|-0.241| 0.116|134.403|11.765|RGB     | 1.0235| 1.004| 0.033| 5.020| 0.012| 3.038| 0.007| 1.12e-02| 0.007| 3.945| 0.000|                |  0|KCat|Sloan|Simbad|290.62167|+37.17458
291.0588750|+37.1953056| 1571780|19241413+3711431|4889.3| 0.220|-0.008| 47.828| 4.453|RC      | 1.0118| 2.372| 0.071|12.874| 0.020| 2.594| 0.009| 1.57e-03| 0.008| 2.878| 0.436|                |  0|KCat|Sloan|Simbad|291.05887|+37.19531
291.1496250|+37.1056667| 1572175|19243591+3706204|4725.1| 0.011|-0.007| 55.318| 5.367|RGB     | 1.0307| 1.535| 0.040| 9.712| 0.015| 2.649| 0.007| 2.36e-03| 0.007| 3.378| 0.372|                |  1|KCat|Sloan|Simbad|291.14962|+37.10567
291.2904583|+37.1385556| 1572780|19250971+3708188|4784.6|-0.513| 0.097| 18.388| 2.706|RGB     | 1.0454| 0.840| 0.043|12.419| 0.016| 2.174| 0.007| 6.18e-04| 0.008| 4.147| 0.340|Ageold          |  0|KCat|Sloan|Simbad|291.29046|+37.13856
291.9287083|+37.1537500| 1575886|19274289+3709135|5065.6|-0.033|-0.020| 99.237| 8.034|RC      | 0.9918| 2.286| 0.048| 8.696| 0.010| 2.918| 0.007| 4.90e-03| 0.008| 2.924| 0.314|                |  0|KCat|Sloan|Simbad|291.92871|+37.15375
291.9595417|+37.1068889| 1576043|19275029+3706248|4105.6| 0.094| 0.017|  5.295| 0.939|RGB     | 1.0432| 1.109| 0.044|27.636| 0.017| 1.600| 0.007| 7.41e-05| 0.008| 3.900| 0.498|                |  0|KCat|Sloan|Simbad|291.95954|+37.10689
292.0423750|+37.1123333| 1576469|19281017+3706444|5033.6| 0.115|-0.011| 89.500| 7.406|RC      | 1.0014| 2.213| 0.052| 9.024| 0.011| 2.872| 0.008| 4.25e-03| 0.008| 3.020| 0.128|                |  1|KCat|Sloan|Simbad|292.04237|+37.11233
290.5964167|+37.2058056| 1717618|19222314+3712209|4881.6| 0.080|-0.006|120.991| 9.677|RGB     | 1.0203| 1.662| 0.034| 6.778| 0.012| 2.996| 0.007| 7.53e-03| 0.007| 3.272| 0.161|                |  0|KCat|Sloan|Simbad|290.59642|+37.20581
291.0072083|+37.2667500| 1719297|19240173+3716003|4232.7|-0.020| 0.003|  7.213| 1.201|RGB     | 1.0441| 1.093| 0.044|23.328| 0.017| 1.741| 0.007| 1.21e-04| 0.008| 3.878| 0.458|SeisUnc         |  1|KCat|Sloan|Simbad|291.00721|+37.26675
291.0363333|+37.2070556| 1719422|19240872+3712254|4945.3|-0.243| 0.023|135.434|11.312|RGB     | 1.0207| 1.271| 0.033| 5.584| 0.012| 3.048| 0.007| 1.03e-02| 0.007| 3.584| 0.387|                |  0|KCat|Sloan|Simbad|291.03633|+37.20706
291.2470000|+37.2417778| 1720241|19245928+3714304|5045.5|-0.138| 0.021|217.968|16.254|RGB     | 1.0169| 1.300| 0.028| 4.430| 0.009| 3.259| 0.007| 2.11e-02| 0.006| 3.578| 0.611|SeisUnc         |  0|KCat|Sloan|Simbad|291.24700|+37.24178
291.2938333|+37.2638611| 1720425|19251052+3715499|4815.6|-0.159| 0.040| 28.408| 3.724|RC      | 0.9944| 1.066| 0.080|11.238| 0.024| 2.364| 0.010| 1.06e-03| 0.008| 3.702| 0.555|                |  1|KCat|Sloan|Simbad|291.29383|+37.26386
291.8584167|+37.2908611| 1723047|19272602+3717271|5005.8|-0.086|-0.017|143.314|11.451|RGB     | 1.0193| 1.468| 0.033| 5.817| 0.011| 3.075| 0.007| 1.05e-02| 0.007| 3.410| 0.304|                |  0|KCat|Sloan|Simbad|291.85842|+37.29086
292.0056667|+37.2998333| 1723752|19280136+3717594|4993.8|-0.120| 0.022|196.459|14.980|RGB     | 1.0173| 1.297| 0.029| 4.673| 0.010| 3.212| 0.007| 1.79e-02| 0.006| 3.582| 0.259|                |  0|KCat|Sloan|Simbad|292.00567|+37.29983
292.0187917|+37.2318889| 1723843|19280451+3713548|4943.5|-0.198| 0.036|110.874| 9.438|RGB     | 1.0224| 1.429| 0.035| 6.544| 0.012| 2.961| 0.007| 7.19e-03| 0.007| 3.421| 0.469|                |  0|KCat|Sloan|Simbad|292.01879|+37.23189
292.2940417|+37.2251667| 1725190|19291057+3713306|5111.3| 0.005|-0.032| 98.158| 7.875|RC      | 0.9930| 2.416| 0.048| 8.970| 0.010| 2.916| 0.007| 4.72e-03| 0.008| 2.834| 0.099|                |  0|KCat|Sloan|Simbad|292.29404|+37.22517
292.3645417|+37.2972500| 1725552|19292749+3717501|4325.8| 0.095|-0.006|  7.893| 1.214|RGB     | 1.0372| 1.455| 0.044|25.592| 0.017| 1.785| 0.007| 1.22e-04| 0.008| 3.495| 0.431|SeisUnc         |  1|KCat|Sloan|Simbad|292.36454|+37.29725
292.4024583|+37.2280556| 1725732|19293659+3713410|4077.3| 0.071| 0.029|  3.220| 0.677|RGB     | 1.0397| 0.928| 0.044|32.466| 0.017| 1.382| 0.007| 3.83e-05| 0.008| 4.161| 0.711|Ageold, SeisUnc |  1|KCat|Sloan|Simbad|292.40246|+37.22806
292.5044583|+37.2927778| 1726211|19300107+3717340|4943.5|-0.533| 0.258| 30.692| 3.738|RC      | 1.0054| 1.317| 0.079|11.941| 0.024| 2.403| 0.010| 1.09e-03| 0.008| 3.390| 0.269|                |  1|KCat|Sloan|Simbad|292.50446|+37.29278
292.5108333|+37.2551944| 1726245|19300260+3715187|4816.9| 0.136| 0.001| 47.322| 4.891|RC      | 0.9986| 1.627| 0.071|10.760| 0.020| 2.586| 0.009| 1.84e-03| 0.008| 3.274| 0.415|                |  0|KCat|Sloan|Simbad|292.51083|+37.25519
292.5213750|+37.2963889| 1726291|19300513+3717470|4817.5|-0.341| 0.189|149.522|12.890|RGB     | 1.0216| 0.972| 0.032| 4.678| 0.011| 3.086| 0.007| 1.34e-02| 0.007| 3.977| 0.309|                |  0|KCat|Sloan|Simbad|292.52137|+37.29639
290.4821667|+37.3724444| 1864183|19215572+3722208|4590.8| 0.200| 0.008| 54.094| 5.517|RGB     | 1.0360| 1.206| 0.040| 8.770| 0.015| 2.633| 0.007| 2.52e-03| 0.007| 3.808| 0.240|                |  1|KCat|Sloan|Simbad|290.48217|+37.37244
290.6366667|+37.3455833| 1864855|19223280+3720441|4895.2| 0.002|-0.003|125.044|10.446|RGB     | 1.0226| 1.345| 0.034| 5.993| 0.012| 3.011| 0.007| 8.81e-03| 0.007| 3.567| 0.307|                |  1|KCat|Sloan|Simbad|290.63667|+37.34558
290.7330833|+37.3773889| 1865262|19225594+3722386|4761.8|-0.254| 0.085| 53.084| 5.586|RGB     | 1.0349| 1.150| 0.040| 8.566| 0.015| 2.633| 0.007| 2.58e-03| 0.007| 3.738| 0.392|                |  0|KCat|Sloan|Simbad|290.73308|+37.37739
290.8125000|+37.3990556| 1865595|19231500+3723566|4359.9|-0.073| 0.034| 12.316| 1.804|RGB     | 1.0440| 1.119| 0.044|17.928| 0.016| 1.980| 0.007| 2.74e-04| 0.008| 3.846| 0.341|                |  0|KCat|Sloan|Simbad|290.81250|+37.39906
290.8477500|+37.3761667| 1865747|19232346+3722342|4756.0| 0.041|-0.008| 63.214| 6.121|RGB     | 1.0319| 1.361| 0.039| 8.542| 0.014| 2.709| 0.007| 3.08e-03| 0.007| 3.584| 0.277|                |  0|KCat|Sloan|Simbad|290.84775|+37.37617
291.3308333|+37.3111667| 1867706|19251940+3718402|4847.1| 0.177|-0.008|105.091| 8.750|RGB     | 1.0240| 1.589| 0.036| 7.123| 0.013| 2.934| 0.007| 6.20e-03| 0.007| 3.371| 0.625|                |  0|KCat|Sloan|Simbad|291.33083|+37.31117
291.4161250|+37.3672778| 1868101|19253987+3722022|4608.7| 0.322| 0.005| 31.807| 3.816|RC      | 1.0092| 1.197| 0.078|11.379| 0.023| 2.404| 0.010| 1.14e-03| 0.008| 3.681| 0.769|                |  0|KCat|Sloan|Simbad|291.41612|+37.36728
291.8805000|+37.3474722| 1870196|19273132+3720509|4878.1| 0.027| 0.019|189.075|14.990|RGB     | 1.0186| 1.108| 0.029| 4.427| 0.010| 3.190| 0.007| 1.80e-02| 0.006| 3.890| 0.328|                |  0|KCat|Sloan|Simbad|291.88050|+37.34747
291.9231250|+37.3351667| 1870433|19274155+3720066|5025.7| 0.027|-0.002|221.396|16.150|RGB     | 1.0169| 1.390| 0.028| 4.549| 0.009| 3.265| 0.007| 2.08e-02| 0.006| 3.539| 0.367|                |  0|KCat|Sloan|Simbad|291.92312|+37.33517
292.0995417|+37.3899722| 1871314|19282389+3723239|4552.7| 0.353| 0.033| 58.402| 5.696|RGB     | 1.0345| 1.327| 0.040| 8.870| 0.015| 2.665| 0.007| 2.68e-03| 0.007| 3.701| 0.410|                |  0|KCat|Sloan|Simbad|292.09954|+37.38997
294.7365417|+41.8581111| 6452242|19385677+4151292|4002.4| 0.039| 0.078|       |      |REJECT  |       |      |      |      |      |      |      |         |      |      |      |No Seis         |  0|KCat|Sloan|Simbad|294.73654|+41.85811
292.2333333|+37.3886667| 1871927|19285600+3723192|4650.7| 0.199| 0.020| 65.807| 6.437|RGB     | 1.0347| 1.201| 0.039| 7.906| 0.014| 2.721| 0.007| 3.43e-03| 0.007| 3.815| 0.422|                |  0|KCat|Sloan|Simbad|292.23333|+37.38867
292.2872500|+37.3174444| 1872166|19290894+3719028|4984.3| 0.086|-0.021| 77.082| 6.709|RC      | 0.9994| 2.085| 0.057| 9.461| 0.013| 2.805| 0.008| 3.47e-03| 0.008| 3.047| 0.378|                |  0|KCat|Sloan|Simbad|292.28725|+37.31744
292.3491250|+37.3043333| 1872469|19292379+3718156|4657.1| 0.145| 0.030| 56.645| 5.704|RGB     | 1.0348| 1.244| 0.040| 8.672| 0.015| 2.657| 0.007| 2.69e-03| 0.007| 3.751| 0.470|                |  0|KCat|Sloan|Simbad|292.34912|+37.30433
292.3576667|+37.3139722| 1872517|19292584+3718503|4556.6|-0.284| 0.169| 25.595| 3.271|RGB     | 1.0430| 0.995| 0.042|11.601| 0.016| 2.307| 0.007| 8.99e-04| 0.008| 3.960| 0.354|                |  0|KCat|Sloan|Simbad|292.35767|+37.31397
292.5796250|+37.3427500| 1873510|19301911+3720339|4999.6|-0.643| 0.197| 30.150| 3.828|RC      | 1.0000| 1.180| 0.079|11.371| 0.024| 2.398| 0.010| 1.13e-03| 0.008| 3.506| 0.443|                |  0|KCat|Sloan|Simbad|292.57962|+37.34275
286.0984583|+37.4846111| 1995358|19042363+3729046|4868.1|-0.295| 0.049| 24.016| 3.271|RC      | 1.0121| 1.023| 0.082|11.946| 0.025| 2.294| 0.010| 8.46e-04| 0.008| 3.710| 0.317|                |  0|KCat|Sloan|Simbad|286.09846|+37.48461
286.2502500|+37.4823056| 1995859|19050006+3728563|4932.1|-0.107| 0.017| 45.892| 4.771|RC      | 0.9957| 1.719| 0.072|11.165| 0.020| 2.578| 0.009| 1.74e-03| 0.008| 3.178| 0.266|                |  0|KCat|Sloan|Simbad|286.25025|+37.48231
286.3120417|+37.4858611| 1996078|19051489+3729091|4803.9|-0.056| 0.011| 82.874| 7.768|RGB     | 1.0296| 1.211| 0.037| 7.018| 0.014| 2.829| 0.007| 4.94e-03| 0.007| 3.724| 0.242|                |  0|KCat|Sloan|Simbad|286.31204|+37.48586
286.4137083|+37.4273056| 1996415|19053929+3725383|4733.4| 0.172| 0.050|125.427|10.760|RGB     | 1.0261| 1.131| 0.034| 5.534| 0.012| 3.005| 0.007| 9.41e-03| 0.007| 3.898| 0.311|                |  0|KCat|Sloan|Simbad|286.41371|+37.42731
290.3743333|+37.4230278| 2010137|19212984+3725229|4063.0| 0.418| 0.003|  6.369| 1.068|RGB     | 1.0457| 1.126| 0.044|25.460| 0.017| 1.678| 0.007| 9.63e-05| 0.008| 3.952| 0.458|SeisUnc         |  0|KCat|Sloan|Simbad|290.37433|+37.42303
290.6335833|+37.4910278| 2011145|19223206+3729277|4007.0|-0.273| 0.101|  2.088| 0.475|RGB     | 1.0325| 1.045| 0.045|42.976| 0.017| 1.191| 0.007| 1.86e-05| 0.008| 3.863| 0.279|                |  0|KCat|Sloan|Simbad|290.63358|+37.49103
290.7432917|+37.4820000| 2011582|19225839+3728552|4644.6| 0.410| 0.034| 39.173| 3.878|RC      | 1.0076| 2.134| 0.075|13.666| 0.022| 2.496| 0.010| 1.18e-03| 0.008| 3.084| 0.379|                |  0|KCat|Sloan|Simbad|290.74329|+37.48200
290.8189167|+37.4822222| 2011870|19231654+3728560|3976.9| 0.295| 0.033|  4.380| 0.770|RGB     | 1.0363| 1.358| 0.044|33.899| 0.017| 1.511| 0.007| 4.92e-05| 0.008| 3.651| 0.519|                |  0|KCat|Sloan|Simbad|290.81892|+37.48222
290.8248333|+37.4708611| 2011891|19231796+3728151|4680.5| 0.308| 0.004|112.944| 9.716|RGB     | 1.0275| 1.214| 0.035| 6.059| 0.012| 2.957| 0.007| 7.70e-03| 0.007| 3.819| 0.230|                |  0|KCat|Sloan|Simbad|290.82483|+37.47086
291.1910417|+37.4940278| 2013502|19244585+3729385|4896.6| 0.042|-0.017| 60.888| 5.722|RC      | 0.9986| 1.897| 0.065|10.201| 0.017| 2.699| 0.009| 2.52e-03| 0.008| 3.127| 0.519|                |  1|KCat|Sloan|Simbad|291.19104|+37.49403
291.4795417|+37.4464167| 2014684|19255509+3726471|4303.9|-0.260| 0.049|  5.977| 1.099|RGB     | 1.0482| 0.895| 0.044|23.094| 0.017| 1.663| 0.007| 1.03e-04| 0.008| 4.112| 0.569|                |  0|KCat|Sloan|Simbad|291.47954|+37.44642
291.7399167|+37.4676389| 2015820|19265758+3728035|4827.0| 0.037|-0.009| 45.097| 4.614|RC      | 0.9968| 1.797| 0.072|11.578| 0.020| 2.565| 0.009| 1.63e-03| 0.008| 3.179| 0.161|                |  0|KCat|Sloan|Simbad|291.73992|+37.46764
291.9381250|+37.4527778| 2016676|19274515+3727100|4984.2| 0.057| 0.000| 80.312| 6.921|RC      | 0.9977| 2.096| 0.056| 9.293| 0.013| 2.823| 0.008| 3.68e-03| 0.008| 3.035| 0.410|                |  0|KCat|Sloan|Simbad|291.93812|+37.45278
291.9444583|+37.4610556| 2016706|19274667+3727398|4795.9|-0.032|-0.009| 38.487| 4.323|RC      | 0.9998| 1.419| 0.075|11.152| 0.022| 2.495| 0.010| 1.44e-03| 0.008| 3.412| 0.311|                |  0|KCat|Sloan|Simbad|291.94446|+37.46106
291.9885417|+37.4219167| 2016978|19275725+3725189|4733.7| 0.072| 0.029| 75.363| 7.225|RGB     | 1.0324| 1.178| 0.038| 7.285| 0.014| 2.784| 0.007| 4.30e-03| 0.007| 3.804| 0.419|                |  0|KCat|Sloan|Simbad|291.98854|+37.42192
292.1157500|+37.4308333| 2017541|19282778+3725510|4208.9| 0.141| 0.020|  9.483| 1.439|RGB     | 1.0438| 1.197| 0.044|21.324| 0.017| 1.858| 0.007| 1.74e-04| 0.008| 3.803| 0.376|                |  0|KCat|Sloan|Simbad|292.11575|+37.43083
292.2874583|+37.4463056| 2018283|19290899+3726467|4798.5| 0.222|-0.006|137.630|11.164|RGB     | 1.0228| 1.333| 0.033| 5.715| 0.011| 3.049| 0.007| 1.01e-02| 0.007| 3.655| 0.444|                |  0|KCat|Sloan|Simbad|292.28746|+37.44631
292.3133333|+37.4908611| 2018392|19291520+3729271|4664.0|-0.082| 0.015| 33.451| 3.782|RGB     | 1.0359| 1.323| 0.042|11.632| 0.016| 2.428| 0.007| 1.18e-03| 0.007| 3.594| 0.407|                |  1|KCat|Sloan|Simbad|292.31333|+37.49086
292.3442500|+37.4689167| 2018537|19292262+3728081|4835.7| 0.256|-0.001|181.667|13.747|RGB     | 1.0192| 1.368| 0.030| 5.030| 0.010| 3.171| 0.007| 1.52e-02| 0.006| 3.622| 0.451|                |  0|KCat|Sloan|Simbad|292.34425|+37.46892
285.9347083|+37.5763333| 2140446|19034433+3734348|4549.9| 0.302| 0.014| 57.261| 5.676|RGB     | 1.0352| 1.264| 0.040| 8.745| 0.015| 2.656| 0.007| 2.67e-03| 0.007| 3.762| 0.265|                |  1|KCat|Sloan|Simbad|285.93471|+37.57633
286.2185000|+37.5207222| 2141255|19045244+3731146|4902.0|-0.194| 0.031|147.331|12.336|RGB     | 1.0208| 1.141| 0.032| 5.085| 0.011| 3.083| 0.007| 1.22e-02| 0.007| 3.772| 0.197|                |  0|KCat|Sloan|Simbad|286.21850|+37.52072
286.3301250|+37.5275556| 2141652|19051923+3731392|4939.0| 0.153|-0.003|       |      |REJECT  |       |      |      |      |      |      |      |         |      |      |      |No Seis         |  0|KCat|Sloan|Simbad|286.33012|+37.52756
286.4225833|+37.5239444| 2141928|19054142+3731262|4684.2| 0.167| 0.005| 34.301| 4.067|RC      | 1.0006| 1.233| 0.077|11.080| 0.023| 2.440| 0.010| 1.28e-03| 0.008| 3.617| 0.208|                |  1|KCat|Sloan|Simbad|286.42258|+37.52394
286.4233333|+37.5452778| 2141932|19054160+3732430|4399.6| 0.291| 0.025| 24.469| 3.001|RGB     | 1.0432| 1.163| 0.043|12.943| 0.016| 2.280| 0.007| 7.57e-04| 0.008| 3.887| 0.288|                |  0|KCat|Sloan|Simbad|286.42333|+37.54528
286.4777083|+37.5848056| 2142095|19055465+3735053|4877.3|-0.320| 0.041| 29.186| 3.713|RC(S)   | 1.0026| 1.153| 0.080|11.497| 0.024| 2.379| 0.010| 1.07e-03| 0.008| 3.576| 0.276|                |  1|KCat|Sloan|Simbad|286.47771|+37.58481
290.4477083|+37.5158889| 2155869|19214745+3730572|4740.7| 0.195|-0.005| 93.505| 8.134|RGB     | 1.0272| 1.432| 0.037| 7.209| 0.013| 2.878| 0.007| 5.39e-03| 0.007| 3.542| 0.281|                |  0|KCat|Sloan|Simbad|290.44771|+37.51589
290.5192500|+37.5254444| 2156178|19220462+3731316|4870.7|-0.494| 0.184| 28.743| 3.868|RC      | 0.9908| 0.978| 0.080|10.673| 0.024| 2.372| 0.010| 1.13e-03| 0.008| 3.729| 0.078|                |  0|KCat|Sloan|Simbad|290.51925|+37.52544
290.7360417|+37.5476944| 2157059|19225665+3732517|4401.9|-0.153| 0.149| 23.573| 3.003|RGB     | 1.0433| 1.038| 0.043|12.452| 0.016| 2.264| 0.007| 7.58e-04| 0.008| 3.928| 0.244|                |  0|KCat|Sloan|Simbad|290.73604|+37.54769
290.8643333|+37.5749444| 2157650|19232744+3734298|4832.1| 0.156|-0.006|138.603|11.338|RGB     | 1.0227| 1.293| 0.033| 5.601| 0.011| 3.053| 0.007| 1.04e-02| 0.007| 3.684| 0.351|                |  0|KCat|Sloan|Simbad|290.86433|+37.57494
290.9239167|+37.5883056| 2157901|19234174+3735179|4753.3|-0.117| 0.083| 29.559| 3.831|RC      | 0.9904| 1.067| 0.079|11.063| 0.024| 2.379| 0.010| 1.11e-03| 0.008| 3.700| 0.296|                |  0|KCat|Sloan|Simbad|290.92392|+37.58831
291.0523750|+37.5318056| 2158410|19241257+3731545|4943.3| 0.136|-0.009| 47.468| 4.290|RC(S)   | 1.0003| 2.865| 0.071|14.164| 0.020| 2.593| 0.009| 1.42e-03| 0.008| 2.672| 0.390|                |  0|KCat|Sloan|Simbad|291.05237|+37.53181
291.3801667|+37.5540000| 2159864|19253124+3733144|4910.8|-0.097| 0.000| 77.292| 6.965|RGB     | 1.0256| 1.595| 0.038| 8.296| 0.014| 2.803| 0.007| 3.94e-03| 0.007| 3.284| 0.489|                |  0|KCat|Sloan|Simbad|291.38017|+37.55400
291.5993750|+37.5396389| 2160901|19262385+3732227|4668.4| 0.241| 0.015| 58.706| 5.670|RGB     | 1.0328| 1.434| 0.040| 9.142| 0.015| 2.673| 0.007| 2.65e-03| 0.007| 3.554| 0.414|                |  0|KCat|Sloan|Simbad|291.59937|+37.53964
291.7002083|+37.5629722| 2161409|19264805+3733467|4814.9| 0.097|-0.002| 99.226| 8.596|RGB     | 1.0260| 1.411| 0.036| 6.919| 0.013| 2.907| 0.007| 6.01e-03| 0.007| 3.536| 0.713|                |  0|KCat|Sloan|Simbad|291.70021|+37.56297
291.7902917|+37.5218611| 2161831|19270967+3731187|4899.7|-0.271| 0.079|144.986|12.411|RGB     | 1.0213| 1.059| 0.032| 4.937| 0.011| 3.076| 0.007| 1.24e-02| 0.007| 3.863| 0.490|                |  0|KCat|Sloan|Simbad|291.79029|+37.52186
292.2269167|+37.5574444| 2163856|19285446+3733268|5069.2|-0.030| 0.056| 71.198| 6.096|RC(S)   | 0.9831| 2.641| 0.060|11.033| 0.015| 2.774| 0.008| 2.77e-03| 0.008| 2.760| 0.383|                |  0|KCat|Sloan|Simbad|292.22692|+37.55744
292.3101667|+37.5410833| 2164262|19291444+3732279|4685.7| 0.147| 0.005| 60.737| 5.981|RGB     | 1.0340| 1.285| 0.039| 8.497| 0.014| 2.688| 0.007| 2.95e-03| 0.007| 3.698| 0.449|                |  0|KCat|Sloan|Simbad|292.31017|+37.54108
292.3274167|+37.5887500| 2164327|19291858+3735195|4839.1| 0.103|-0.023| 45.293| 4.672|RC      | 0.9981| 1.729| 0.072|11.323| 0.020| 2.568| 0.009| 1.68e-03| 0.008| 3.221| 0.197|                |  0|KCat|Sloan|Simbad|292.32742|+37.58875
292.3364167|+37.5708056| 2164379|19292074+3734149|4662.1| 0.418| 0.042|121.145|10.279|RGB     | 1.0276| 1.189| 0.034| 5.795| 0.012| 2.987| 0.007| 8.61e-03| 0.007| 3.870| 0.417|                |  0|KCat|Sloan|Simbad|292.33642|+37.57081
292.4445000|+37.5545556| 2164874|19294668+3733164|4422.9| 0.223|-0.012| 13.003| 1.792|RGB     | 1.0400| 1.402| 0.044|19.461| 0.016| 2.006| 0.007| 2.68e-04| 0.008| 3.587| 0.419|SeisUnc         |  0|KCat|Sloan|Simbad|292.44450|+37.55456
292.5097500|+37.5940833| 2165198|19300234+3735387|4810.7| 0.167|-0.009| 88.528| 7.749|RGB     | 1.0268| 1.510| 0.037| 7.580| 0.013| 2.858| 0.007| 4.89e-03| 0.007| 3.452| 0.349|                |  0|KCat|Sloan|Simbad|292.50975|+37.59408
292.5687083|+37.5846667| 2165450|19301649+3735048|5030.2| 0.138| 0.006|103.874| 8.127|RC      | 0.9962| 2.434| 0.047| 8.786| 0.009| 2.937| 0.007| 5.06e-03| 0.008| 2.856| 0.269|                |  0|KCat|Sloan|Simbad|292.56871|+37.58467
292.6046667|+37.5123889| 2165615|19302512+3730446|5031.7|-0.686| 0.256| 37.607| 4.150|RC      | 0.9988| 1.682| 0.076|12.139| 0.022| 2.496| 0.010| 1.33e-03| 0.008| 3.101| 0.418|                |  0|KCat|Sloan|Simbad|292.60467|+37.51239
292.7395000|+37.5290000| 2166223|19305748+3731444|4785.8| 0.118| 0.000| 68.350| 6.489|RGB     | 1.0310| 1.380| 0.039| 8.258| 0.014| 2.744| 0.007| 3.46e-03| 0.007| 3.578| 0.467|                |  0|KCat|Sloan|Simbad|292.73950|+37.52900
292.9435417|+37.5340000| 2167183|19314645+3732024|3914.6| 0.024| 0.087|  2.586| 0.567|RGB     | 1.0398| 0.916| 0.044|36.368| 0.017| 1.278| 0.007| 2.68e-05| 0.008| 4.167| 0.412|Ageold          |  0|KCat|Sloan|Simbad|292.94354|+37.53400
293.0708750|+37.5235000| 2167774|19321701+3731246|4720.8| 0.081| 0.009| 60.536| 5.800|RGB     | 1.0311| 1.471| 0.039| 9.091| 0.014| 2.688| 0.007| 2.76e-03| 0.007| 3.470| 0.078|                |  0|KCat|Sloan|Simbad|293.07087|+37.52350
285.9360000|+37.6485278| 2282855|19034464+3738547|4498.4| 0.337| 0.029| 42.079| 4.384|RGB(S)  | 1.0362| 1.380| 0.041|10.691| 0.015| 2.520| 0.007| 1.59e-03| 0.007| 3.638| 0.379|                |  0|KCat|Sloan|Simbad|285.93600|+37.64853
286.0251667|+37.6645278| 2283093|19040604+3739523|4564.8| 0.145| 0.013| 12.252| 1.520|RGB     | 1.0189| 2.577| 0.044|26.969| 0.016| 1.987| 0.007| 1.85e-04| 0.008| 2.735| 0.298|                |  0|KCat|Sloan|Simbad|286.02517|+37.66453
286.2241667|+37.6897222| 2283721|19045380+3741230|4755.2|-0.192| 0.112| 80.057| 7.799|RGB     | 1.0318| 1.049| 0.038| 6.664| 0.014| 2.811| 0.007| 5.00e-03| 0.007| 3.914| 0.236|                |  0|KCat|Sloan|Simbad|286.22417|+37.68972
286.4160000|+37.6305556| 2284330|19053984+3737500|4854.5|-0.186| 0.027| 29.000| 3.671|RC      | 1.0098| 1.142| 0.080|11.490| 0.024| 2.375| 0.010| 1.06e-03| 0.008| 3.620| 0.316|                |  1|KCat|Sloan|Simbad|286.41600|+37.63056
286.5306667|+37.6694444| 2284679|19060736+3740100|4872.3|-0.448| 0.205|198.902|16.146|RGB     | 1.0168| 0.963| 0.028| 4.026| 0.010| 3.212| 0.007| 2.08e-02| 0.006| 3.955| 0.000|                |  0|KCat|Sloan|Simbad|286.53067|+37.66944
286.9166667|+37.6792500| 2285827|19074000+3740453|4750.1| 0.275| 0.027|167.773|13.238|RGB     | 1.0213| 1.210| 0.031| 4.944| 0.010| 3.132| 0.007| 1.41e-02| 0.006| 3.817| 0.239|                |  0|KCat|Sloan|Simbad|286.91667|+37.67925
286.9371250|+37.6960000| 2285898|19074491+3741456|4790.9|-0.141| 0.177| 24.894| 3.839|RC      | 0.9709| 0.693| 0.082| 9.697| 0.025| 2.306| 0.010| 1.07e-03| 0.008| 4.098| 0.166|                |  1|KCat|Sloan|Simbad|286.93712|+37.69600
290.1898750|+37.6641389| 2297384|19204557+3739509|4521.6| 0.484| 0.058| 31.719| 3.806|RC      | 1.0077| 1.172| 0.078|11.334| 0.023| 2.398| 0.010| 1.14e-03| 0.008| 3.711| 0.513|                |  0|KCat|Sloan|Simbad|290.18987|+37.66414
290.2619167|+37.6249167| 2297785|19210286+3737297|4930.7|-0.166| 0.047| 48.096| 4.647|RC      | 1.0041| 2.125| 0.071|12.127| 0.020| 2.598| 0.009| 1.68e-03| 0.008| 3.007| 0.318|                |  0|KCat|Sloan|Simbad|290.26192|+37.62492
290.2635833|+37.6886111| 2297793|19210326+3741190|4092.2|-0.175| 0.077|  4.094| 0.775|RGB     | 1.0375| 1.122| 0.044|31.636| 0.017| 1.488| 0.007| 4.99e-05| 0.008| 3.801| 0.424|                |  0|KCat|Sloan|Simbad|290.26358|+37.68861
290.2701250|+37.6843333| 2297825|19210483+3741036|4550.1| 0.431| 0.051| 30.974| 3.790|RC      | 1.0062| 1.127| 0.079|11.227| 0.024| 2.389| 0.010| 1.12e-03| 0.008| 3.750| 0.503|                |  0|KCat|Sloan|Simbad|290.27012|+37.68433
290.8537083|+37.6481667| 2300329|19232489+3738534|4359.4| 0.125| 0.012| 15.931| 2.193|RGB     | 1.0456| 1.100| 0.043|15.635| 0.016| 2.091| 0.007| 4.06e-04| 0.008| 3.925| 0.272|                |  0|KCat|Sloan|Simbad|290.85371|+37.64817
290.8906250|+37.6693333| 2300503|19233375+3740096|4404.3|-0.129| 0.039| 13.756| 1.947|RGB     | 1.0421| 1.174| 0.043|17.334| 0.016| 2.030| 0.007| 3.18e-04| 0.008| 3.739| 0.239|                |  0|KCat|Sloan|Simbad|290.89062|+37.66933
291.0919167|+37.6400278| 2301349|19242206+3738241|4603.0| 0.389|-0.007| 66.555| 6.321|RGB     | 1.0340| 1.319| 0.039| 8.263| 0.014| 2.724| 0.007| 3.30e-03| 0.007| 3.710| 0.449|                |  0|KCat|Sloan|Simbad|291.09192|+37.64003
291.4769167|+37.6725556| 2303101|19255446+3740212|4739.1| 0.244| 0.046|170.620|13.772|RGB     | 1.0218| 1.080| 0.030| 4.636| 0.010| 3.139| 0.007| 1.53e-02| 0.006| 3.988| 0.284|                |  1|KCat|Sloan|Simbad|291.47692|+37.67256
291.4955000|+37.6065833| 2303200|19255892+3736237|4634.8|-0.024| 0.001| 54.510| 5.677|RGB     | 1.0365| 1.114| 0.040| 8.377| 0.015| 2.639| 0.007| 2.67e-03| 0.007| 3.855| 0.260|                |  0|KCat|Sloan|Simbad|291.49550|+37.60658
291.5366667|+37.6733889| 2303367|19260880+3740242|4630.4| 0.170| 0.015| 33.844| 4.054|RC      | 1.0030| 1.168| 0.077|10.888| 0.023| 2.432| 0.010| 1.28e-03| 0.008| 3.676| 0.097|                |  1|KCat|Sloan|Simbad|291.53667|+37.67339
291.5471250|+37.6380833| 2303414|19261131+3738171|4780.7| 0.033|-0.019| 64.400| 6.269|RGB     | 1.0322| 1.317| 0.039| 8.312| 0.014| 2.718| 0.007| 3.23e-03| 0.007| 3.634| 0.391|                |  0|KCat|Sloan|Simbad|291.54712|+37.63808
291.6879583|+37.6254722| 2304104|19264511+3737317|4599.3| 0.367| 0.009| 34.963| 3.931|RC      | 1.0093| 1.406| 0.077|11.772| 0.023| 2.444| 0.010| 1.22e-03| 0.008| 3.496| 0.452|                |  0|KCat|Sloan|Simbad|291.68796|+37.62547
291.8461667|+37.6995000| 2304765|19272308+3741582|4311.2| 0.308|-0.002|  6.864| 1.026|RGB     | 1.0288| 1.928| 0.044|31.622| 0.017| 1.723| 0.007| 8.60e-05| 0.008| 3.136| 0.634|                |  1|KCat|Sloan|Simbad|291.84617|+37.69950
291.9388750|+37.6882222| 2305145|19274533+3741176|5063.8| 0.016|-0.009|106.113| 8.370|RC      | 0.9958| 2.333| 0.047| 8.497| 0.009| 2.947| 0.007| 5.36e-03| 0.008| 2.886| 0.587|                |  0|KCat|Sloan|Simbad|291.93887|+37.68822
291.9961667|+37.6911667| 2305407|19275908+3741282|5025.1|-0.095|-0.023|175.072|13.067|RGB     | 1.0169| 1.603| 0.030| 5.494| 0.010| 3.163| 0.007| 1.36e-02| 0.006| 3.266| 0.316|                |  0|KCat|Sloan|Simbad|291.99617|+37.69117
292.0120000|+37.6974167| 2305479|19280288+3741507|4628.7| 0.294| 0.003| 79.018| 7.426|RGB     | 1.0333| 1.172| 0.038| 7.136| 0.014| 2.800| 0.007| 4.55e-03| 0.007| 3.875| 0.377|                |  0|KCat|Sloan|Simbad|292.01200|+37.69742
292.0367500|+37.6105833| 2305590|19280882+3736381|4603.8|-0.296| 0.235| 48.957| 5.314|RGB     | 1.0382| 1.035| 0.040| 8.531| 0.015| 2.591| 0.007| 2.35e-03| 0.007| 3.902| 0.246|                |  0|KCat|Sloan|Simbad|292.03675|+37.61058
292.1067917|+37.6897778| 2305930|19282563+3741232|4858.6|-0.435| 0.165| 28.624| 3.923|RC      | 0.9965| 0.889| 0.080|10.204| 0.024| 2.369| 0.010| 1.18e-03| 0.008| 3.834| 0.331|                |  1|KCat|Sloan|Simbad|292.10679|+37.68978
292.1178333|+37.6854722| 2305987|19282828+3741077|4659.1| 0.137| 0.062| 53.054| 5.502|RGB     | 1.0365| 1.173| 0.040| 8.702| 0.015| 2.628| 0.007| 2.51e-03| 0.007| 3.837| 0.539|                |  0|KCat|Sloan|Simbad|292.11783|+37.68547
292.1189583|+37.6658889| 2305992|19282855+3739572|4757.0| 0.081| 0.019|100.209| 8.894|RGB     | 1.0276| 1.237| 0.036| 6.467| 0.013| 2.909| 0.007| 6.45e-03| 0.007| 3.729| 0.282|                |  0|KCat|Sloan|Simbad|292.11896|+37.66589
292.2189167|+37.6419722| 2306481|19285254+3738311|4935.2|-0.245| 0.063| 36.163| 4.221|RC      | 0.9988| 1.357| 0.076|11.173| 0.022| 2.474| 0.010| 1.37e-03| 0.008| 3.411| 0.489|                |  0|KCat|Sloan|Simbad|292.21892|+37.64197
292.4835833|+37.6820833| 2307683|19295606+3740555|4750.2|-0.156| 0.014| 39.710| 4.303|RGB     | 1.0344| 1.365| 0.041|10.795| 0.015| 2.507| 0.007| 1.53e-03| 0.007| 3.519| 0.343|                |  1|KCat|Sloan|Simbad|292.48358|+37.68208
292.6409583|+37.6522500| 2308429|19303383+3739081|4900.5| 0.068| 0.010|       |      |REJECT  |       |      |      |      |      |      |      |         |      |      |      |No Seis         |  0|KCat|Sloan|Simbad|292.64096|+37.65225
292.8700000|+37.6441944| 2309469|19312880+3738391|4613.2| 0.187| 0.016| 27.953| 3.533|RC      | 1.0029| 1.136| 0.080|11.822| 0.024| 2.348| 0.010| 9.69e-04| 0.008| 3.708| 0.347|                |  1|KCat|Sloan|Simbad|292.87000|+37.64419
292.8840000|+37.6433611| 2309524|19313216+3738361|3938.9| 0.223| 0.032|  3.862| 0.724|RGB     | 1.0402| 1.157| 0.044|33.402| 0.017| 1.454| 0.007| 4.38e-05| 0.008| 3.870| 0.547|                |  0|KCat|Sloan|Simbad|292.88400|+37.64336
292.8910833|+37.6699722| 2309550|19313386+3740119|4883.3|-0.007|-0.030| 50.159| 5.026|RC      | 0.9989| 1.772| 0.070|10.868| 0.019| 2.614| 0.009| 1.95e-03| 0.008| 3.170| 0.030|                |  0|KCat|Sloan|Simbad|292.89108|+37.66997
293.0257500|+37.6958056| 2310129|19320618+3741449|4843.8| 0.167|-0.003| 51.857| 5.094|RC      | 0.9988| 1.834| 0.069|10.896| 0.019| 2.627| 0.009| 2.00e-03| 0.008| 3.183| 0.302|                |  0|KCat|Sloan|Simbad|293.02575|+37.69581
285.8875417|+37.7217500| 2422073|19033301+3743183|4489.0| 0.093| 0.010| 26.439| 3.253|RGB     | 1.0426| 1.098| 0.042|12.037| 0.016| 2.318| 0.007| 8.88e-04| 0.008| 3.921| 0.230|                |  1|KCat|Sloan|Simbad|285.88754|+37.72175
286.0527083|+37.7253056| 2422558|19041265+3743311|4740.0| 0.317| 0.029|109.901| 9.343|RGB     | 1.0268| 1.337| 0.035| 6.426| 0.012| 2.948| 0.007| 7.11e-03| 0.007| 3.676| 0.372|                |  0|KCat|Sloan|Simbad|286.05271|+37.72531
286.0732500|+37.7239167| 2422635|19041758+3743261|4843.7| 0.009| 0.006|109.649| 9.376|RGB     | 1.0243| 1.366| 0.035| 6.467| 0.012| 2.952| 0.007| 7.12e-03| 0.007| 3.549| 0.171|                |  1|KCat|Sloan|Simbad|286.07325|+37.72392
286.2484167|+37.7856111| 2423153|19045962+3747082|4754.6| 0.211| 0.077|233.900|17.445|RGB     | 1.0170| 1.107| 0.028| 4.005| 0.009| 3.277| 0.007| 2.43e-02| 0.006| 3.940| 0.049|                |  0|KCat|Sloan|Simbad|286.24842|+37.78561
286.4621667|+37.7597500| 2423824|19055092+3745351|4958.1|-0.316| 0.110| 22.374| 2.714|RGB     | 1.0314| 1.666| 0.043|15.718| 0.016| 2.267| 0.007| 6.05e-04| 0.008| 3.168| 0.202|                |  1|KCat|Sloan|Simbad|286.46217|+37.75975
286.4987500|+37.7784722| 2423932|19055970+3746425|4284.3| 0.340| 0.033| 18.570| 2.351|RGB     | 1.0420| 1.304| 0.043|15.836| 0.016| 2.154| 0.007| 4.63e-04| 0.008| 3.725| 0.239|                |  0|KCat|Sloan|Simbad|286.49875|+37.77847
286.8132083|+37.7459722| 2424822|19071517+3744455|4812.4| 0.055|-0.014| 93.870| 8.082|RGB     | 1.0254| 1.531| 0.037| 7.411| 0.013| 2.883| 0.007| 5.30e-03| 0.007| 3.401| 0.240|                |  1|KCat|Sloan|Simbad|286.81321|+37.74597
286.8457917|+37.7852222| 2424934|19072299+3747068|4853.3|-0.107| 0.041| 33.508| 3.936|RC      | 0.9936| 1.421| 0.078|11.928| 0.023| 2.438| 0.010| 1.18e-03| 0.008| 3.388| 0.260|                |  1|KCat|Sloan|Simbad|286.84579|+37.78522
286.8550833|+37.7794167| 2424955|19072522+3746459|4680.3|-0.023| 0.020| 51.414| 5.383|RGB     | 1.0356| 1.178| 0.040| 8.847| 0.015| 2.616| 0.007| 2.40e-03| 0.007| 3.771| 0.211|                |  0|KCat|Sloan|Simbad|286.85508|+37.77942
287.0737917|+37.7629722| 2425631|19081771+3745467|4556.6|-0.052| 0.005| 20.827| 2.567|RGB     | 1.0366| 1.449| 0.043|15.520| 0.016| 2.217| 0.007| 5.47e-04| 0.008| 3.464| 0.241|                |  1|KCat|Sloan|Simbad|287.07379|+37.76297
290.0822083|+37.7819167| 2435987|19201973+3746549|4434.2| 0.383| 0.051| 38.168| 4.211|RGB     | 1.0406| 1.164| 0.041|10.343| 0.015| 2.474| 0.007| 1.48e-03| 0.007| 3.904| 0.515|                |  1|KCat|Sloan|Simbad|290.08221|+37.78192
290.1195833|+37.7213611| 2436209|19202870+3743169|4498.4| 0.428| 0.051| 57.089| 5.736|RGB     | 1.0378| 1.169| 0.040| 8.446| 0.015| 2.652| 0.007| 2.74e-03| 0.007| 3.901| 0.404|                |  0|KCat|Sloan|Simbad|290.11958|+37.72136
290.1452083|+37.7749444| 2436417|19203485+3746298|4487.5| 0.418| 0.057| 27.241| 3.435|RC      | 0.9931| 1.173| 0.081|12.255| 0.025| 2.331| 0.010| 8.98e-04| 0.008| 3.710| 0.422|                |  0|KCat|Sloan|Simbad|290.14521|+37.77494
290.1576667|+37.7569167| 2436540|19203784+3745249|4492.1| 0.409| 0.026| 58.423| 5.803|RGB     | 1.0368| 1.198| 0.040| 8.455| 0.015| 2.662| 0.007| 2.80e-03| 0.007| 3.859| 0.408|                |  0|KCat|Sloan|Simbad|290.15767|+37.75692
290.1709167|+37.7173611| 2436688|19204102+3743025|4537.7| 0.425| 0.029| 76.017| 7.208|REJECT  |       |      |      |      |      |      |      |         |      |      | 0.418|No Seis         |  1|KCat|Sloan|Simbad|290.17092|+37.71736
290.1882083|+37.7427500| 2436900|19204517+3744339|4403.2| 0.399| 0.057| 35.688| 4.055|RGB     | 1.0427| 1.086| 0.042|10.352| 0.015| 2.444| 0.007| 1.38e-03| 0.007| 4.010| 0.404|                |  0|KCat|Sloan|Simbad|290.18821|+37.74275
290.1985417|+37.7922778| 2437040|19204765+3747322|4301.9| 0.432| 0.037| 25.507| 3.067|RGB     | 1.0440| 1.165| 0.042|12.756| 0.016| 2.293| 0.007| 7.92e-04| 0.008| 3.907| 0.354|                |  0|KCat|Sloan|Simbad|290.19854|+37.79228
290.2084583|+37.7911667| 2437191|19205003+3747282|4748.0| 0.156| 0.025|132.008|11.031|RGB     | 1.0243| 1.207| 0.033| 5.568| 0.012| 3.028| 0.007| 9.86e-03| 0.007| 3.790| 0.314|                |  0|KCat|Sloan|Simbad|290.20846|+37.79117
290.2191250|+37.7411389| 2437340|19205259+3744281|4061.3| 0.423| 0.045|  8.464| 1.360|RGB     | 1.0504| 0.985| 0.044|20.658| 0.017| 1.801| 0.007| 1.58e-04| 0.008| 4.157| 0.497|Ageold          |  0|KCat|Sloan|Simbad|290.21912|+37.74114
290.2202917|+37.7591944| 2437353|19205287+3745331|4537.3| 0.408| 0.042| 31.489| 3.826|RC      | 1.0067| 1.134| 0.079|11.175| 0.024| 2.396| 0.010| 1.14e-03| 0.008| 3.743| 0.411|                |  0|KCat|Sloan|Simbad|290.22029|+37.75919
290.2295833|+37.7878333| 2437496|19205510+3747162|3917.5| 0.400| 0.006|  4.500| 0.846|RGB     | 1.0442| 0.959| 0.044|28.212| 0.017| 1.519| 0.007| 6.03e-05| 0.008| 4.188| 0.489|Ageold, SeisUnc |  0|KCat|Sloan|Simbad|290.22958|+37.78783
290.2304167|+37.7208889| 2437507|19205530+3743152|4270.6| 0.453| 0.061| 20.522| 2.603|RGB     | 1.0453| 1.150| 0.043|14.158| 0.016| 2.197| 0.007| 5.72e-04| 0.008| 3.927| 0.414|                |  0|KCat|Sloan|Simbad|290.23042|+37.72089
290.2345417|+37.7426111| 2437564|19205629+3744334|4521.1| 0.444| 0.053| 32.220| 3.853|RC      | 1.0075| 1.171| 0.078|11.239| 0.023| 2.405| 0.010| 1.16e-03| 0.008| 3.711| 0.426|                |  0|KCat|Sloan|Simbad|290.23454|+37.74261
290.2442500|+37.7945556| 2437692|19205862+3747404|4814.3| 0.212|-0.016| 45.957| 4.800|RC      | 0.9984| 1.607| 0.072|10.852| 0.020| 2.573| 0.009| 1.77e-03| 0.008| 3.303| 0.313|                |  0|KCat|Sloan|Simbad|290.24425|+37.79456
290.2535833|+37.7594167| 2437804|19210086+3745339|4509.7| 0.458| 0.038| 27.166| 3.301|RC      | 0.9998| 1.337| 0.081|13.087| 0.025| 2.330| 0.010| 8.41e-04| 0.008| 3.564| 0.505|SeisUnc         |  0|KCat|Sloan|Simbad|290.25358|+37.75942
290.2546667|+37.7037222| 2437816|19210112+3742134|4249.1| 0.422| 0.048| 18.157| 2.366|RGB     | 1.0458| 1.156| 0.043|15.105| 0.016| 2.143| 0.007| 4.73e-04| 0.008| 3.918| 0.433|                |  0|KCat|Sloan|Simbad|290.25467|+37.70372
290.2677500|+37.7885278| 2437965|19210426+3747187|4134.0| 0.417| 0.008|  7.617| 1.325|RGB     | 1.0254| 0.901| 0.044|20.729| 0.017| 1.759| 0.007| 1.42e-04| 0.008| 4.227| 0.461|Ageold, SeisUnc |  1|KCat|Sloan|Simbad|290.26775|+37.78853
290.2762083|+37.7498889| 2438051|19210629+3744596|4502.3| 0.425| 0.015| 30.817| 3.668|RC      | 0.9982| 1.287| 0.079|12.059| 0.024| 2.385| 0.010| 1.03e-03| 0.008| 3.609| 0.310|                |  1|KCat|Sloan|Simbad|290.27621|+37.74989
290.3041667|+37.7168056| 2438333|19211300+3743005|4522.4| 0.430| 0.027| 60.838| 6.092|RGB     | 1.0377| 1.121| 0.039| 8.002| 0.014| 2.681| 0.007| 3.09e-03| 0.007| 3.964| 0.413|                |  1|KCat|Sloan|Simbad|290.30417|+37.71681
290.3089583|+37.7827222| 2438368|19211415+3746578|4848.8| 0.393| 0.002| 84.156| 7.002|RC      | 1.0033| 2.160| 0.054| 9.280| 0.012| 2.837| 0.008| 3.81e-03| 0.008| 3.056| 0.347|                |  0|KCat|Sloan|Simbad|290.30896|+37.78272
290.4724583|+37.7177500| 2439233|19215339+3743039|4174.2|-0.304| 0.057|  2.999| 0.607|RGB     | 1.0250| 1.270| 0.044|39.136| 0.017| 1.357| 0.007| 2.99e-05| 0.008| 3.560| 0.377|SeisUnc         |  0|KCat|Sloan|Simbad|290.47246|+37.71775
291.1395833|+37.7012500| 2441995|19243350+3742045|4831.0|-0.397| 0.180| 29.768| 4.190|RC      | 0.9878| 0.789| 0.079| 9.442| 0.024| 2.385| 0.010| 1.32e-03| 0.008| 3.953| 0.204|                |  0|KCat|Sloan|Simbad|291.13958|+37.70125
291.2548750|+37.7149167| 2442483|19250117+3742537|4673.7|-0.142| 0.118| 99.523| 9.224|RGB     | 1.0292| 1.014| 0.036| 5.900| 0.013| 2.902| 0.007| 6.96e-03| 0.007| 3.964| 0.202|                |  0|KCat|Sloan|Simbad|291.25487|+37.71492
291.2717083|+37.7981389| 2442559|19250521+3747533|4954.7|-0.096| 0.040| 42.245| 4.567|RC      | 0.9963| 1.603| 0.073|11.225| 0.021| 2.543| 0.010| 1.60e-03| 0.008| 3.246| 0.390|                |  0|KCat|Sloan|Simbad|291.27171|+37.79814
291.4950417|+37.7052500| 2443573|19255881+3742189|4720.9| 0.032| 0.007| 45.311| 4.647|RGB     | 1.0330| 1.485| 0.041|10.559| 0.015| 2.563| 0.007| 1.78e-03| 0.007| 3.455| 0.310|                |  0|KCat|Sloan|Simbad|291.49504|+37.70525
291.5705833|+37.7646389| 2443903|19261694+3745527|4787.1|-0.540| 0.231| 66.276| 6.977|RGB     | 1.0345| 0.929| 0.039| 6.880| 0.014| 2.731| 0.007| 4.02e-03| 0.007| 4.000| 0.155|                |  0|KCat|Sloan|Simbad|291.57058|+37.76464
291.6047917|+37.7805000| 2444062|19262515+3746498|5006.8|-0.159| 0.045| 55.746| 4.994|RC      | 0.9767| 2.835| 0.067|12.960| 0.018| 2.665| 0.009| 1.84e-03| 0.008| 2.635| 0.318|                |  0|KCat|Sloan|Simbad|291.60479|+37.78050
291.6687083|+37.7040556| 2444348|19264049+3742146|4551.8| 0.157| 0.005| 30.150| 3.263|RGB     | 1.0326| 1.708| 0.042|14.007| 0.016| 2.378| 0.007| 8.76e-04| 0.008| 3.269| 0.206|                |  1|KCat|Sloan|Simbad|291.66871|+37.70406
291.7681667|+37.7767778| 2444790|19270436+3746364|4730.3|-0.468| 0.210| 18.931| 2.880|RGB     | 1.0205| 0.774| 0.043|11.782| 0.016| 2.184| 0.007| 6.67e-04| 0.008| 4.233| 0.318|Ageold          |  0|KCat|Sloan|Simbad|291.76817|+37.77678
291.9095417|+37.7486667| 2445426|19273829+3744552|4865.1| 0.053|-0.011|113.422| 9.489|RGB     | 1.0235| 1.455| 0.035| 6.556| 0.012| 2.968| 0.007| 7.28e-03| 0.007| 3.477| 0.240|                |  0|KCat|Sloan|Simbad|291.90954|+37.74867
292.1062083|+37.7733333| 2446327|19282549+3746240|4600.9| 0.079| 0.066| 53.817| 5.568|RGB     | 1.0364| 1.147| 0.040| 8.568| 0.015| 2.632| 0.007| 2.57e-03| 0.007| 3.854| 0.408|                |  0|KCat|Sloan|Simbad|292.10621|+37.77333
292.2495000|+37.7551944| 2447046|19285988+3745187|4915.1| 0.086|-0.011|170.822|13.181|RGB     | 1.0188| 1.381| 0.030| 5.191| 0.010| 3.148| 0.007| 1.39e-02| 0.006| 3.557| 0.283|                |  0|KCat|Sloan|Simbad|292.24950|+37.75519
292.3327500|+37.7047222| 2447476|19291986+3742170|4704.5| 0.315| 0.001| 89.091| 7.855|RGB     | 1.0290| 1.398| 0.037| 7.311| 0.013| 2.855| 0.007| 5.04e-03| 0.007| 3.607| 0.413|                |  0|KCat|Sloan|Simbad|292.33275|+37.70472
292.3428750|+37.7813889| 2447529|19292229+3746530|5030.4| 0.137|-0.031|107.842| 8.397|RC      | 0.9978| 2.374| 0.047| 8.517| 0.009| 2.953| 0.007| 5.42e-03| 0.008| 2.883| 0.318|                |  0|KCat|Sloan|Simbad|292.34287|+37.78139
292.3582083|+37.7332500| 2447604|19292597+3743597|4933.1| 0.182| 0.001| 54.695| 4.987|RC      | 1.0077| 2.323| 0.068|11.888| 0.018| 2.654| 0.009| 1.95e-03| 0.008| 2.927| 0.316|                |  0|KCat|Sloan|Simbad|292.35821|+37.73325
292.4967500|+37.7842222| 2448225|19295922+3747032|4671.7| 0.257|-0.011| 36.089| 3.959|RC      | 1.0124| 1.521| 0.076|12.002| 0.022| 2.461| 0.010| 1.24e-03| 0.008| 3.389| 0.300|                |  1|KCat|Sloan|Simbad|292.49675|+37.78422
292.5981250|+37.7622222| 2448679|19302355+3745440|4840.2|-0.022| 0.026| 38.593| 4.304|RC      | 0.9977| 1.489| 0.075|11.384| 0.022| 2.498| 0.010| 1.42e-03| 0.008| 3.350| 0.381|                |  0|KCat|Sloan|Simbad|292.59812|+37.76222
292.6824167|+37.7523889| 2449020|19304378+3745086|5017.7| 0.046|-0.016| 67.374| 6.062|RC      | 1.0043| 2.069| 0.062|10.065| 0.015| 2.748| 0.008| 2.86e-03| 0.008| 3.061| 0.301|                |  0|KCat|Sloan|Simbad|292.68242|+37.75239
292.7505833|+37.7025278| 2449327|19310014+3742091|4617.6| 0.070| 0.051| 26.374| 3.532|RC      | 0.9979| 0.975| 0.081|11.275| 0.025| 2.323| 0.010| 9.59e-04| 0.008| 3.842| 0.376|                |  0|KCat|Sloan|Simbad|292.75058|+37.70253
292.7987083|+37.7651667| 2449518|19311169+3745546|5040.5| 0.234|-0.020| 86.482| 7.230|RC      | 1.0019| 2.198| 0.053| 9.147| 0.012| 2.858| 0.008| 4.05e-03| 0.008| 3.038| 0.515|                |  0|KCat|Sloan|Simbad|292.79871|+37.76517
292.8069167|+37.7641667| 2449558|19311366+3745510|4895.6| 0.023| 0.011| 90.148| 7.545|RGB     | 1.0188| 1.880| 0.037| 8.345| 0.013| 2.869| 0.007| 4.56e-03| 0.007| 3.100| 0.492|                |  0|KCat|Sloan|Simbad|292.80692|+37.76417
292.8401250|+37.7310833| 2449703|19312163+3743519|4644.6| 0.077| 0.119| 32.096| 3.977|RC      | 1.0014| 1.088| 0.078|10.782| 0.023| 2.409| 0.010| 1.23e-03| 0.008| 3.729| 0.236|                |  1|KCat|Sloan|Simbad|292.84012|+37.73108
293.2432083|+37.7025278| 2451509|19325837+3742091|4891.8|-0.034|-0.005| 81.599| 7.153|RGB     | 1.0238| 1.689| 0.038| 8.317| 0.014| 2.826| 0.007| 4.14e-03| 0.007| 3.223| 0.080|                |  0|KCat|Sloan|Simbad|293.24321|+37.70253
286.0514167|+37.8144722| 2554924|19041234+3748521|4638.2| 0.273| 0.018| 34.613| 3.989|RC      | 1.0046| 1.329| 0.077|11.476| 0.023| 2.442| 0.010| 1.24e-03| 0.008| 3.555| 0.227|                |  1|KCat|Sloan|Simbad|286.05142|+37.81447
286.4615833|+37.8582778| 2556252|19055078+3751298|4398.2|-0.156| 0.165| 17.042| 2.393|RGB     | 1.0468| 0.958| 0.043|14.075| 0.016| 2.123| 0.007| 4.84e-04| 0.008| 4.050| 0.232|                |  0|KCat|Sloan|Simbad|286.46158|+37.85828
286.5893750|+37.8342500| 2556640|19062145+3750033|4880.0|-0.142| 0.038| 39.793| 4.433|RC      | 1.0049| 1.427| 0.075|10.950| 0.022| 2.513| 0.010| 1.53e-03| 0.008| 3.380| 0.238|                |  0|KCat|Sloan|Simbad|286.58937|+37.83425
287.0020833|+37.8973889| 2557942|19080050+3753506|4814.8|-0.143| 0.063| 31.967| 4.019|RC      | 0.9988| 1.099| 0.078|10.759| 0.023| 2.415| 0.010| 1.24e-03| 0.008| 3.674| 0.269|                |  0|KCat|Sloan|Simbad|287.00208|+37.89739
287.2851250|+37.8838333| 2558794|19090843+3753018|4785.5|-0.021| 0.049| 34.927| 4.114|RC      | 0.9939| 1.320| 0.077|11.298| 0.023| 2.453| 0.010| 1.29e-03| 0.008| 3.494| 0.384|                |  0|KCat|Sloan|Simbad|287.28512|+37.88383
290.0259167|+37.8945278| 2568563|19200622+3753403|4745.1| 0.314|-0.010| 54.407| 5.198|RC      | 1.0046| 1.851| 0.068|10.742| 0.018| 2.643| 0.009| 2.10e-03| 0.008| 3.202| 0.435|                |  0|KCat|Sloan|Simbad|290.02592|+37.89453
290.0465833|+37.8300556| 2568654|19201118+3749482|4303.2| 0.173| 0.042| 14.811| 2.084|RGB     | 1.0471| 1.058| 0.043|15.948| 0.016| 2.057| 0.007| 3.68e-04| 0.008| 4.004| 0.350|                |  0|KCat|Sloan|Simbad|290.04658|+37.83006
290.0935000|+37.8615000| 2568888|19202244+3751414|4378.3|-0.005|-0.002| 17.816| 2.159|RGB(S)  | 1.0325| 1.734| 0.043|18.538| 0.016| 2.141| 0.007| 3.84e-04| 0.008| 3.199| 0.657|                |  0|KCat|Sloan|Simbad|290.09350|+37.86150
290.0975417|+37.8230833| 2568912|19202341+3749231|4719.0|-0.088| 0.159|129.138|11.298|RGB     | 1.0254| 1.013| 0.034| 5.166| 0.012| 3.017| 0.007| 1.04e-02| 0.007| 4.000| 0.282|                |  1|KCat|Sloan|Simbad|290.09754|+37.82308
290.1252083|+37.8386389| 2569055|19203005+3750191|4527.6| 0.419| 0.047| 30.359| 3.725|RC      | 1.0060| 1.130| 0.079|11.371| 0.024| 2.380| 0.010| 1.08e-03| 0.008| 3.749| 0.573|                |  1|KCat|Sloan|Simbad|290.12521|+37.83864
290.1288333|+37.8125000| 2569078|19203092+3748450|4420.2| 0.225| 0.043| 23.719| 2.922|RGB     | 1.0424| 1.191| 0.043|13.284| 0.016| 2.267| 0.007| 7.16e-04| 0.008| 3.836| 0.512|                |  0|KCat|Sloan|Simbad|290.12883|+37.81250
290.1385833|+37.8367500| 2569137|19203326+3750123|4306.2|-0.866| 0.225|  4.405| 0.833|RGB     | 1.0306| 1.162| 0.044|30.652| 0.017| 1.530| 0.007| 5.69e-05| 0.008| 3.573| 0.364|                |  0|KCat|Sloan|Simbad|290.13858|+37.83675
290.1639167|+37.8013333| 2569360|19203934+3748048|4304.2| 0.384| 0.041| 21.516| 2.747|RGB     | 1.0463| 1.078| 0.043|13.359| 0.016| 2.219| 0.007| 6.38e-04| 0.008| 4.020| 0.424|                |  0|KCat|Sloan|Simbad|290.16392|+37.80133
290.1926667|+37.8195833| 2569618|19204624+3749105|4479.9| 0.402| 0.048| 56.096| 5.658|RGB     | 1.0378| 1.164| 0.040| 8.510| 0.015| 2.644| 0.007| 2.66e-03| 0.007| 3.903| 0.344|                |  1|KCat|Sloan|Simbad|290.19267|+37.81958
290.1949583|+37.8371389| 2569639|19204679+3750137|      |      |      |       |      |REJECT  |       |      |      |      |      |      |      |         |      |      |      |No Seis         |  0|KCat|Sloan|Simbad|290.19496|+37.83714
290.2224167|+37.8078333| 2569935|19205338+3748282|4026.6| 0.447| 0.020|  5.110| 0.987|RGB     | 1.0161| 0.883| 0.044|25.219| 0.017| 1.580| 0.007| 7.77e-05| 0.008| 4.229| 0.424|Ageold, SeisUnc |  0|KCat|Sloan|Simbad|290.22242|+37.80783
290.2236667|+37.8398889| 2569945|19205368+3750236|4547.7| 0.451| 0.056| 30.757| 3.774|RC      | 1.0053| 1.126| 0.079|11.262| 0.024| 2.386| 0.010| 1.11e-03| 0.008| 3.754| 0.419|                |  1|KCat|Sloan|Simbad|290.22367|+37.83989
290.2482500|+37.8030000| 2570172|19205958+3748108|4536.9| 0.444| 0.019| 74.486| 7.021|RGB     | 1.0350| 1.184| 0.038| 7.427| 0.014| 2.770| 0.007| 4.08e-03| 0.007| 3.880| 0.372|                |  0|KCat|Sloan|Simbad|290.24825|+37.80300
290.2521667|+37.8385556| 2570214|19210052+3750188|4498.4| 0.377| 0.024| 28.725| 3.614|RC      | 1.0093| 1.056| 0.080|11.315| 0.024| 2.354| 0.010| 1.03e-03| 0.008| 3.815| 0.317|                |  1|KCat|Sloan|Simbad|290.25217|+37.83856
290.2751667|+37.8680278| 2570384|19210604+3752049|4553.3| 0.387| 0.072| 55.722| 5.872|RGB(S)  | 1.0391| 1.003| 0.040| 7.895| 0.015| 2.645| 0.007| 2.87e-03| 0.007| 4.132| 0.476|SeisUnc         |  0|KCat|Sloan|Simbad|290.27517|+37.86803
290.2919583|+37.8335556| 2570518|19211007+3750008|4497.0| 0.375| 0.075| 45.952| 4.939|RGB     | 1.0399| 1.099| 0.041| 9.130| 0.015| 2.558| 0.007| 2.04e-03| 0.007| 3.988| 0.471|                |  0|KCat|Sloan|Simbad|290.29196|+37.83356
290.3213750|+37.8010833| 2570715|19211713+3748039|4691.5|-0.177| 0.183| 27.645| 3.395|RC      | 1.0063| 1.303| 0.080|12.682| 0.024| 2.347| 0.010| 9.01e-04| 0.008| 3.480| 0.274|                |  1|KCat|Sloan|Simbad|290.32137|+37.80108
290.6175417|+37.8733889| 2572089|19222821+3752242|4863.3| 0.111|-0.002| 42.233| 4.274|RC      | 1.0028| 1.979| 0.073|12.532| 0.021| 2.539| 0.010| 1.42e-03| 0.008| 3.101| 0.219|                |  0|KCat|Sloan|Simbad|290.61754|+37.87339
290.8571250|+37.8759722| 2573092|19232571+3752335|4715.9| 0.081| 0.013| 37.245| 4.077|RC      | 0.9959| 1.610| 0.076|12.127| 0.022| 2.477| 0.010| 1.27e-03| 0.008| 3.289| 0.277|SeisUnc         |  0|KCat|Sloan|Simbad|290.85712|+37.87597
291.2952500|+37.8986111| 2575024|19251086+3753550|4711.6|-0.038| 0.151| 32.694| 3.913|RC      | 0.9992| 1.265| 0.078|11.476| 0.023| 2.420| 0.010| 1.18e-03| 0.008| 3.539| 0.237|                |  0|KCat|Sloan|Simbad|291.29525|+37.89861
291.5850833|+37.8298889| 2576417|19262042+3749476|4528.5| 0.263| 0.067| 58.401| 5.930|RGB     | 1.0372| 1.109| 0.040| 8.120| 0.015| 2.664| 0.007| 2.92e-03| 0.007| 3.956| 0.311|                |  0|KCat|Sloan|Simbad|291.58508|+37.82989
291.9517917|+37.8924167| 2578198|19274843+3753327|4797.9|-0.082| 0.025| 67.450| 6.539|RGB     | 1.0313| 1.289| 0.039| 8.030| 0.014| 2.739| 0.007| 3.51e-03| 0.007| 3.632| 0.282|                |  0|KCat|Sloan|Simbad|291.95179|+37.89242
292.0324167|+37.8352222| 2578581|19280778+3750068|4991.5|-0.132| 0.056|208.665|15.885|RGB     | 1.0170| 1.230| 0.028| 4.415| 0.009| 3.238| 0.007| 2.02e-02| 0.006| 3.659| 0.281|                |  0|KCat|Sloan|Simbad|292.03242|+37.83522
292.1557500|+37.8485556| 2579142|19283738+3750548|4071.5| 0.007| 0.110|  5.354| 0.941|RGB     | 1.0423| 1.128| 0.044|27.778| 0.017| 1.603| 0.007| 7.43e-05| 0.008| 3.861| 0.368|SeisUnc         |  1|KCat|Sloan|Simbad|292.15575|+37.84856
292.2687917|+37.8929167| 2579661|19290451+3753345|4935.7|-0.051| 0.031|138.388|11.165|RGB     | 1.0204| 1.426| 0.033| 5.854| 0.011| 3.057| 0.007| 1.00e-02| 0.007| 3.475| 0.368|                |  1|KCat|Sloan|Simbad|292.26879|+37.89292
292.4921250|+37.8067778| 2580691|19295811+3748244|4567.7| 0.135| 0.025| 55.719| 5.795|RGB     | 1.0378| 1.067| 0.040| 8.136| 0.015| 2.645| 0.007| 2.79e-03| 0.007| 3.983| 0.322|                |  0|KCat|Sloan|Simbad|292.49212|+37.80678
292.6856250|+37.8837500| 2581533|19304455+3753015|4684.1| 0.147| 0.013| 54.352| 5.406|RGB     | 1.0338| 1.379| 0.040| 9.307| 0.015| 2.640| 0.007| 2.41e-03| 0.007| 3.593| 0.453|                |  0|KCat|Sloan|Simbad|292.68562|+37.88375
293.0827500|+37.8593333| 2583386|19321986+3751336|4741.6| 0.328|-0.006| 72.755| 6.372|RGB     | 1.0261| 1.799| 0.038| 9.160| 0.014| 2.769| 0.007| 3.30e-03| 0.007| 3.230| 0.315|                |  0|KCat|Sloan|Simbad|293.08275|+37.85933
293.1927917|+37.8569167| 2583884|19324627+3751249|4950.8| 0.037|-0.024| 57.290| 5.510|RC      | 1.0002| 1.856| 0.066|10.373| 0.018| 2.675| 0.009| 2.34e-03| 0.008| 3.147| 0.303|                |  0|KCat|Sloan|Simbad|293.19279|+37.85692
293.3214583|+37.8220000| 2584477|19331715+3749192|4781.7| 0.179| 0.033|112.329| 9.765|RGB     | 1.0269| 1.212| 0.035| 6.038| 0.012| 2.960| 0.007| 7.76e-03| 0.007| 3.793| 0.467|                |  0|KCat|Sloan|Simbad|293.32146|+37.82200
293.3215000|+37.8998056| 2584478|19331716+3753593|4862.9| 0.123|-0.021|179.586|13.958|RGB     | 1.0191| 1.254| 0.030| 4.838| 0.010| 3.167| 0.007| 1.56e-02| 0.006| 3.715| 0.320|                |  0|KCat|Sloan|Simbad|293.32150|+37.89981
285.9575833|+37.9295278| 2693261|19034982+3755463|4692.0| 0.203|-0.004| 33.977| 3.897|RC(S)   | 1.0042| 1.405| 0.077|11.877| 0.023| 2.436| 0.010| 1.18e-03| 0.008| 3.473| 0.235|                |  1|KCat|Sloan|Simbad|285.95758|+37.92953
286.1865833|+37.9556667| 2693967|19044478+3757204|5096.4|-0.091| 0.042| 85.423| 7.073|RC      | 0.9879| 2.488| 0.054| 9.763| 0.012| 2.855| 0.008| 3.77e-03| 0.008| 2.789| 0.313|                |  0|KCat|Sloan|Simbad|286.18658|+37.95567
286.5804583|+37.9448333| 2695267|19061931+3756414|4798.9|-0.281| 0.200| 29.573| 3.988|RC      | 0.9927| 0.915| 0.079|10.219| 0.024| 2.381| 0.010| 1.21e-03| 0.008| 3.840| 0.088|                |  1|KCat|Sloan|Simbad|286.58046|+37.94483
286.8162917|+37.9418333| 2695975|19071591+3756306|4373.3|-0.024| 0.061| 10.284| 1.541|RGB     | 1.0414| 1.239| 0.044|20.635| 0.017| 1.902| 0.007| 1.99e-04| 0.008| 3.690| 0.316|                |  1|KCat|Sloan|Simbad|286.81629|+37.94183
286.8690417|+37.9521667| 2696115|19072857+3757078|4488.6| 0.253| 0.011| 20.403| 2.327|RGB     | 1.0298| 2.027| 0.043|18.614| 0.016| 2.205| 0.007| 4.43e-04| 0.008| 3.056| 0.409|                |  1|KCat|Sloan|Simbad|286.86904|+37.95217
287.0330000|+37.9683056| 2696628|19080792+3758059|4257.2| 0.120| 0.011| 10.144| 1.547|RGB     | 1.0459| 1.105| 0.044|19.754| 0.017| 1.890| 0.007| 2.02e-04| 0.008| 3.914| 0.241|                |  1|KCat|Sloan|Simbad|287.03300|+37.96831
287.0668750|+37.9514444| 2696732|19081605+3757052|4818.3|-0.090| 0.028| 90.619| 8.328|RGB     | 1.0282| 1.210| 0.037| 6.706| 0.013| 2.868| 0.007| 5.66e-03| 0.007| 3.720| 0.196|                |  1|KCat|Sloan|Simbad|287.06687|+37.95144
287.0693750|+37.9178611| 2696739|19081665+3755043|4949.8|-0.300| 0.034|192.793|15.117|RGB     | 1.0173| 1.167| 0.029| 4.483| 0.010| 3.202| 0.007| 1.83e-02| 0.006| 3.695| 0.090|                |  0|KCat|Sloan|Simbad|287.06937|+37.91786
287.1750417|+37.9388611| 2697082|19084201+3756199|4821.0| 0.125| 0.020| 31.517| 3.340|RC      | 1.0080| 2.134| 0.079|15.094| 0.024| 2.410| 0.010| 8.75e-04| 0.008| 3.049| 0.244|                |  1|KCat|Sloan|Simbad|287.17504|+37.93886
287.3182083|+37.9010278| 2697501|19091637+3754037|4853.9| 0.257| 0.000| 50.389| 4.842|RC      | 1.0057| 2.011| 0.070|11.571| 0.019| 2.615| 0.009| 1.83e-03| 0.008| 3.118| 0.423|                |  1|KCat|Sloan|Simbad|287.31821|+37.90103
290.7107917|+37.9288333| 2709877|19225059+3755438|4381.5| 0.043| 0.047|  8.180| 1.438|RGB     | 1.0247| 0.881| 0.044|19.502| 0.017| 1.803| 0.007| 1.68e-04| 0.008| 4.232| 0.341|Ageold          |  0|KCat|Sloan|Simbad|290.71079|+37.92883
290.7402500|+37.9350833| 2710002|19225766+3756063|3959.1| 0.427| 0.062|  5.519| 0.965|RGB     | 1.0477| 1.049| 0.044|26.573| 0.017| 1.610| 0.007| 7.89e-05| 0.008| 4.060| 0.457|                |  0|KCat|Sloan|Simbad|290.74025|+37.93508
290.7912917|+37.9290833| 2710194|19230991+3755447|4535.0| 0.169| 0.073| 59.015| 6.005|RGB     | 1.0368| 1.092| 0.040| 8.013| 0.014| 2.669| 0.007| 2.99e-03| 0.007| 3.958| 0.244|                |  0|KCat|Sloan|Simbad|290.79129|+37.92908
290.8578333|+37.9250833| 2710472|19232588+3755303|4730.9|-0.029| 0.006| 45.573| 4.668|RGB     | 1.0330| 1.489| 0.041|10.536| 0.015| 2.566| 0.007| 1.80e-03| 0.007| 3.420| 0.349|                |  0|KCat|Sloan|Simbad|290.85783|+37.92508
291.0881250|+37.9705833| 2711432|19242115+3758141|4354.4| 0.116|-0.001|  9.711| 1.546|RGB     | 1.0484| 0.997| 0.044|19.072| 0.017| 1.876| 0.007| 2.03e-04| 0.008| 4.072| 0.234|                |  0|KCat|Sloan|Simbad|291.08812|+37.97058
291.0980417|+37.9971111| 2711477|19242353+3759496|4657.6|-0.143| 0.048| 14.110| 2.145|RGB     | 1.0489| 0.912| 0.043|14.875| 0.016| 2.053| 0.007| 3.91e-04| 0.008| 4.124| 0.370|                |  0|KCat|Sloan|Simbad|291.09804|+37.99711
291.3746667|+37.9877500| 2712761|19252992+3759159|4626.4|-0.061| 0.030| 58.677| 6.010|RGB     | 1.0362| 1.105| 0.040| 8.044| 0.015| 2.670| 0.007| 2.99e-03| 0.007| 3.866| 0.209|                |  0|KCat|Sloan|Simbad|291.37467|+37.98775
291.4941667|+37.9625556| 2713305|19255860+3757452|4536.3| 0.362| 0.020| 56.234| 5.602|RGB     | 1.0361| 1.251| 0.040| 8.786| 0.015| 2.648| 0.007| 2.60e-03| 0.007| 3.788| 0.271|                |  0|KCat|Sloan|Simbad|291.49417|+37.96256
291.6617083|+37.9793056| 2714090|19263881+3758455|4876.6| 0.145| 0.005| 51.820| 5.092|RC      | 1.0013| 1.833| 0.069|10.881| 0.019| 2.628| 0.009| 2.01e-03| 0.008| 3.180| 0.319|                |  0|KCat|Sloan|Simbad|291.66171|+37.97931
291.7287917|+37.9416667| 2714397|19265491+3756300|4852.2|-0.414| 0.219| 32.997| 4.189|RC      | 0.9934| 1.058| 0.078|10.373| 0.023| 2.431| 0.010| 1.34e-03| 0.008| 3.651| 0.151|                |  1|KCat|Sloan|Simbad|291.72879|+37.94167
291.8222917|+37.9230278| 2714785|19271735+3755229|4708.6|-0.128| 0.171|115.784|10.393|RGB     | 1.0272| 1.009| 0.035| 5.448| 0.012| 2.969| 0.007| 8.80e-03| 0.007| 4.003| 0.089|                |  0|KCat|Sloan|Simbad|291.82229|+37.92303
292.2167917|+37.9002778| 2716608|19285203+3754010|5077.8|-0.051| 0.009| 67.336| 5.774|RC      | 0.9830| 2.783| 0.062|11.642| 0.015| 2.750| 0.008| 2.49e-03| 0.008| 2.671| 0.258|                |  0|KCat|Sloan|Simbad|292.21679|+37.90028
292.7660833|+37.9978889| 2719113|19310386+3759524|4582.7| 0.249| 0.039| 32.636| 3.989|RC      | 1.0024| 1.103| 0.078|10.802| 0.023| 2.414| 0.010| 1.23e-03| 0.008| 3.749| 0.300|                |  0|KCat|Sloan|Simbad|292.76608|+37.99789
292.9114583|+37.9728889| 2719795|19313875+3758224|4645.7| 0.071| 0.011| 53.559| 5.493|RGB     | 1.0353| 1.216| 0.040| 8.824| 0.015| 2.632| 0.007| 2.50e-03| 0.007| 3.756| 0.238|                |  0|KCat|Sloan|Simbad|292.91146|+37.97289
292.9790417|+37.9109167| 2720096|19315497+3754393|4909.5| 0.070|-0.002|109.108| 9.100|RGB     | 1.0231| 1.555| 0.035| 6.894| 0.012| 2.953| 0.007| 6.69e-03| 0.007| 3.377| 0.468|                |  0|KCat|Sloan|Simbad|292.97904|+37.91092
293.1297083|+37.9777500| 2720777|19323113+3758399|4979.0| 0.065| 0.004|130.638|10.501|RGB     | 1.0208| 1.551| 0.034| 6.271| 0.012| 3.034| 0.007| 8.87e-03| 0.007| 3.377| 0.565|                |  0|KCat|Sloan|Simbad|293.12971|+37.97775
285.7416667|+38.0290556| 2831788|19025800+3801446|4617.1| 0.130|-0.007| 53.991| 5.479|RGB     | 1.0348| 1.250| 0.040| 8.921| 0.015| 2.634| 0.007| 2.48e-03| 0.007| 3.733| 0.101|                |  1|KCat|Sloan|Simbad|285.74167|+38.02906
285.7481667|+38.0346944| 2831815|19025956+3802049|4589.4|-0.185| 0.164| 52.218| 5.622|RGB     | 1.0383| 0.997| 0.040| 8.115| 0.015| 2.618| 0.007| 2.63e-03| 0.007| 3.999| 0.189|                |  0|KCat|Sloan|Simbad|285.74817|+38.03469
285.9555417|+38.0033056| 2832426|19034933+3800119|4736.1|-0.049| 0.013| 47.175| 4.824|RGB     | 1.0332| 1.449| 0.041|10.214| 0.015| 2.581| 0.007| 1.92e-03| 0.007| 3.460| 0.346|                |  1|KCat|Sloan|Simbad|285.95554|+38.00331
286.5000000|+38.0611944| 2834230|19060000+3803403|5104.0|-0.063| 0.007| 86.950| 7.056|RC(S)   | 0.9908| 2.624| 0.053| 9.935| 0.012| 2.863| 0.008| 3.77e-03| 0.008| 2.721| 0.198|                |  1|KCat|Sloan|Simbad|286.50000|+38.06119
286.7873333|+38.0555833| 2835067|19070896+3803201|4854.8|-0.182| 0.054| 81.552| 7.609|RGB     | 1.0282| 1.280| 0.038| 7.256| 0.014| 2.824| 0.007| 4.73e-03| 0.007| 3.611| 0.269|                |  0|KCat|Sloan|Simbad|286.78733|+38.05558
286.8573333|+38.0783056| 2835283|19072576+3804419|4657.4|-0.356| 0.171| 44.369| 5.029|RGB     | 1.0389| 0.974| 0.041| 8.672| 0.015| 2.551| 0.007| 2.11e-03| 0.007| 3.960| 0.149|                |  0|KCat|Sloan|Simbad|286.85733|+38.07831
286.9846250|+38.0711111| 2835657|19075631+3804160|4899.2|-0.186| 0.024| 85.770| 7.803|RGB     | 1.0263| 1.375| 0.037| 7.316| 0.013| 2.848| 0.007| 4.95e-03| 0.007| 3.495| 0.236|                |  0|KCat|Sloan|Simbad|286.98462|+38.07111
287.0032083|+38.0660833| 2835720|19080077+3803579|4707.4|-0.024|-0.013| 58.729| 6.004|RGB     | 1.0355| 1.145| 0.040| 8.148| 0.015| 2.675| 0.007| 2.98e-03| 0.007| 3.811| 0.241|                |  1|KCat|Sloan|Simbad|287.00321|+38.06608
287.1027917|+38.0996667| 2836038|19082467+3805588|4634.3| 0.300| 0.034| 37.342| 4.211|RC      | 1.0033| 1.348| 0.076|11.130| 0.022| 2.475| 0.010| 1.38e-03| 0.008| 3.537| 0.260|                |  1|KCat|Sloan|Simbad|287.10279|+38.09967
287.4918750|+38.0222500| 2837276|19095805+3801201|4589.7| 0.258| 0.003| 56.455| 5.732|RGB     | 1.0363| 1.175| 0.040| 8.472| 0.015| 2.652| 0.007| 2.72e-03| 0.007| 3.863| 0.343|                |  0|KCat|Sloan|Simbad|287.49187|+38.02225
289.8106250|+38.0884722| 2845408|19191455+3805185|5044.0| 0.123|-0.006| 77.231| 6.297|RC(S)   | 0.9900| 2.857| 0.057|11.033| 0.013| 2.809| 0.008| 3.00e-03| 0.008| 2.646| 0.299|                |  0|KCat|Sloan|Simbad|289.81062|+38.08847
289.9707083|+38.0019167| 2846051|19195297+3800069|4295.7| 0.015| 0.008|  6.753| 1.093|RGB     | 1.0367| 1.374| 0.044|26.932| 0.017| 1.715| 0.007| 9.91e-05| 0.008| 3.558| 0.570|                |  0|KCat|Sloan|Simbad|289.97071|+38.00192
290.1160833|+38.0115278| 2846659|19202786+3800415|4725.0|-0.234| 0.174| 99.619| 9.318|RGB     | 1.0292| 0.992| 0.036| 5.819| 0.013| 2.905| 0.007| 7.10e-03| 0.007| 3.986| 0.314|                |  0|KCat|Sloan|Simbad|290.11608|+38.01153
290.1892917|+38.0218611| 2846944|19204543+3801187|4268.8|-0.292| 0.166|  8.183| 1.408|RGB     | 1.0386| 0.874| 0.044|19.543| 0.017| 1.797| 0.007| 1.65e-04| 0.008| 4.150| 0.497|Ageold          |  0|KCat|Sloan|Simbad|290.18929|+38.02186
290.2311667|+38.0106944| 2847114|19205548+3800385|4314.2| 0.136| 0.016|  7.952| 1.335|RGB     | 1.0497| 0.966| 0.044|20.789| 0.017| 1.787| 0.007| 1.52e-04| 0.008| 4.131| 0.772|SeisUnc         |  0|KCat|Sloan|Simbad|290.23117|+38.01069
290.4174583|+38.0442778| 2847821|19214019+3802394|4776.8|-0.360| 0.252| 27.508| 3.737|RC      | 1.0003| 0.920| 0.080|10.635| 0.024| 2.348| 0.010| 1.08e-03| 0.008| 3.818| 0.581|                |  0|KCat|Sloan|Simbad|290.41746|+38.04428
290.4592917|+38.0724167| 2847978|19215023+3804207|4424.7|-0.130| 0.059|  8.770| 1.485|RGB     | 1.0433| 0.902| 0.044|19.008| 0.017| 1.835| 0.007| 1.85e-04| 0.008| 4.138| 0.470|                |  1|KCat|Sloan|Simbad|290.45929|+38.07242
290.6688333|+38.0337222| 2848887|19224052+3802014|4660.6| 0.186|-0.001| 44.177| 4.583|RGB     | 1.0344| 1.420| 0.041|10.488| 0.015| 2.549| 0.007| 1.74e-03| 0.007| 3.551| 0.441|                |  0|KCat|Sloan|Simbad|290.66883|+38.03372
290.8162917|+38.0239444| 2849476|19231591+3801262|4580.1|-0.313| 0.184| 17.319| 2.214|RGB     | 1.0345| 1.531| 0.043|17.469| 0.016| 2.138| 0.007| 4.05e-04| 0.008| 3.322| 0.330|                |  0|KCat|Sloan|Simbad|290.81629|+38.02394
290.9271250|+38.0436944| 2850010|19234251+3802373|4817.9|-0.268| 0.146| 53.786| 5.303|RGB     | 1.0292| 1.533| 0.040| 9.794| 0.015| 2.641| 0.007| 2.30e-03| 0.007| 3.315| 0.298|                |  0|KCat|Sloan|Simbad|290.92712|+38.04369
291.0375000|+38.0205833| 2850480|19240900+3801141|4534.7| 0.338|-0.015| 55.350| 5.620|RGB     | 1.0374| 1.172| 0.040| 8.571| 0.015| 2.641| 0.007| 2.62e-03| 0.007| 3.883| 0.336|                |  0|KCat|Sloan|Simbad|291.03750|+38.02058
291.8393750|+38.0031389| 2854297|19272145+3800113|4677.6|-0.095| 0.139| 30.148| 3.925|RC      | 0.9972| 0.976| 0.079|10.519| 0.024| 2.384| 0.010| 1.18e-03| 0.008| 3.804| 0.231|                |  1|KCat|Sloan|Simbad|291.83937|+38.00314
292.2542917|+38.0638056| 2856328|19290103+3803497|4695.1| 0.170| 0.014| 71.580| 6.701|RGB     | 1.0313| 1.352| 0.038| 8.027| 0.014| 2.760| 0.007| 3.69e-03| 0.007| 3.624| 0.373|                |  0|KCat|Sloan|Simbad|292.25429|+38.06381
292.3518333|+38.0188056| 2856795|19292444+3801077|4999.0| 0.145|-0.016| 95.056| 7.741|RC      | 0.9988| 2.221| 0.050| 8.788| 0.010| 2.897| 0.007| 4.62e-03| 0.008| 3.015| 0.298|                |  0|KCat|Sloan|Simbad|292.35183|+38.01881
292.6997083|+38.0132778| 2858440|19304793+3800478|4807.8| 0.210|-0.019| 46.896| 4.784|RC      | 0.9963| 1.742| 0.071|11.188| 0.020| 2.582| 0.009| 1.75e-03| 0.008| 3.240| 0.358|                |  0|KCat|Sloan|Simbad|292.69971|+38.01328
293.0406250|+38.0045833| 2860010|19320975+3800165|5013.6| 0.093|-0.016| 78.513| 6.829|RC      | 0.9989| 2.074| 0.057| 9.337| 0.013| 2.814| 0.008| 3.59e-03| 0.008| 3.044| 0.370|                |  0|KCat|Sloan|Simbad|293.04062|+38.00458
293.1947500|+38.0717778| 2860746|19324674+3804184|4346.1|-0.211| 0.166| 12.368| 1.837|RGB     | 1.0457| 1.041| 0.044|17.275| 0.016| 1.981| 0.007| 2.85e-04| 0.008| 3.922| 0.399|                |  0|KCat|Sloan|Simbad|293.19475|+38.07178
285.9783333|+38.1928889| 2970396|19035480+3811344|4641.2| 0.042| 0.110| 30.201| 3.850|RC      | 1.0015| 1.030| 0.079|10.814| 0.024| 2.383| 0.010| 1.15e-03| 0.008| 3.785| 0.203|                |  1|KCat|Sloan|Simbad|285.97833|+38.19289
286.0382917|+38.1697778| 2970584|19040919+3810112|4609.7|-0.066| 0.151| 62.498| 6.401|RGB     | 1.0367| 1.030| 0.039| 7.532| 0.014| 2.697| 0.007| 3.40e-03| 0.007| 3.975| 0.052|                |  0|KCat|Sloan|Simbad|286.03829|+38.16978
286.3185000|+38.1073333| 2971432|19051644+3806264|4886.6| 0.193| 0.003|182.185|13.650|RGB     | 1.0184| 1.446| 0.030| 5.151| 0.010| 3.174| 0.007| 1.49e-02| 0.006| 3.519| 0.275|                |  0|KCat|Sloan|Simbad|286.31850|+38.10733
286.6987083|+38.1635278| 2972545|19064769+3809487|4922.4| 0.048|-0.010|133.139|10.739|RGB     | 1.0212| 1.473| 0.033| 6.071| 0.012| 3.040| 0.007| 9.29e-03| 0.007| 3.457| 0.196|                |  0|KCat|Sloan|Simbad|286.69871|+38.16353
286.8092500|+38.1104167| 2972876|19071422+3806375|4917.4| 0.203| 0.022| 96.609| 7.818|RC(S)   | 0.9982| 2.192| 0.049| 8.696| 0.010| 2.900| 0.007| 4.70e-03| 0.008| 3.008| 0.192|                |  0|KCat|Sloan|Simbad|286.80925|+38.11042
286.9326250|+38.1721667| 2973238|19074383+3810198|4607.1| 0.353| 0.010| 54.347| 5.045|RGB(S)  | 1.0290| 1.807| 0.040|10.698| 0.015| 2.636| 0.007| 2.08e-03| 0.007| 3.226| 0.245|                |  0|KCat|Sloan|Simbad|286.93262|+38.17217
287.1486250|+38.1202778| 2973894|19083567+3807130|4935.2|-0.712| 0.271| 28.074| 3.991|RC      | 0.9808| 0.854| 0.080|10.061| 0.024| 2.364| 0.010| 1.18e-03| 0.008| 3.835| 0.152|                |  1|KCat|Sloan|Simbad|287.14862|+38.12028
287.7178333|+38.1419167| 2975717|19105228+3808309|4418.2| 0.069| 0.114| 27.580| 3.414|RGB     | 1.0446| 0.996| 0.042|11.270| 0.016| 2.333| 0.007| 9.82e-04| 0.008| 4.073| 0.134|                |  1|KCat|Sloan|Simbad|287.71783|+38.14192
290.1012500|+38.1614444| 2984102|19202430+3809412|5047.2| 0.069| 0.007| 66.161| 5.566|RC      | 1.0000| 2.829| 0.062|11.859| 0.016| 2.742| 0.009| 2.39e-03| 0.008| 2.605| 0.259|                |  0|KCat|Sloan|Simbad|290.10125|+38.16144
290.1647083|+38.1716944| 2984382|19203953+3810181|5019.2|-0.232| 0.025|210.307|15.494|RGB     | 1.0172| 1.402| 0.028| 4.688| 0.009| 3.243| 0.007| 1.92e-02| 0.006| 3.432| 0.301|                |  0|KCat|Sloan|Simbad|290.16471|+38.17169
290.8552083|+38.1539722| 2987113|19232525+3809143|4548.7| 0.378| 0.041| 33.255| 3.813|RC      | 1.0076| 1.354| 0.078|11.879| 0.023| 2.420| 0.010| 1.14e-03| 0.008| 3.544| 0.239|                |  0|KCat|Sloan|Simbad|290.85521|+38.15397
291.1370417|+38.1318056| 2988295|19243289+3807545|4953.9|-0.109| 0.012|214.533|16.896|RGB     | 1.0168| 1.033| 0.028| 3.999| 0.009| 3.248| 0.007| 2.28e-02| 0.006| 3.934| 0.227|                |  0|KCat|Sloan|Simbad|291.13704|+38.13181
291.2078333|+38.1250000| 2988638|19244988+3807300|4979.2| 0.130|-0.013| 91.088| 7.432|RC      | 1.0048| 2.232| 0.051| 9.009| 0.011| 2.877| 0.008| 4.31e-03| 0.008| 3.017| 0.242|                |  1|KCat|Sloan|Simbad|291.20783|+38.12500
291.2884583|+38.1397222| 2988988|19250923+3808230|4719.6| 0.199|-0.017| 38.368| 4.281|RC      | 0.9984| 1.435| 0.075|11.278| 0.022| 2.490| 0.010| 1.41e-03| 0.008| 3.447| 0.203|                |  1|KCat|Sloan|Simbad|291.28846|+38.13972
291.7120833|+38.1593333| 2990932|19265090+3809336|4813.0| 0.325|-0.020|178.871|13.260|RGB     | 1.0189| 1.499| 0.030| 5.314| 0.010| 3.163| 0.007| 1.41e-02| 0.006| 3.489| 0.229|                |  0|KCat|Sloan|Simbad|291.71208|+38.15933
292.0221250|+38.1040833| 2992350|19280531+3806147|4871.6|-0.132| 0.022| 44.925| 4.719|RC      | 0.9967| 1.647| 0.072|11.077| 0.020| 2.566| 0.009| 1.71e-03| 0.008| 3.215| 0.098|                |  0|KCat|Sloan|Simbad|292.02212|+38.10408
292.3705833|+38.1455000| 2993958|19292894+3808438|4806.3| 0.152|-0.014| 46.090| 4.708|RC      | 1.0028| 1.718| 0.072|11.207| 0.020| 2.574| 0.009| 1.72e-03| 0.008| 3.239| 0.367|                |  1|KCat|Sloan|Simbad|292.37058|+38.14550
292.4868333|+38.1523056| 2994493|19295684+3809083|4017.3| 0.150| 0.006|  3.794| 0.750|RGB     | 1.0414| 0.976| 0.044|30.789| 0.017| 1.450| 0.007| 4.71e-05| 0.008| 4.110| 0.456|                |  1|KCat|Sloan|Simbad|292.48683|+38.15231
292.6287917|+38.1619167| 2995130|19303091+3809429|4854.9| 0.011|-0.006| 46.823| 4.458|RGB(S)  | 1.0194| 2.129| 0.041|12.348| 0.015| 2.583| 0.007| 1.60e-03| 0.007| 2.931| 0.315|                |  0|KCat|Sloan|Simbad|292.62879|+38.16192
292.6440417|+38.1798889| 2995197|19303457+3810476|4268.3| 0.102| 0.025| 10.051| 1.564|RGB     | 1.0476| 1.027| 0.044|19.120| 0.017| 1.887| 0.007| 2.07e-04| 0.008| 4.024| 0.320|                |  1|KCat|Sloan|Simbad|292.64404|+38.17989
292.7563750|+38.1641111| 2995753|19310153+3809508|4733.7|-0.205| 0.051| 47.234| 5.122|RGB     | 1.0367| 1.129| 0.041| 9.009| 0.015| 2.581| 0.007| 2.18e-03| 0.007| 3.785| 0.239|                |  0|KCat|Sloan|Simbad|292.75637|+38.16411
292.8165417|+38.1546667| 2996019|19311597+3809168|4682.5| 0.208| 0.020| 31.628| 3.890|RC      | 1.0028| 1.145| 0.078|11.118| 0.024| 2.405| 0.010| 1.17e-03| 0.008| 3.711| 0.342|                |  0|KCat|Sloan|Simbad|292.81654|+38.15467
292.8365000|+38.1730278| 2996112|19312076+3810229|4691.1| 0.040| 0.055| 31.887| 3.975|RC      | 1.0002| 1.090| 0.078|10.802| 0.023| 2.409| 0.010| 1.22e-03| 0.008| 3.726| 0.236|                |  1|KCat|Sloan|Simbad|292.83650|+38.17303
293.3506667|+38.1436944| 2998532|19332416+3808373|4782.8|-0.058| 0.015|104.587| 9.307|RGB     | 1.0268| 1.186| 0.036| 6.190| 0.013| 2.929| 0.007| 7.05e-03| 0.007| 3.755| 0.280|                |  0|KCat|Sloan|Simbad|293.35067|+38.14369
285.3730000|+38.2117500| 3096473|19012952+3812423|4587.7|-0.036| 0.027| 37.167| 4.273|RGB     | 1.0395| 1.071| 0.041| 9.973| 0.015| 2.470| 0.007| 1.52e-03| 0.007| 3.914| 0.260|                |  1|KCat|Sloan|Simbad|285.37300|+38.21175
285.9561667|+38.2115556| 3098045|19034948+3812416|4844.5|-0.177| 0.050| 34.560| 4.142|RC      | 0.9972| 1.250| 0.077|11.019| 0.023| 2.451| 0.010| 1.32e-03| 0.008| 3.528| 0.277|                |  1|KCat|Sloan|Simbad|285.95617|+38.21156
285.9991667|+38.2542222| 3098179|19035980+3815152|4801.3|-0.206| 0.091|137.140|11.951|RGB     | 1.0234| 1.003| 0.033| 4.965| 0.011| 3.047| 0.007| 1.15e-02| 0.007| 3.982| 0.134|                |  0|KCat|Sloan|Simbad|285.99917|+38.25422
286.1880417|+38.2919722| 3098716|19044513+3817311|4914.8|-0.399| 0.147| 30.601| 4.148|RC      | 0.9937| 0.894| 0.079| 9.871| 0.024| 2.401| 0.010| 1.31e-03| 0.008| 3.837| 0.200|                |  1|KCat|Sloan|Simbad|286.18804|+38.29197
286.5870000|+38.2685833| 3099834|19062088+3816069|4573.9| 0.047| 0.081| 45.814| 4.989|RGB     | 1.0384| 1.079| 0.041| 9.022| 0.015| 2.561| 0.007| 2.07e-03| 0.007| 3.932| 0.201|                |  0|KCat|Sloan|Simbad|286.58700|+38.26858
286.6266667|+38.2599722| 3099949|19063040+3815359|4911.8|-0.333| 0.104| 32.459| 4.149|RC      | 0.9959| 1.056| 0.078|10.415| 0.023| 2.426| 0.010| 1.32e-03| 0.008| 3.668| 0.202|                |  0|KCat|Sloan|Simbad|286.62667|+38.25997
286.6620000|+38.2344444| 3100053|19063888+3814040|4692.3|-0.017| 0.129| 30.356| 4.005|RC      | 0.9992| 0.916| 0.079|10.148| 0.024| 2.387| 0.010| 1.24e-03| 0.008| 3.877| 0.191|                |  1|KCat|Sloan|Simbad|286.66200|+38.23444
286.7046250|+38.2061944| 3100193|19064911+3812223|4363.9| 0.475| 0.028| 30.272| 3.464|RGB     | 1.0418| 1.232| 0.042|12.000| 0.016| 2.370| 0.007| 1.01e-03| 0.008| 3.822| 0.231|                |  1|KCat|Sloan|Simbad|286.70462|+38.20619
286.8207500|+38.2097500| 3100505|19071698+3812351|4555.2| 0.035| 0.041| 34.404| 4.024|RGB     | 1.0412| 1.062| 0.042|10.338| 0.016| 2.435| 0.007| 1.35e-03| 0.007| 3.962| 0.237|                |  1|KCat|Sloan|Simbad|286.82075|+38.20975
287.0155417|+38.2691667| 3101090|19080373+3816090|4762.2|-0.004| 0.017| 32.166| 3.919|RC      | 0.9975| 1.225| 0.078|11.354| 0.023| 2.416| 0.010| 1.18e-03| 0.008| 3.580| 0.199|                |  1|KCat|Sloan|Simbad|287.01554|+38.26917
287.2185000|+38.2769444| 3101632|19085244+3816370|4591.5| 0.268|-0.003| 30.330| 3.709|RC      | 1.0094| 1.155| 0.079|11.462| 0.024| 2.382| 0.010| 1.08e-03| 0.008| 3.710| 0.221|                |  0|KCat|Sloan|Simbad|287.21850|+38.27694
287.4253333|+38.2346667| 3102230|19094208+3814048|4526.6| 0.459| 0.028| 33.191| 3.789|AMB     | 1.0226| 1.296| 0.263|11.638| 0.074| 2.418| 0.010| 1.16e-03| 0.010| 3.690| 0.379|                |  0|KCat|Sloan|Simbad|287.42533|+38.23467
287.4791250|+38.2526944| 3102386|19095499+3815097|4543.5|-0.055| 0.039| 19.244| 2.503|RGB     | 1.0409| 1.238| 0.043|14.934| 0.016| 2.182| 0.007| 5.24e-04| 0.008| 3.694| 0.311|                |  0|KCat|Sloan|Simbad|287.47912|+38.25269
287.4884167|+38.2309722| 3102411|19095722+3813515|4823.5|-0.359| 0.193|138.811|12.222|RGB     | 1.0231| 0.958| 0.033| 4.819| 0.011| 3.053| 0.007| 1.21e-02| 0.007| 3.979| 0.000|                |  0|KCat|Sloan|Simbad|287.48842|+38.23097
287.5136250|+38.2977500| 3102479|19100327+3817519|4714.0| 0.241| 0.005| 38.594| 4.275|RC      | 0.9988| 1.463| 0.075|11.357| 0.022| 2.493| 0.010| 1.41e-03| 0.008| 3.434| 0.305|                |  1|KCat|Sloan|Simbad|287.51362|+38.29775
287.7913333|+38.2300000| 3103320|19110992+3813480|3993.7| 0.219| 0.021|  4.297| 0.782|RGB     | 1.0403| 1.195| 0.044|32.071| 0.017| 1.503| 0.007| 5.11e-05| 0.008| 3.820| 0.377|                |  0|KCat|Sloan|Simbad|287.79133|+38.23000
287.9016667|+38.2653889| 3103685|19113640+3815554|4321.1| 0.271| 0.006| 16.912| 2.260|RGB     | 1.0448| 1.157| 0.043|15.592| 0.016| 2.115| 0.007| 4.30e-04| 0.008| 3.889| 0.381|                |  1|KCat|Sloan|Simbad|287.90167|+38.26539
287.9477083|+38.2965278| 3103827|19114745+3817475|4675.0|-0.395| 0.173| 50.817| 5.557|RGB     | 1.0377| 0.992| 0.040| 8.167| 0.015| 2.610| 0.007| 2.57e-03| 0.007| 3.931| 0.269|                |  0|KCat|Sloan|Simbad|287.94771|+38.29653
289.6642083|+38.2527500| 3109520|19183941+3815099|4564.9| 0.291| 0.009| 58.342| 5.852|RGB     | 1.0361| 1.184| 0.040| 8.379| 0.015| 2.665| 0.007| 2.84e-03| 0.007| 3.859| 0.262|                |  0|KCat|Sloan|Simbad|289.66421|+38.25275
289.9158333|+38.2771389| 3110460|19193980+3816377|4260.6|-0.025| 0.125|  7.659| 1.363|RGB     | 1.0215| 0.869| 0.044|20.157| 0.017| 1.768| 0.007| 1.50e-04| 0.008| 4.238| 0.140|Ageold, SeisUnc |  1|KCat|Sloan|Simbad|289.91583|+38.27714
289.9537083|+38.2813611| 3110626|19194889+3816529|4664.6|-0.112| 0.060| 45.731| 5.044|RGB     | 1.0385| 1.058| 0.041| 8.898| 0.015| 2.564| 0.007| 2.12e-03| 0.007| 3.912| 0.165|                |  0|KCat|Sloan|Simbad|289.95371|+38.28136
289.9763333|+38.2535556| 3110733|19195432+3815128|4672.6| 0.303| 0.001| 56.388| 5.394|RGB     | 1.0320| 1.559| 0.040| 9.723| 0.015| 2.655| 0.007| 2.39e-03| 0.007| 3.436| 0.271|                |  0|KCat|Sloan|Simbad|289.97633|+38.25356
282.6331250|+44.0488611| 8145590|18503195+4402559|4813.4| 0.032|-0.028| 49.290| 5.718|RC      |       |      |      |      |      | 2.603| 0.009|         |      |      | 0.030|No Fdnu         |  0|KCat|Sloan|Simbad|282.63312|+44.04886
290.1397083|+38.2924722| 3111383|19203353+3817329|4985.4|-0.328| 0.057|237.732|18.220|RGB     | 1.0163| 1.052| 0.028| 3.826| 0.009| 3.294| 0.007| 2.65e-02| 0.006| 3.835| 0.009|                |  0|KCat|Sloan|Simbad|290.13971|+38.29247
290.2567500|+38.2385556| 3111815|19210162+3814188|4704.8| 0.238| 0.010| 78.171| 7.185|RGB     | 1.0308| 1.339| 0.038| 7.640| 0.014| 2.799| 0.007| 4.23e-03| 0.007| 3.657| 0.502|                |  0|KCat|Sloan|Simbad|290.25675|+38.23856
290.2602083|+38.2150278| 3111831|19210245+3812541|4687.2| 0.363| 0.025|122.478|10.361|RGB     | 1.0269| 1.203| 0.034| 5.790| 0.012| 2.993| 0.007| 8.74e-03| 0.007| 3.844| 0.499|                |  0|KCat|Sloan|Simbad|290.26021|+38.21503
290.3087500|+38.2101944| 3112021|19211410+3812367|4876.9| 0.035| 0.020| 48.851| 4.988|RC(S)   | 0.9987| 1.685| 0.070|10.744| 0.020| 2.602| 0.009| 1.92e-03| 0.008| 3.228| 0.414|                |  0|KCat|Sloan|Simbad|290.30875|+38.21019
290.3526250|+38.2695556| 3112182|19212463+3816104|4421.3|-0.014| 0.115| 23.642| 3.049|RGB     | 1.0458| 0.983| 0.043|12.087| 0.016| 2.266| 0.007| 7.85e-04| 0.008| 4.079| 0.241|                |  0|KCat|Sloan|Simbad|290.35262|+38.26956
290.6797917|+38.2749444| 3113433|19224315+3816298|4583.1| 0.229| 0.018| 53.239| 5.446|RGB     | 1.0364| 1.206| 0.040| 8.844| 0.015| 2.626| 0.007| 2.46e-03| 0.007| 3.817| 0.260|                |  0|KCat|Sloan|Simbad|290.67979|+38.27494
290.7334167|+38.2678056| 3113648|19225602+3816041|4641.2| 0.265| 0.013| 86.996| 8.032|RGB     | 1.0321| 1.152| 0.037| 6.740| 0.013| 2.842| 0.007| 5.31e-03| 0.007| 3.892| 0.312|                |  0|KCat|Sloan|Simbad|290.73342|+38.26781
290.7796250|+38.2046667| 3113818|19230711+3812168|5013.1| 0.068| 0.026|225.198|16.180|RGB     | 1.0168| 1.447| 0.028| 4.604| 0.009| 3.272| 0.007| 2.09e-02| 0.006| 3.479| 0.315|                |  0|KCat|Sloan|Simbad|290.77962|+38.20467
290.8069583|+38.2354167| 3113915|19231367+3814075|4618.2|-0.128| 0.040| 24.198| 2.916|RGB     | 1.0363| 1.394| 0.043|14.074| 0.016| 2.285| 0.007| 7.05e-04| 0.008| 3.490| 0.338|                |  0|KCat|Sloan|Simbad|290.80696|+38.23542
290.8835417|+38.2708056| 3114215|19233205+3816149|4581.4| 0.026| 0.137| 48.252| 5.139|RGB     | 1.0379| 1.125| 0.040| 8.973| 0.015| 2.583| 0.007| 2.20e-03| 0.007| 3.872| 0.322|                |  0|KCat|Sloan|Simbad|290.88354|+38.27081
290.9339583|+38.2295278| 3114408|19234415+3813463|4545.8| 0.118| 0.003| 30.292| 3.431|RGB     | 1.0369| 1.391| 0.042|12.613| 0.016| 2.380| 0.007| 9.77e-04| 0.008| 3.570| 0.274|                |  1|KCat|Sloan|Simbad|290.93396|+38.22953
291.3105833|+38.2550278| 3115946|19251454+3815181|4767.7| 0.181| 0.003| 93.809| 8.104|RGB     | 1.0265| 1.484| 0.037| 7.316| 0.013| 2.881| 0.007| 5.34e-03| 0.007| 3.482| 0.199|                |  0|KCat|Sloan|Simbad|291.31058|+38.25503
291.4698333|+38.2354167| 3116604|19255276+3814075|4982.5| 0.166|-0.007| 90.416| 7.665|RC      | 1.0004| 1.965| 0.052| 8.483| 0.011| 2.874| 0.008| 4.54e-03| 0.008| 3.025| 0.342|                |  0|KCat|Sloan|Simbad|291.46983|+38.23542
291.9532500|+38.2196667| 3118806|19274878+3813108|4425.4| 0.323| 0.038| 19.396| 2.700|RGB     | 1.0269| 0.951| 0.043|13.122| 0.016| 2.180| 0.007| 5.94e-04| 0.008| 4.206| 0.243|Ageold          |  1|KCat|Sloan|Simbad|291.95325|+38.21967
292.1085417|+38.2303056| 3119526|19282605+3813491|4874.3|-0.119| 0.030| 38.490| 4.311|RC      | 1.0008| 1.464| 0.075|11.284| 0.022| 2.499| 0.010| 1.44e-03| 0.008| 3.347| 0.303|                |  0|KCat|Sloan|Simbad|292.10854|+38.23031
292.1146250|+38.2848333| 3119555|19282751+3817054|4719.5| 0.194|-0.010| 84.347| 7.665|RGB     | 1.0298| 1.311| 0.037| 7.270| 0.013| 2.832| 0.007| 4.81e-03| 0.007| 3.678| 0.236|                |  0|KCat|Sloan|Simbad|292.11462|+38.28483
292.3267083|+38.2040278| 3120486|19291841+3812145|4859.4| 0.228|-0.011|136.498|10.622|RGB     | 1.0203| 1.633| 0.033| 6.332| 0.011| 3.048| 0.007| 9.07e-03| 0.007| 3.339| 0.196|                |  1|KCat|Sloan|Simbad|292.32671|+38.20403
292.3499583|+38.2194722| 3120585|19292399+3813101|4904.8| 0.076|-0.014|102.774| 8.426|RGB(S)  | 1.0205| 1.783| 0.036| 7.608| 0.013| 2.927| 0.007| 5.71e-03| 0.007| 3.177| 0.229|                |  1|KCat|Sloan|Simbad|292.34996|+38.21947
292.4209167|+38.2290833| 3120889|19294102+3813447|4023.4|-0.123| 0.045|  2.366| 0.477|RGB     | 1.0167| 1.594| 0.045|49.821| 0.017| 1.246| 0.007| 1.82e-05| 0.008| 3.286| 0.350|                |  0|KCat|Sloan|Simbad|292.42092|+38.22908
292.5519583|+38.2344444| 3121427|19301247+3814040|5002.3|-0.452| 0.085|158.317|13.417|RGB     | 1.0190| 1.051| 0.031| 4.682| 0.011| 3.119| 0.007| 1.44e-02| 0.007| 3.811| 0.169|                |  0|KCat|Sloan|Simbad|292.55196|+38.23444
292.6712500|+38.2432500| 3121940|19304110+3814357|4686.0|-0.141| 0.153| 28.213| 3.739|RC      | 0.9897| 1.004| 0.080|11.023| 0.024| 2.355| 0.010| 1.06e-03| 0.008| 3.767| 0.314|                |  1|KCat|Sloan|Simbad|292.67125|+38.24325
292.7310833|+38.2510278| 3122185|19305546+3815037|5031.4| 0.201|-0.010| 96.617| 7.817|RC      | 0.9969| 2.282| 0.049| 8.820| 0.010| 2.905| 0.007| 4.69e-03| 0.008| 3.001| 0.289|                |  0|KCat|Sloan|Simbad|292.73108|+38.25103
292.8115833|+38.2166944| 3122548|19311478+3813001|4792.8|-0.025| 0.031| 34.638| 4.220|RC      | 1.0022| 1.126| 0.077|10.477| 0.023| 2.449| 0.010| 1.38e-03| 0.008| 3.663| 0.344|                |  1|KCat|Sloan|Simbad|292.81158|+38.21669
293.0749583|+38.2213611| 3123653|19321799+3813169|4923.6|-0.396| 0.089| 97.015| 9.098|RGB     | 1.0267| 1.083| 0.036| 6.098| 0.013| 2.902| 0.007| 6.74e-03| 0.007| 3.795| 0.311|                |  0|KCat|Sloan|Simbad|293.07496|+38.22136
294.2222500|+38.2140278| 3128866|19365334+3812505|4922.4| 0.346|-0.002| 80.402| 6.755|RC      | 0.9999| 2.254| 0.056| 9.664| 0.013| 2.821| 0.008| 3.52e-03| 0.008| 3.052| 0.424|                |  0|KCat|Sloan|Simbad|294.22225|+38.21403
294.3193333|+38.2514444| 3129312|19371664+3815052|4799.6| 0.054| 0.068|149.900|12.636|RGB     | 1.0231| 1.048| 0.032| 4.857| 0.011| 3.086| 0.007| 1.29e-02| 0.007| 3.981| 0.311|                |  0|KCat|Sloan|Simbad|294.31933|+38.25144
294.5334583|+38.2276111| 3130335|19380803+3813394|4974.7|-0.200| 0.064|176.043|14.254|RGB     | 1.0184| 1.127| 0.030| 4.606| 0.010| 3.163| 0.007| 1.63e-02| 0.006| 3.793| 0.030|                |  0|KCat|Sloan|Simbad|294.53346|+38.22761
285.1765000|+38.3700000| 3215565|19004236+3822120|4823.1|-0.226| 0.083| 31.797| 4.091|RC      | 0.9946| 1.027| 0.078|10.424| 0.023| 2.413| 0.010| 1.28e-03| 0.008| 3.724| 0.228|                |  0|KCat|Sloan|Simbad|285.17650|+38.37000
285.3050833|+38.3926111| 3215881|19011322+3823334|5036.0|-0.513| 0.079|       |      |REJECT  |       |      |      |      |      |      |      |         |      |      |      |No Seis         |  0|KCat|Sloan|Simbad|285.30508|+38.39261
285.5363750|+38.3588056| 3216467|19020873+3821317|4507.8| 0.433| 0.012| 31.270| 3.836|RC      | 1.0046| 1.097| 0.079|11.051| 0.024| 2.391| 0.010| 1.15e-03| 0.008| 3.777| 0.241|                |  1|KCat|Sloan|Simbad|285.53637|+38.35881
285.6142500|+38.3156944| 3216638|19022742+3818565|4424.8|-0.068| 0.096| 18.427| 2.527|RGB     | 1.0470| 0.982| 0.043|13.683| 0.016| 2.158| 0.007| 5.40e-04| 0.008| 4.047| 0.301|                |  1|KCat|Sloan|Simbad|285.61425|+38.31569
285.6525000|+38.3496111| 3216716|19023660+3820586|4554.5|-0.059| 0.111| 50.135| 5.380|RGB     | 1.0383| 1.040| 0.040| 8.475| 0.015| 2.599| 0.007| 2.41e-03| 0.007| 3.961| 0.128|                |  0|KCat|Sloan|Simbad|285.65250|+38.34961
285.7710417|+38.3364444| 3217051|19030505+3820112|4654.4| 0.307|-0.016| 36.459| 4.257|RC      | 1.0024| 1.214| 0.076|10.679| 0.022| 2.465| 0.010| 1.41e-03| 0.008| 3.657| 0.300|                |  1|KCat|Sloan|Simbad|285.77104|+38.33644
286.2617083|+38.3902778| 3218312|19050281+3823250|4765.1| 0.046| 0.032| 78.545| 7.421|RGB     | 1.0312| 1.215| 0.038| 7.237| 0.014| 2.804| 0.007| 4.52e-03| 0.007| 3.751| 0.275|                |  0|KCat|Sloan|Simbad|286.26171|+38.39028
286.5026667|+38.3746944| 3218930|19060064+3822289|4611.9| 0.130| 0.044| 49.033| 5.187|RGB     | 1.0378| 1.150| 0.040| 8.983| 0.015| 2.592| 0.007| 2.24e-03| 0.007| 3.863| 0.265|                |  0|KCat|Sloan|Simbad|286.50267|+38.37469
286.7951250|+38.3714167| 3219744|19071083+3822171|4769.4|-0.318| 0.082| 46.992| 5.080|RGB     | 1.0358| 1.166| 0.041| 9.163| 0.015| 2.581| 0.007| 2.14e-03| 0.007| 3.687| 0.230|                |  0|KCat|Sloan|Simbad|286.79512|+38.37142
287.2004167|+38.3446944| 3220837|19084810+3820409|5064.2|-0.155| 0.020|182.508|13.211|RGB     | 1.0130| 1.786| 0.030| 5.668| 0.010| 3.183| 0.007| 1.38e-02| 0.006| 3.113| 0.257|                |  0|KCat|Sloan|Simbad|287.20042|+38.34469
287.3034167|+38.3608611| 3221086|19091282+3821391|4767.1|-0.018| 0.035| 83.608| 7.841|RGB     | 1.0300| 1.182| 0.037| 6.917| 0.013| 2.831| 0.007| 5.04e-03| 0.007| 3.761| 0.276|                |  0|KCat|Sloan|Simbad|287.30342|+38.36086
287.3517083|+38.3000556| 3221239|19092441+3818002|4764.6| 0.253| 0.006|124.036|10.462|RGB     | 1.0255| 1.238| 0.034| 5.813| 0.012| 3.002| 0.007| 8.89e-03| 0.007| 3.777| 0.152|                |  0|KCat|Sloan|Simbad|287.35171|+38.30006
287.7010000|+38.3118611| 3222220|19104824+3818427|4714.7| 0.087| 0.001| 30.120| 3.707|RC      | 0.9990| 1.229| 0.079|11.785| 0.024| 2.385| 0.010| 1.06e-03| 0.008| 3.603| 0.242|                |  1|KCat|Sloan|Simbad|287.70100|+38.31186
287.7070833|+38.3861389| 3222240|19104970+3823101|4445.1|-0.137| 0.148| 25.761| 3.202|RGB     | 1.0424| 1.068| 0.042|12.052| 0.016| 2.304| 0.007| 8.60e-04| 0.008| 3.887| 0.220|                |  0|KCat|Sloan|Simbad|287.70708|+38.38614
287.8061250|+38.3388611| 3222519|19111347+3820199|3935.7| 0.394|-0.008|  3.068| 0.549|RGB     | 1.0214| 1.884| 0.044|47.825| 0.017| 1.354| 0.007| 2.43e-05| 0.008| 3.178| 0.460|                |  0|KCat|Sloan|Simbad|287.80612|+38.33886
287.8576250|+38.3322778| 3222670|19112583+3819562|4881.4|-0.251| 0.057| 34.302| 4.036|RC      | 0.9979| 1.367| 0.077|11.546| 0.023| 2.449| 0.010| 1.25e-03| 0.008| 3.401| 0.238|                |  1|KCat|Sloan|Simbad|287.85762|+38.33228
287.8777083|+38.3967500| 3222740|19113065+3823483|4855.3|-0.044| 0.020| 75.054| 6.918|RGB     | 1.0280| 1.462| 0.038| 8.083| 0.014| 2.788| 0.007| 3.90e-03| 0.007| 3.444| 0.321|                |  0|KCat|Sloan|Simbad|287.87771|+38.39675
287.9052083|+38.3890278| 3222834|19113725+3823205|4751.7| 0.000| 0.076|169.923|13.888|RGB     | 1.0209| 1.040| 0.030| 4.554| 0.010| 3.138| 0.007| 1.55e-02| 0.006| 3.992| 0.129|                |  1|KCat|Sloan|Simbad|287.90521|+38.38903
290.2404583|+38.3161667| 3230719|19205771+3818582|4654.3| 0.212| 0.031| 55.653| 5.336|RGB     | 1.0316| 1.558| 0.040| 9.794| 0.015| 2.649| 0.007| 2.34e-03| 0.007| 3.418| 0.377|                |  0|KCat|Sloan|Simbad|290.24046|+38.31617
290.3709583|+38.3514722| 3231208|19212903+3821053|4927.9|-0.430| 0.161| 23.925| 3.494|RC(S)   | 1.0023| 0.824| 0.082|10.706| 0.025| 2.295| 0.010| 9.47e-04| 0.008| 3.908| 0.496|                |  0|KCat|Sloan|Simbad|290.37096|+38.35147
290.4615000|+38.3419722| 3231503|19215076+3820311|4780.5| 0.188|-0.019| 42.594| 4.292|RC      | 1.0034| 1.941| 0.073|12.409| 0.021| 2.538| 0.009| 1.43e-03| 0.008| 3.136| 0.376|                |  1|KCat|Sloan|Simbad|290.46150|+38.34197
290.8490000|+38.3494722| 3232813|19232376+3820581|4788.9|-0.013| 0.035| 32.909| 4.031|RC      | 0.9969| 1.184| 0.078|11.024| 0.023| 2.427| 0.010| 1.25e-03| 0.008| 3.615| 0.327|                |  0|KCat|Sloan|Simbad|290.84900|+38.34947
290.8553750|+38.3629444| 3232838|19232529+3821466|4707.3| 0.170| 0.004| 36.874| 4.162|RC      | 0.9963| 1.431| 0.076|11.499| 0.022| 2.472| 0.010| 1.33e-03| 0.008| 3.441| 0.265|                |  0|KCat|Sloan|Simbad|290.85537|+38.36294
291.3567500|+38.3025556| 3234655|19252562+3818092|4969.4|-0.223| 0.059| 41.786| 4.505|RC      | 0.9971| 1.641| 0.074|11.408| 0.021| 2.539| 0.010| 1.56e-03| 0.008| 3.202| 0.380|                |  0|KCat|Sloan|Simbad|291.35675|+38.30256
291.3603333|+38.3729722| 3234666|19252648+3822227|4612.3| 0.207| 0.012| 50.684| 5.076|RGB     | 1.0338| 1.407| 0.040| 9.772| 0.015| 2.606| 0.007| 2.13e-03| 0.007| 3.578| 0.242|                |  0|KCat|Sloan|Simbad|291.36033|+38.37297
291.3698750|+38.3575278| 3234703|19252877+3821271|5078.2| 0.105|-0.021| 81.744| 6.878|RC      | 1.0041| 2.271| 0.055| 9.546| 0.013| 2.835| 0.008| 3.68e-03| 0.008| 2.992| 0.238|                |  0|KCat|Sloan|Simbad|291.36987|+38.35753
291.5937083|+38.3827500| 3235616|19262249+3822579|5019.9| 0.135|-0.036|104.373| 8.380|RC      | 0.9970| 2.170| 0.047| 8.280| 0.009| 2.938| 0.007| 5.39e-03| 0.008| 2.999| 0.152|                |  0|KCat|Sloan|Simbad|291.59371|+38.38275
291.7110000|+38.3500000| 3236108|19265064+3821000|4815.6|-0.271| 0.182| 38.726| 4.353|RC      | 0.9928| 1.455| 0.075|11.247| 0.022| 2.499| 0.010| 1.44e-03| 0.008| 3.331| 0.241|                |  0|KCat|Sloan|Simbad|291.71100|+38.35000
291.7766250|+38.3919444| 3236379|19270639+3823310|4748.3| 0.062| 0.018| 59.656| 5.854|RGB     | 1.0327| 1.360| 0.039| 8.792| 0.014| 2.683| 0.007| 2.82e-03| 0.007| 3.586| 0.297|                |  0|KCat|Sloan|Simbad|291.77662|+38.39194
291.8683750|+38.3998889| 3236748|19272841+3823596|4111.5|-0.306| 0.171|  3.058| 0.657|RGB     | 1.0369| 0.917| 0.044|33.058| 0.017| 1.362| 0.007| 3.58e-05| 0.008| 4.067| 0.275|                |  0|KCat|Sloan|Simbad|291.86837|+38.39989
292.0776667|+38.3076944| 3237572|19281864+3818277|4535.8| 0.195| 0.025| 33.226| 3.696|RGB     | 1.0375| 1.356| 0.042|11.898| 0.016| 2.419| 0.007| 1.14e-03| 0.008| 3.633| 0.312|                |  1|KCat|Sloan|Simbad|292.07767|+38.30769
292.2688750|+38.3266111| 3238303|19290453+3819358|4862.6|-0.204| 0.044|126.653|11.174|RGB     | 1.0240| 1.051| 0.034| 5.273| 0.012| 3.015| 0.007| 1.01e-02| 0.007| 3.892| 0.274|                |  0|KCat|Sloan|Simbad|292.26887|+38.32661
292.3465833|+38.3591389| 3238626|19292318+3821329|4538.8| 0.327| 0.031| 24.367| 3.509|RC(S)   | 1.0027| 0.754| 0.082|10.363| 0.025| 2.285| 0.010| 9.56e-04| 0.008| 4.101| 0.287|                |  0|KCat|Sloan|Simbad|292.34658|+38.35914
292.4002083|+38.3806944| 3238859|19293605+3822505|4861.1| 0.027|-0.028| 51.416| 5.074|RC      | 0.9996| 1.820| 0.069|10.892| 0.019| 2.624| 0.009| 1.99e-03| 0.008| 3.165| 0.237|                |  0|KCat|Sloan|Simbad|292.40021|+38.38069
292.4245000|+38.3411944| 3238956|19294188+3820283|4531.9| 0.269| 0.028| 49.228| 5.146|RGB     | 1.0373| 1.172| 0.040| 9.091| 0.015| 2.590| 0.007| 2.20e-03| 0.007| 3.868| 0.244|                |  0|KCat|Sloan|Simbad|292.42450|+38.34119
292.4927500|+38.3061389| 3239258|19295826+3818221|4270.9|-0.110| 0.144|  7.191| 1.311|RGB     | 1.0188| 0.852| 0.044|20.579| 0.017| 1.741| 0.007| 1.38e-04| 0.008| 4.241| 0.179|Ageold          |  0|KCat|Sloan|Simbad|292.49275|+38.30614
292.7030417|+38.3120000| 3240119|19304873+3818432|4771.6| 0.222|-0.008| 91.005| 8.047|RGB     | 1.0281| 1.386| 0.037| 7.179| 0.013| 2.868| 0.007| 5.28e-03| 0.007| 3.597| 0.378|                |  0|KCat|Sloan|Simbad|292.70304|+38.31200
292.8456250|+38.3698611| 3240670|19312295+3822115|4972.8| 0.026| 0.000|158.834|12.203|RGB     | 1.0185| 1.539| 0.031| 5.667| 0.011| 3.119| 0.007| 1.19e-02| 0.007| 3.383| 0.008|                |  0|KCat|Sloan|Simbad|292.84562|+38.36986
293.0256667|+38.3096111| 3241374|19320616+3818346|4829.0|-0.026|-0.003| 38.223| 4.191|RC      | 1.0064| 1.548| 0.075|11.669| 0.022| 2.494| 0.010| 1.37e-03| 0.008| 3.302| 0.319|                |  0|KCat|Sloan|Simbad|293.02567|+38.30961
293.1798333|+38.3014444| 3241947|19324316+3818052|4669.0| 0.275| 0.005| 58.836| 5.689|RGB     | 1.0331| 1.424| 0.040| 9.097| 0.015| 2.674| 0.007| 2.67e-03| 0.007| 3.572| 0.372|                |  0|KCat|Sloan|Simbad|293.17983|+38.30144
293.2252917|+38.3255278| 3242122|19325407+3819319|4884.3|-0.072| 0.064| 33.903| 4.091|RC      | 1.0031| 1.226| 0.077|10.996| 0.023| 2.444| 0.010| 1.30e-03| 0.008| 3.579| 0.556|                |  0|KCat|Sloan|Simbad|293.22529|+38.32553
293.2520000|+38.3254722| 3242233|19330048+3819317|4641.4| 0.251| 0.009| 22.293| 2.822|RGB     | 1.0421| 1.225| 0.043|13.729| 0.016| 2.251| 0.007| 6.68e-04| 0.008| 3.799| 0.518|                |  0|KCat|Sloan|Simbad|293.25200|+38.32547
294.4475417|+38.3775556| 3247334|19374741+3822392|4748.6|-0.020| 0.016| 79.933| 7.732|RGB     | 1.0322| 1.077| 0.038| 6.759| 0.014| 2.810| 0.007| 4.92e-03| 0.007| 3.905| 0.506|                |  0|KCat|Sloan|Simbad|294.44754|+38.37756
294.4978333|+38.3521389| 3247570|19375948+3821077|4768.1|-0.403| 0.149| 40.639| 4.266|RGB     | 1.0306| 1.546| 0.041|11.348| 0.015| 2.518| 0.007| 1.49e-03| 0.007| 3.276| 0.466|                |  1|KCat|Sloan|Simbad|294.49783|+38.35214
294.7425000|+38.3869167| 3248697|19385820+3823129|4633.7|-0.150| 0.050| 45.672| 5.011|RGB     | 1.0379| 1.073| 0.041| 8.982| 0.015| 2.562| 0.007| 2.09e-03| 0.007| 3.877| 0.386|                |  0|KCat|Sloan|Simbad|294.74250|+38.38692
294.8029583|+38.3316667| 3248982|19391271+3819540|4554.8| 0.318|-0.004| 57.255| 5.629|RGB     | 1.0347| 1.310| 0.040| 8.902| 0.015| 2.656| 0.007| 2.62e-03| 0.007| 3.710| 0.378|                |  0|KCat|Sloan|Simbad|294.80296|+38.33167
285.3789583|+38.4873611| 3323401|19013095+3829145|4699.8| 0.074| 0.067| 31.465| 3.986|RC      | 1.0032| 1.027| 0.079|10.546| 0.024| 2.403| 0.010| 1.23e-03| 0.008| 3.785| 0.226|                |  1|KCat|Sloan|Simbad|285.37896|+38.48736
285.5939583|+38.4941667| 3323943|19022255+3829390|4810.1|-0.129| 0.038| 32.969| 4.026|RC      | 0.9975| 1.202| 0.078|11.084| 0.023| 2.429| 0.010| 1.25e-03| 0.008| 3.577| 0.343|                |  1|KCat|Sloan|Simbad|285.59396|+38.49417
286.0980417|+38.4681111| 3325179|19042353+3828052|4688.1| 0.140| 0.013| 57.536| 5.846|RGB     | 1.0352| 1.192| 0.040| 8.408| 0.015| 2.665| 0.007| 2.83e-03| 0.007| 3.813| 0.271|                |  0|KCat|Sloan|Simbad|286.09804|+38.46811
286.5032083|+38.4940556| 3326233|19060077+3829386|4524.7| 0.345| 0.036| 65.054| 6.382|RGB     | 1.0359| 1.147| 0.039| 7.826| 0.014| 2.710| 0.007| 3.38e-03| 0.007| 3.920| 0.258|                |  0|KCat|Sloan|Simbad|286.50321|+38.49406
286.5648333|+38.4627500| 3326392|19061556+3827459|4774.2| 0.069| 0.001|122.797|10.661|RGB     | 1.0257| 1.117| 0.034| 5.546| 0.012| 2.998| 0.007| 9.23e-03| 0.007| 3.882| 0.238|                |  0|KCat|Sloan|Simbad|286.56483|+38.46275
286.7206250|+38.4965000| 3326790|19065295+3829474|4647.0|-0.102| 0.164| 26.398| 3.606|RC      | 1.0006| 0.899| 0.081|10.804| 0.025| 2.325| 0.010| 1.00e-03| 0.008| 3.881| 0.148|                |  1|KCat|Sloan|Simbad|286.72062|+38.49650
287.6138750|+38.4813333| 3329196|19102733+3828528|4912.5|-0.250| 0.122| 91.231|27.263|RGB(S)  |       |      |      |      |      | 2.875| 0.007|         |      |      | 0.011|No Fdnu         |  0|KCat|Sloan|Simbad|287.61387|+38.48133
289.9454583|+38.4074722| 3336731|19194691+3824269|4923.9|-0.148| 0.011| 40.904| 4.423|RC      | 1.0000| 1.615| 0.074|11.466| 0.021| 2.527| 0.010| 1.51e-03| 0.008| 3.237| 0.157|                |  0|KCat|Sloan|Simbad|289.94546|+38.40747
290.1635000|+38.4391667| 3337536|19203924+3826210|4805.6|-0.283| 0.172|110.955|10.167|RGB     | 1.0266| 1.002| 0.035| 5.518| 0.012| 2.955| 0.007| 8.41e-03| 0.007| 3.949| 0.229|                |  0|KCat|Sloan|Simbad|290.16350|+38.43917
290.1770417|+38.4730556| 3337581|19204249+3828230|4800.2| 0.313| 0.014| 45.492| 4.635|RC      | 1.0033| 1.751| 0.072|11.393| 0.020| 2.568| 0.009| 1.67e-03| 0.008| 3.255| 0.373|                |  0|KCat|Sloan|Simbad|290.17704|+38.47306
290.2163750|+38.4331667| 3337740|19205193+3825594|4947.7|-0.113| 0.007|126.287|10.506|RGB     | 1.0213| 1.383| 0.034| 6.031| 0.012| 3.018| 0.007| 8.89e-03| 0.007| 3.492| 0.048|                |  0|KCat|Sloan|Simbad|290.21637|+38.43317
290.3527917|+38.4430833| 3338252|19212467+3826351|4771.8|-0.155| 0.116| 64.595| 6.222|RGB     | 1.0302| 1.376| 0.039| 8.488| 0.014| 2.719| 0.007| 3.17e-03| 0.007| 3.505| 0.321|                |  0|KCat|Sloan|Simbad|290.35279|+38.44308
290.7320833|+38.4867778| 3339519|19225570+3829124|4634.4|-0.218| 0.189| 59.546| 6.239|RGB     | 1.0370| 0.994| 0.039| 7.570| 0.014| 2.677| 0.007| 3.23e-03| 0.007| 3.998| 0.266|                |  0|KCat|Sloan|Simbad|290.73208|+38.48678
290.8426250|+38.4420000| 3339894|19232223+3826312|4748.6|-0.223| 0.037| 30.310| 3.374|RC(S)   | 1.0027| 1.818| 0.079|14.261| 0.024| 2.389| 0.010| 8.84e-04| 0.008| 3.098| 0.272|                |  1|KCat|Sloan|Simbad|290.84262|+38.44200
291.2837083|+38.4884167| 3341498|19250809+3829183|4878.1| 0.110|-0.019| 46.748| 4.809|RC(S)   | 0.9928| 1.751| 0.071|11.194| 0.020| 2.583| 0.009| 1.76e-03| 0.008| 3.212| 0.200|                |  0|KCat|Sloan|Simbad|291.28371|+38.48842
291.5735000|+38.4120833| 3342658|19261764+3824435|4842.9|-0.096| 0.022| 36.338| 4.227|RC      | 0.9999| 1.325| 0.076|11.066| 0.022| 2.472| 0.010| 1.38e-03| 0.008| 3.468| 0.221|                |  0|KCat|Sloan|Simbad|291.57350|+38.41208
291.7084583|+38.4410278| 3343186|19265003+3826277|4513.7| 0.324| 0.048| 22.985| 2.948|AMB     | 1.0295| 1.138| 0.108|13.117| 0.065| 2.258| 0.010| 7.11e-04| 0.010| 3.848| 0.308|                |  0|KCat|Sloan|Simbad|291.70846|+38.44103
291.8138750|+38.4718333| 3343621|19271533+3828186|4627.0|-0.394| 0.085| 22.817| 2.948|RGB     | 1.0402| 1.106| 0.043|12.905| 0.016| 2.260| 0.007| 7.26e-04| 0.008| 3.765| 0.264|                |  0|KCat|Sloan|Simbad|291.81387|+38.47183
291.8167917|+38.4797222| 3343630|19271603+3828470|4664.3| 0.242|-0.005| 87.375| 7.945|RGB     | 1.0307| 1.235| 0.037| 6.955| 0.013| 2.845| 0.007| 5.18e-03| 0.007| 3.780| 0.288|                |  0|KCat|Sloan|Simbad|291.81679|+38.47972
291.8835417|+38.4404167| 3343931|19273205+3826255|4775.1| 0.076|-0.016| 78.373| 7.032|RGB     | 1.0275| 1.524| 0.038| 8.108| 0.014| 2.803| 0.007| 4.03e-03| 0.007| 3.411| 0.153|                |  0|KCat|Sloan|Simbad|291.88354|+38.44042
292.4462083|+38.4051389| 3346227|19294709+3824185|4542.9| 0.196| 0.085| 68.971| 6.737|RGB     | 1.0358| 1.108| 0.039| 7.462| 0.014| 2.737| 0.007| 3.76e-03| 0.007| 3.941| 0.212|                |  0|KCat|Sloan|Simbad|292.44621|+38.40514
292.4857917|+38.4179167| 3346398|19295659+3825045|4864.3| 0.017| 0.020| 44.165| 4.694|RC      | 0.9995| 1.577| 0.073|10.936| 0.021| 2.558| 0.009| 1.70e-03| 0.008| 3.293| 0.271|                |  0|KCat|Sloan|Simbad|292.48579|+38.41792
292.5163750|+38.4041667| 3346501|19300393+3824150|4296.0| 0.226| 0.064| 20.677| 2.697|RGB     | 1.0469| 1.024| 0.043|13.291| 0.016| 2.201| 0.007| 6.15e-04| 0.008| 4.071| 0.134|                |  1|KCat|Sloan|Simbad|292.51637|+38.40417
292.5939167|+38.4377778| 3346779|19302254+3826160|4524.7|-0.385| 0.187| 22.305| 3.003|RGB     | 1.0457| 0.908| 0.043|11.893| 0.016| 2.246| 0.007| 7.61e-04| 0.008| 4.059| 0.132|                |  0|KCat|Sloan|Simbad|292.59392|+38.43778
292.6668333|+38.4083056| 3347054|19304004+3824299|4623.0|-0.324| 0.041| 19.746| 2.601|RGB     | 1.0394| 1.184| 0.043|14.355| 0.016| 2.197| 0.007| 5.64e-04| 0.008| 3.663| 0.360|                |  0|KCat|Sloan|Simbad|292.66683|+38.40831
292.6932917|+38.4934444| 3347146|19304639+3829364|4244.3|-0.548| 0.073|  3.845| 0.804|RGB     | 1.0385| 0.845| 0.044|28.076| 0.017| 1.468| 0.007| 5.38e-05| 0.008| 4.090| 0.238|                |  0|KCat|Sloan|Simbad|292.69329|+38.49344
292.9185417|+38.4997778| 3348070|19314045+3829592|4850.8|-0.115| 0.036| 97.835| 8.661|RGB     | 1.0255| 1.329| 0.036| 6.751| 0.013| 2.903| 0.007| 6.09e-03| 0.007| 3.553| 0.278|                |  0|KCat|Sloan|Simbad|292.91854|+38.49978
292.9355417|+38.4126667| 3348134|19314453+3824456|4871.0|-0.117| 0.035| 34.325| 4.160|RC      | 0.9986| 1.206| 0.077|10.848| 0.023| 2.449| 0.010| 1.33e-03| 0.008| 3.574| 0.348|                |  0|KCat|Sloan|Simbad|292.93554|+38.41267
294.6131250|+38.4661111| 3355015|19382715+3827580|4817.1|-0.071| 0.028| 26.956| 3.405|RC      | 1.0114| 1.217| 0.081|12.328| 0.025| 2.341| 0.010| 9.16e-04| 0.008| 3.584| 0.458|                |  1|KCat|Sloan|Simbad|294.61312|+38.46611
294.9299167|+38.4786389| 3356438|19394318+3828431|5039.1| 0.028| 0.034| 66.431| 5.835|RC      | 1.0088| 2.284| 0.062|10.639| 0.016| 2.743| 0.009| 2.68e-03| 0.008| 2.942| 0.473|                |  0|KCat|Sloan|Simbad|294.92992|+38.47864
294.9751250|+38.4696389| 3356643|19395403+3828107|4658.8| 0.061| 0.024| 59.995| 6.004|RGB     | 1.0348| 1.205| 0.039| 8.291| 0.014| 2.682| 0.007| 2.98e-03| 0.007| 3.767| 0.388|                |  0|KCat|Sloan|Simbad|294.97512|+38.46964
284.9977500|+38.5894167| 3424072|18595946+3835219|4958.3|-0.059|-0.004|175.033|13.368|RGB     | 1.0179| 1.428| 0.030| 5.203| 0.010| 3.160| 0.007| 1.43e-02| 0.006| 3.469| 0.008|                |  0|KCat|Sloan|Simbad|284.99775|+38.58942
285.0085833|+38.5470556| 3424105|19000206+3832494|4599.5| 0.253| 0.001| 51.274| 5.163|RGB     | 1.0348| 1.349| 0.040| 9.521| 0.015| 2.611| 0.007| 2.20e-03| 0.007| 3.654| 0.221|                |  1|KCat|Sloan|Simbad|285.00858|+38.54706
285.1133750|+38.5922500| 3424384|19002721+3835321|4754.5|-0.279| 0.187| 28.353| 3.942|RC      | 0.9931| 0.832| 0.080| 9.971| 0.024| 2.361| 0.010| 1.18e-03| 0.008| 3.933| 0.417|                |  1|KCat|Sloan|Simbad|285.11337|+38.59225
285.3974583|+38.5913333| 3425044|19013539+3835288|4540.7|-0.077| 0.160| 54.362| 5.726|RGB     | 1.0372| 1.033| 0.040| 8.119| 0.015| 2.633| 0.007| 2.72e-03| 0.007| 3.972| 0.218|                |  0|KCat|Sloan|Simbad|285.39746|+38.59133
285.4727083|+38.5239167| 3425217|19015345+3831261|4527.5| 0.433| 0.014| 72.125| 6.879|RGB     | 1.0357| 1.160| 0.038| 7.473| 0.014| 2.755| 0.007| 3.92e-03| 0.007| 3.912| 0.341|                |  0|KCat|Sloan|Simbad|285.47271|+38.52392
285.5790000|+38.5984722| 3425476|19021896+3835545|4827.5| 0.057| 0.020| 40.164| 4.428|RC      | 0.9918| 1.528| 0.074|11.312| 0.022| 2.515| 0.010| 1.49e-03| 0.008| 3.342| 0.270|                |  1|KCat|Sloan|Simbad|285.57900|+38.59847
285.6621250|+38.5903056| 3425675|19023891+3835251|4816.8|-0.112| 0.024| 32.230| 4.028|RC      | 0.9908| 1.153| 0.078|10.975| 0.023| 2.419| 0.010| 1.23e-03| 0.008| 3.620| 0.271|                |  1|KCat|Sloan|Simbad|285.66212|+38.59031
286.0312917|+38.5518333| 3426673|19040751+3833066|4793.3| 0.329|-0.001|175.728|13.508|RGB     | 1.0203| 1.305| 0.030| 5.006| 0.010| 3.155| 0.007| 1.47e-02| 0.006| 3.710| 0.320|                |  0|KCat|Sloan|Simbad|286.03129|+38.55183
286.1234167|+38.5845556| 3426898|19042962+3835044|4795.5|-0.273| 0.046| 63.775| 6.535|RGB     | 1.0338| 1.081| 0.039| 7.564| 0.014| 2.714| 0.007| 3.52e-03| 0.007| 3.833| 0.198|                |  1|KCat|Sloan|Simbad|286.12342|+38.58456
286.4017917|+38.5034722| 3427629|19053643+3830125|4534.2| 0.398| 0.015| 30.970| 3.810|RC      | 1.0060| 1.099| 0.079|11.097| 0.024| 2.389| 0.010| 1.13e-03| 0.008| 3.773| 0.289|                |  1|KCat|Sloan|Simbad|286.40179|+38.50347
286.4826667|+38.5910556| 3427850|19055584+3835278|4782.4|-0.193| 0.043| 26.880| 3.456|RC      | 1.0173| 1.099| 0.081|11.756| 0.025| 2.339| 0.010| 9.54e-04| 0.008| 3.652| 0.117|                |  1|KCat|Sloan|Simbad|286.48267|+38.59106
286.7144167|+38.5434722| 3428447|19065146+3832365|4432.4| 0.395| 0.002| 27.165| 3.104|RGB(S)  | 1.0388| 1.431| 0.042|13.598| 0.016| 2.327| 0.007| 8.03e-04| 0.008| 3.591| 0.519|                |  0|KCat|Sloan|Simbad|286.71442|+38.54347
286.7425417|+38.5347500| 3428530|19065821+3832051|4769.5| 0.264| 0.003|192.672|15.083|RGB     | 1.0199| 1.100| 0.029| 4.395| 0.010| 3.193| 0.007| 1.83e-02| 0.006| 3.960| 0.257|                |  0|KCat|Sloan|Simbad|286.74254|+38.53475
286.9420833|+38.5752778| 3429018|19074610+3834310|4447.1| 0.186| 0.079| 37.796| 3.968|RGB(S)  | 1.0349| 1.472| 0.041|11.683| 0.015| 2.471| 0.007| 1.30e-03| 0.007| 3.510| 0.352|                |  0|KCat|Sloan|Simbad|286.94208|+38.57528
286.9935417|+38.5741667| 3429176|19075845+3834270|4593.7| 0.091| 0.082| 46.469| 4.970|RGB     | 1.0375| 1.155| 0.041| 9.258| 0.015| 2.568| 0.007| 2.05e-03| 0.007| 3.842| 0.336|                |  0|KCat|Sloan|Simbad|286.99354|+38.57417
287.0070417|+38.5254167| 3429205|19080169+3831315|4997.0| 0.004|-0.006|       |      |REJECT  |       |      |      |      |      |      |      |         |      |      |      |No Seis         |  0|KCat|Sloan|Simbad|287.00704|+38.52542
287.0651250|+38.5486111| 3429364|19081563+3832550|4797.6| 0.005| 0.076|209.421|16.440|RGB     | 1.0178| 1.018| 0.028| 4.049| 0.009| 3.231| 0.007| 2.16e-02| 0.006| 4.025| 0.192|                |  0|KCat|Sloan|Simbad|287.06512|+38.54861
287.1951250|+38.5978611| 3429738|19084683+3835523|4632.1|-0.151| 0.138| 55.492| 5.903|RGB     | 1.0379| 1.000| 0.040| 7.865| 0.015| 2.647| 0.007| 2.90e-03| 0.007| 3.989| 0.032|                |  1|KCat|Sloan|Simbad|287.19512|+38.59786
287.3108333|+38.5988611| 3430048|19091460+3835559|4830.8| 0.168| 0.021| 35.283| 3.492|RC      | 1.0065| 2.527| 0.077|15.517| 0.023| 2.459| 0.010| 9.54e-04| 0.008| 2.858| 0.280|                |  1|KCat|Sloan|Simbad|287.31083|+38.59886
287.4311250|+38.5095278| 3430379|19094347+3830343|4507.2| 0.215| 0.007| 28.700| 3.309|RGB(S)  | 1.0385| 1.341| 0.042|12.755| 0.016| 2.354| 0.007| 9.12e-04| 0.008| 3.654| 0.380|                |  0|KCat|Sloan|Simbad|287.43112|+38.50953
287.6681667|+38.5579167| 3431022|19104036+3833285|4915.1|-0.317| 0.038| 33.906| 4.120|RC      | 0.9850| 1.294| 0.077|11.280| 0.023| 2.445| 0.010| 1.27e-03| 0.008| 3.449| 0.365|                |  0|KCat|Sloan|Simbad|287.66817|+38.55792
287.7526667|+38.5357778| 3431244|19110064+3832088|4616.4| 0.272| 0.017| 32.670| 3.926|RC(S)   | 1.0012| 1.198| 0.078|11.231| 0.023| 2.416| 0.010| 1.19e-03| 0.008| 3.673| 0.369|                |  0|KCat|Sloan|Simbad|287.75267|+38.53578
288.2387917|+38.5809722| 3432732|19125731+3834515|4986.4| 0.205|-0.045| 80.137| 6.388|RC(S)   | 0.9938| 2.917| 0.056|10.976| 0.013| 2.822| 0.008| 3.11e-03| 0.008| 2.638| 0.269|                |  1|KCat|Sloan|Simbad|288.23879|+38.58097
288.2629583|+38.5832222| 3432802|19130311+3834596|4841.1| 0.079| 0.000|143.011|11.511|RGB     | 1.0214| 1.348| 0.033| 5.626| 0.011| 3.067| 0.007| 1.07e-02| 0.007| 3.595| 0.272|                |  0|KCat|Sloan|Simbad|288.26296|+38.58322
289.7907083|+38.5693889| 3437742|19190977+3834098|4792.0|-0.349| 0.071| 43.939| 4.876|RGB     | 1.0366| 1.127| 0.041| 9.307| 0.015| 2.552| 0.007| 1.97e-03| 0.007| 3.736| 0.281|                |  0|KCat|Sloan|Simbad|289.79071|+38.56939
290.0235000|+38.5760556| 3438609|19200564+3834338|5070.7| 0.104|-0.037| 82.167| 6.805|RC      | 0.9879| 2.564| 0.055|10.120| 0.012| 2.837| 0.008| 3.49e-03| 0.008| 2.826| 0.282|                |  0|KCat|Sloan|Simbad|290.02350|+38.57606
290.0580417|+38.5564167| 3438740|19201393+3833231|3937.2|-0.320| 0.209|       |      |REJECT  |       |      |      |      |      |      |      |         |      |      |      |No Seis         |  0|KCat|Sloan|Simbad|290.05804|+38.55642
290.2200417|+38.5078611| 3439353|19205281+3830283|4794.9|-0.016| 0.042| 84.035| 7.583|RGB     | 1.0276| 1.397| 0.037| 7.490| 0.013| 2.834| 0.007| 4.69e-03| 0.007| 3.511| 0.305|                |  0|KCat|Sloan|Simbad|290.22004|+38.50786
290.2205833|+38.5278611| 3439356|19205294+3831403|4803.5| 0.208|-0.011|110.469| 9.337|RGB     | 1.0252| 1.398| 0.035| 6.532| 0.012| 2.953| 0.007| 7.08e-03| 0.007| 3.581| 0.354|                |  0|KCat|Sloan|Simbad|290.22058|+38.52786
290.2485833|+38.5710833| 3439466|19205966+3834159|4884.1|-0.391| 0.121| 28.952| 3.834|RC      | 0.9917| 1.036| 0.080|10.940| 0.024| 2.375| 0.010| 1.12e-03| 0.008| 3.685| 0.450|                |  0|KCat|Sloan|Simbad|290.24858|+38.57108
290.4762500|+38.5203611| 3440249|19215430+3831133|4734.7|-0.150| 0.041| 51.493| 5.543|RGB     | 1.0375| 1.063| 0.040| 8.373| 0.015| 2.619| 0.007| 2.55e-03| 0.007| 3.894| 0.423|                |  0|KCat|Sloan|Simbad|290.47625|+38.52036
290.7683333|+38.5693333| 3441184|19230440+3834096|4697.9|-0.437| 0.204| 43.539| 4.939|RGB     | 1.0389| 1.002| 0.041| 8.858| 0.015| 2.544| 0.007| 2.03e-03| 0.007| 3.913| 0.291|                |  0|KCat|Sloan|Simbad|290.76833|+38.56933
290.7746667|+38.5563889| 3441207|19230592+3833230|4857.5| 0.126| 0.010|181.924|14.317|RGB     | 1.0195| 1.174| 0.030| 4.651| 0.010| 3.172| 0.007| 1.65e-02| 0.006| 3.821| 0.385|                |  0|KCat|Sloan|Simbad|290.77467|+38.55639
290.8553750|+38.5616111| 3441473|19232529+3833418|4625.1|-0.275| 0.248| 55.323| 5.899|RGB     | 1.0377| 0.992| 0.040| 7.849| 0.015| 2.645| 0.007| 2.89e-03| 0.007| 3.966| 0.198|                |  0|KCat|Sloan|Simbad|290.85537|+38.56161
291.3965000|+38.5338333| 3443483|19253516+3832018|4866.3| 0.096|-0.019|132.389|10.653|RGB     | 1.0215| 1.469| 0.033| 6.096| 0.012| 3.035| 0.007| 9.14e-03| 0.007| 3.469| 0.124|                |  1|KCat|Sloan|Simbad|291.39650|+38.53383
291.5440000|+38.5671944| 3444029|19261056+3834019|4781.6|-0.004| 0.022| 64.210| 6.144|RGB     | 1.0304| 1.425| 0.039| 8.659| 0.014| 2.717| 0.007| 3.09e-03| 0.007| 3.485| 0.279|                |  0|KCat|Sloan|Simbad|291.54400|+38.56719
291.6342500|+38.5156667| 3444374|19263222+3830564|4581.2| 0.156| 0.019| 56.035| 5.747|RGB     | 1.0366| 1.133| 0.040| 8.354| 0.015| 2.648| 0.007| 2.74e-03| 0.007| 3.892| 0.191|                |  1|KCat|Sloan|Simbad|291.63425|+38.51567
291.9312083|+38.5927500| 3445572|19274349+3835339|4830.9| 0.028| 0.018| 38.000| 4.282|RC      | 0.9953| 1.460| 0.075|11.365| 0.022| 2.491| 0.010| 1.40e-03| 0.008| 3.395| 0.352|                |  0|KCat|Sloan|Simbad|291.93121|+38.59275
292.2222917|+38.5866111| 3446775|19285335+3835118|4922.4|-0.010| 0.001|       |      |REJECT  |       |      |      |      |      |      |      |         |      |      |      |No Seis         |  0|KCat|Sloan|Simbad|292.22229|+38.58661
292.7410417|+38.5119444| 3448729|19305785+3830430|4735.0|-0.161| 0.181| 25.146| 3.498|RC      | 1.0042| 0.890| 0.082|10.962| 0.025| 2.308| 0.010| 9.53e-04| 0.008| 3.891| 0.287|                |  0|KCat|Sloan|Simbad|292.74104|+38.51194
293.0075833|+38.5036667| 3449870|19320182+3830132|4831.1| 0.015| 0.023|109.727| 9.295|RGB     | 1.0240| 1.413| 0.035| 6.580| 0.012| 2.952| 0.007| 6.99e-03| 0.007| 3.517| 0.392|                |  0|KCat|Sloan|Simbad|293.00758|+38.50367
293.0201250|+38.5798889| 3449907|19320483+3834476|4714.4| 0.116| 0.067| 52.630| 5.341|RGB     | 1.0342| 1.325| 0.040| 9.257| 0.015| 2.627| 0.007| 2.36e-03| 0.007| 3.648| 0.471|                |  0|KCat|Sloan|Simbad|293.02012|+38.57989
293.8654167|+38.5903889| 3453419|19352770+3835254|4765.3| 0.228|-0.015| 44.984| 4.640|RC      | 1.0025| 1.673| 0.072|11.220| 0.020| 2.561| 0.009| 1.67e-03| 0.008| 3.277| 0.350|                |  1|KCat|Sloan|Simbad|293.86542|+38.59039
294.1630000|+38.5688889| 3454626|19363912+3834080|4685.9| 0.384| 0.018|119.996|10.172|RGB     | 1.0272| 1.215| 0.034| 5.880| 0.012| 2.984| 0.007| 8.43e-03| 0.007| 3.831| 0.470|                |  0|KCat|Sloan|Simbad|294.16300|+38.56889
294.2927917|+38.5601667| 3455146|19371027+3833366|4859.1| 0.172|-0.023| 56.470| 5.361|RC      | 1.0047| 1.895| 0.067|10.605| 0.018| 2.664| 0.009| 2.24e-03| 0.008| 3.157| 0.499|                |  0|KCat|Sloan|Simbad|294.29279|+38.56017
294.4403750|+38.5932222| 3455760|19374569+3835356|4591.6|-0.005| 0.106| 47.948| 4.861|RGB     | 1.0337| 1.407| 0.040|10.059| 0.015| 2.581| 0.007| 1.95e-03| 0.007| 3.531| 0.267|                |  1|KCat|Sloan|Simbad|294.44037|+38.59322
294.4615000|+38.5568333| 3455843|19375076+3833246|4694.1| 0.082| 0.006| 27.429| 3.184|RC      | 1.0033| 1.666| 0.080|14.392| 0.025| 2.343| 0.010| 7.88e-04| 0.008| 3.249| 0.488|                |  0|KCat|Sloan|Simbad|294.46150|+38.55683
294.5738333|+38.5287778| 3456313|19381772+3831436|4903.7| 0.010| 0.004| 91.085| 7.603|AMB     | 1.0078| 1.970| 0.095| 8.494| 0.042| 2.874| 0.008| 4.53e-03| 0.010| 3.033| 0.400|                |  0|KCat|Sloan|Simbad|294.57383|+38.52878
294.6043333|+38.5037500| 3456449|19382504+3830135|4975.1| 0.054|-0.015| 54.704| 5.308|RC      | 1.0021| 1.876| 0.068|10.660| 0.018| 2.656| 0.009| 2.19e-03| 0.008| 3.142| 0.523|                |  0|KCat|Sloan|Simbad|294.60433|+38.50375
294.8285000|+38.5384167| 3457434|19391884+3832183|4504.6| 0.333| 0.017| 24.659| 3.169|RC      | 1.0231| 1.072| 0.082|12.303| 0.025| 2.288| 0.010| 8.12e-04| 0.008| 3.792| 0.433|                |  0|KCat|Sloan|Simbad|294.82850|+38.53842
294.8691667|+38.5301667| 3457618|19392860+3831486|4647.7| 0.170| 0.006| 34.611| 3.630|RGB     | 1.0316| 1.746| 0.042|13.150| 0.016| 2.442| 0.007| 1.08e-03| 0.007| 3.248| 0.384|                |  1|KCat|Sloan|Simbad|294.86917|+38.53017
294.9721667|+38.5571667| 3458097|19395332+3833258|4924.9|-0.281| 0.024| 68.786| 6.397|RGB     | 1.0257| 1.586| 0.039| 8.763| 0.014| 2.753| 0.007| 3.32e-03| 0.007| 3.260| 0.162|                |  0|KCat|Sloan|Simbad|294.97217|+38.55717
295.0306667|+38.5335278| 3458387|19400736+3832007|4021.9| 0.088| 0.024|  3.031| 0.597|RGB     | 1.0302| 1.296| 0.044|39.686| 0.017| 1.353| 0.007| 2.92e-05| 0.008| 3.660| 0.598|SeisUnc         |  0|KCat|Sloan|Simbad|295.03067|+38.53353
295.0817500|+38.5170833| 3458643|19401962+3831015|5035.2| 0.080|-0.021| 70.066| 5.774|RC(S)   | 1.0000| 2.891| 0.061|11.656| 0.015| 2.766| 0.008| 2.57e-03| 0.008| 2.588| 0.241|                |  0|KCat|Sloan|Simbad|295.08175|+38.51708
295.0913333|+38.5521667| 3458703|19402192+3833078|4815.4|-0.232| 0.151| 26.937| 3.384|AMB     | 1.0242| 1.186| 0.119|12.170| 0.064| 2.341| 0.010| 9.28e-04| 0.010| 3.648| 0.388|                |  0|KCat|Sloan|Simbad|295.09133|+38.55217
295.1821667|+38.5139722| 3459109|19404372+3830503|4832.9| 0.036|-0.006| 60.926| 5.624|RGB     | 1.0263| 1.789| 0.039| 9.936| 0.014| 2.696| 0.007| 2.57e-03| 0.007| 3.171| 0.219|                |  0|KCat|Sloan|Simbad|295.18217|+38.51397
284.9661667|+38.6597222| 3525541|18595188+3839350|4804.8|-0.462| 0.245| 26.387| 3.788|RC      | 0.9847| 0.827| 0.081|10.277| 0.025| 2.332| 0.010| 1.07e-03| 0.008| 3.906| 0.227|                |  0|KCat|Sloan|Simbad|284.96617|+38.65972
285.1862917|+38.6110833| 3526061|19004471+3836399|4770.3| 0.224| 0.002|128.243|10.667|RGB     | 1.0245| 1.274| 0.034| 5.797| 0.012| 3.017| 0.007| 9.22e-03| 0.007| 3.725| 0.074|                |  1|KCat|Sloan|Simbad|285.18629|+38.61108
285.4318750|+38.6674722| 3526625|19014365+3840029|4730.8| 0.108| 0.029| 34.439| 4.180|RC      | 1.0032| 1.124| 0.077|10.531| 0.023| 2.444| 0.010| 1.36e-03| 0.008| 3.698| 0.244|                |  1|KCat|Sloan|Simbad|285.43187|+38.66747
285.5928750|+38.6865556| 3526995|19022229+3841116|4758.6|-0.070| 0.057| 35.320| 4.171|RC      | 1.0018| 1.240| 0.077|10.905| 0.023| 2.456| 0.010| 1.35e-03| 0.008| 3.568| 0.229|                |  0|KCat|Sloan|Simbad|285.59287|+38.68656
285.6085833|+38.6284722| 3527032|19022606+3837425|4783.4|-0.147| 0.032| 42.719| 4.559|RGB     | 1.0340| 1.365| 0.041|10.392| 0.015| 2.540| 0.007| 1.72e-03| 0.007| 3.522| 0.265|                |  1|KCat|Sloan|Simbad|285.60858|+38.62847
285.8896667|+38.6005833| 3527708|19033352+3836021|4420.3|-0.131| 0.045|  8.597| 1.485|RGB     | 1.0356| 0.874| 0.044|18.901| 0.017| 1.826| 0.007| 1.83e-04| 0.008| 4.184| 0.289|Ageold          |  1|KCat|Sloan|Simbad|285.88967|+38.60058
285.9628333|+38.6736944| 3527891|19035108+3840253|4606.8| 0.072|-0.007| 30.863| 3.543|RGB     | 1.0375| 1.316| 0.042|12.114| 0.016| 2.391| 0.007| 1.04e-03| 0.008| 3.639| 0.310|                |  1|KCat|Sloan|Simbad|285.96283|+38.67369
286.2705000|+38.6501389| 3528656|19050492+3839005|4551.3|-0.341| 0.190| 20.774| 2.682|RGB     | 1.0393| 1.193| 0.043|14.102| 0.016| 2.216| 0.007| 6.00e-04| 0.008| 3.655| 0.266|                |  1|KCat|Sloan|Simbad|286.27050|+38.65014
286.4395833|+38.6041111| 3529097|19054550+3836148|4657.3| 0.262| 0.006| 33.719| 3.979|RC      | 1.0051| 1.245| 0.077|11.243| 0.023| 2.431| 0.010| 1.23e-03| 0.008| 3.629| 0.340|                |  1|KCat|Sloan|Simbad|286.43958|+38.60411
286.5052083|+38.6644722| 3529276|19060125+3839521|4828.4|-0.139| 0.024| 58.016| 5.630|RGB     | 1.0295| 1.517| 0.040| 9.378| 0.015| 2.675| 0.007| 2.59e-03| 0.007| 3.359| 0.273|                |  1|KCat|Sloan|Simbad|286.50521|+38.66447
286.5492917|+38.6357222| 3529399|19061183+3838086|4708.3| 0.124| 0.020|124.240|10.677|RGB     | 1.0261| 1.124| 0.034| 5.551| 0.012| 3.000| 0.007| 9.27e-03| 0.007| 3.890| 0.297|                |  0|KCat|Sloan|Simbad|286.54929|+38.63572
286.5822083|+38.6437222| 3529480|19061973+3838374|4781.4| 0.165| 0.001| 43.357| 4.582|RC      | 0.9959| 1.625| 0.073|11.255| 0.021| 2.546| 0.009| 1.61e-03| 0.008| 3.294| 0.224|                |  1|KCat|Sloan|Simbad|286.58221|+38.64372
286.6322917|+38.6782500| 3529597|19063175+3840417|4876.3| 0.103|-0.003| 51.313| 4.903|RC      | 1.0128| 1.979| 0.069|11.360| 0.019| 2.624| 0.009| 1.90e-03| 0.008| 3.103| 0.299|                |  1|KCat|Sloan|Simbad|286.63229|+38.67825
286.9838750|+38.6575000| 3530520|19075613+3839270|4595.1| 0.380| 0.034| 36.071| 3.937|AMB     | 1.0231| 1.455| 0.269|11.788| 0.059| 2.458| 0.010| 1.25e-03| 0.010| 3.522| 0.311|                |  1|KCat|Sloan|Simbad|286.98387|+38.65750
287.1011667|+38.6034722| 3530823|19082428+3836125|4875.8|-0.018| 0.000| 44.586| 4.607|RC      | 0.9974| 1.770| 0.072|11.526| 0.021| 2.563| 0.009| 1.63e-03| 0.008| 3.173| 0.281|                |  1|KCat|Sloan|Simbad|287.10117|+38.60347
287.1465417|+38.6040000| 3530942|19083517+3836144|4788.0|-0.062| 0.043| 56.061| 5.688|RGB     | 1.0336| 1.277| 0.040| 8.772| 0.015| 2.658| 0.007| 2.67e-03| 0.007| 3.648| 0.367|                |  0|KCat|Sloan|Simbad|287.14654|+38.60400
287.3239583|+38.6036389| 3531436|19091775+3836131|5074.0|-0.254| 0.047|175.848|13.676|RGB     | 1.0176| 1.370| 0.030| 5.055| 0.010| 3.167| 0.007| 1.49e-02| 0.006| 3.470| 0.301|                |  0|KCat|Sloan|Simbad|287.32396|+38.60364
287.3370417|+38.6406944| 3531478|19092089+3838265|4972.1|-0.034|-0.002|242.448|17.337|RGB     | 1.0167| 1.353| 0.028| 4.301| 0.009| 3.302| 0.007| 2.40e-02| 0.006| 3.547| 0.082|                |  1|KCat|Sloan|Simbad|287.33704|+38.64069
287.5648333|+38.6113333| 3532085|19101556+3836408|4703.5| 0.020| 0.069|104.543| 9.479|RGB     | 1.0292| 1.064| 0.036| 5.888| 0.013| 2.925| 0.007| 7.35e-03| 0.007| 3.958| 0.304|                |  0|KCat|Sloan|Simbad|287.56483|+38.61133
287.5771667|+38.6295000| 3532113|19101852+3837462|4672.4|-0.104| 0.018| 45.929| 4.925|RGB     | 1.0359| 1.194| 0.041| 9.429| 0.015| 2.566| 0.007| 2.01e-03| 0.007| 3.718| 0.418|                |  1|KCat|Sloan|Simbad|287.57717|+38.62950
287.8152917|+38.6406944| 3532734|19111567+3838265|4925.4|-0.102|-0.006|148.411|11.737|RGB     | 1.0191| 1.443| 0.032| 5.690| 0.011| 3.087| 0.007| 1.10e-02| 0.007| 3.426| 0.240|                |  1|KCat|Sloan|Simbad|287.81529|+38.64069
287.9151250|+38.6407778| 3532985|19113963+3838268|4932.3| 0.198|-0.023| 95.898| 7.881|RC      | 1.0072| 2.012| 0.049| 8.356| 0.010| 2.898| 0.007| 4.87e-03| 0.008| 3.008| 0.591|                |  0|KCat|Sloan|Simbad|287.91512|+38.64078
288.1043750|+38.6551944| 3533464|19122505+3839187|4858.9| 0.155| 0.005|193.883|14.730|RGB     | 1.0182| 1.275| 0.029| 4.696| 0.010| 3.200| 0.007| 1.74e-02| 0.006| 3.703| 0.069|                |  0|KCat|Sloan|Simbad|288.10437|+38.65519
288.1088333|+38.6272778| 3533480|19122612+3837382|4712.3|-0.149| 0.162| 27.189| 3.673|RC      | 1.0045| 0.918| 0.081|10.719| 0.025| 2.340| 0.010| 1.05e-03| 0.008| 3.857| 0.296|                |  0|KCat|Sloan|Simbad|288.10883|+38.62728
289.9560833|+38.6807222| 3539408|19194946+3840506|4959.3|-0.132| 0.002|114.819| 9.515|RGB     | 1.0211| 1.551| 0.035| 6.696| 0.012| 2.977| 0.007| 7.29e-03| 0.007| 3.318| 0.067|                |  0|KCat|Sloan|Simbad|289.95608|+38.68072
289.9631250|+38.6972222| 3539429|19195115+3841500|4723.7| 0.254| 0.041|113.266| 9.847|RGB     | 1.0276| 1.177| 0.035| 5.943| 0.012| 2.961| 0.007| 7.91e-03| 0.007| 3.858| 0.472|                |  0|KCat|Sloan|Simbad|289.96312|+38.69722
290.0959583|+38.6655278| 3539897|19202303+3839559|4295.2|-0.300| 0.181| 10.441| 1.612|RGB     | 1.0442| 1.045| 0.044|18.889| 0.017| 1.905| 0.007| 2.19e-04| 0.008| 3.884| 0.378|                |  0|KCat|Sloan|Simbad|290.09596|+38.66553
290.4083750|+38.6243889| 3541061|19213801+3837278|4958.5|-0.161| 0.038| 39.002| 4.444|RC      | 0.9994| 1.392| 0.075|10.885| 0.022| 2.508| 0.010| 1.52e-03| 0.008| 3.406| 0.372|                |  0|KCat|Sloan|Simbad|290.40837|+38.62439
290.5685417|+38.6647222| 3541631|19221645+3839530|4844.1|-0.252| 0.068| 25.723| 3.562|RC      | 1.0020| 0.924| 0.081|10.984| 0.025| 2.322| 0.010| 9.84e-04| 0.008| 3.832| 0.417|                |  0|KCat|Sloan|Simbad|290.56854|+38.66472
290.6533333|+38.6762500| 3541897|19223680+3840345|5040.2|-0.257| 0.068| 45.659| 4.554|RC      | 1.0017| 2.057| 0.072|12.177| 0.020| 2.580| 0.009| 1.61e-03| 0.008| 3.013| 0.450|                |  0|KCat|Sloan|Simbad|290.65333|+38.67625
291.1049167|+38.6790556| 3543433|19242518+3840446|4418.4| 0.063|-0.008|  9.706| 1.459|RGB     | 1.0399| 1.325| 0.044|21.908| 0.017| 1.879| 0.007| 1.78e-04| 0.008| 3.628| 0.322|                |  0|KCat|Sloan|Simbad|291.10492|+38.67906
291.1827500|+38.6918333| 3543722|19244386+3841306|4384.7|-0.148| 0.190| 17.730| 2.497|RGB     | 1.0465| 0.907| 0.043|13.439| 0.016| 2.139| 0.007| 5.27e-04| 0.008| 4.148| 0.238|Ageold          |  1|KCat|Sloan|Simbad|291.18275|+38.69183
291.2314167|+38.6204167| 3543887|19245554+3837135|4724.1|-0.114| 0.062| 44.588| 4.914|RGB     | 1.0377| 1.113| 0.041| 9.213| 0.015| 2.556| 0.007| 2.01e-03| 0.007| 3.826| 0.278|                |  0|KCat|Sloan|Simbad|291.23142|+38.62042
291.4311667|+38.6186944| 3544637|19254348+3837073|4756.6|-0.049| 0.065| 31.699| 3.943|RC      | 0.9975| 1.142| 0.078|11.046| 0.024| 2.409| 0.010| 1.19e-03| 0.008| 3.657| 0.273|                |  0|KCat|Sloan|Simbad|291.43117|+38.61869
291.5058750|+38.6702500| 3544887|19260141+3840129|4923.9|-0.209| 0.047| 31.265| 3.865|RC      | 0.9969| 1.253| 0.079|11.553| 0.024| 2.411| 0.010| 1.15e-03| 0.008| 3.508| 0.312|                |  0|KCat|Sloan|Simbad|291.50587|+38.67025
291.5350000|+38.6571111| 3544987|19260840+3839256|4364.0|-0.249| 0.158| 12.550| 1.852|RGB     | 1.0443| 1.064| 0.044|17.321| 0.016| 1.988| 0.007| 2.89e-04| 0.008| 3.855| 0.195|                |  0|KCat|Sloan|Simbad|291.53500|+38.65711
291.5490833|+38.6023611| 3545033|19261178+3836085|4683.1| 0.295|-0.008| 78.711| 7.191|RGB     | 1.0308| 1.354| 0.038| 7.663| 0.014| 2.801| 0.007| 4.24e-03| 0.007| 3.654| 0.269|                |  0|KCat|Sloan|Simbad|291.54908|+38.60236
291.5770833|+38.6425278| 3545147|19261850+3838331|4701.0| 0.133|-0.033| 54.761| 5.280|RGB     | 1.0311| 1.575| 0.040| 9.902| 0.015| 2.644| 0.007| 2.29e-03| 0.007| 3.377| 0.102|                |  1|KCat|Sloan|Simbad|291.57708|+38.64253
291.8050417|+38.6479722| 3546046|19271321+3838527|4835.6| 0.151| 0.012|178.594|13.910|RGB     | 1.0195| 1.238| 0.030| 4.827| 0.010| 3.163| 0.007| 1.55e-02| 0.006| 3.747| 0.148|                |  0|KCat|Sloan|Simbad|291.80504|+38.64797
292.0648333|+38.6703333| 3547041|19281556+3840132|4644.3| 0.357| 0.019|103.285| 8.987|RGB     | 1.0291| 1.246| 0.036| 6.432| 0.013| 2.917| 0.007| 6.60e-03| 0.007| 3.790| 0.350|                |  0|KCat|Sloan|Simbad|292.06483|+38.67033
292.1180833|+38.6896667| 3547236|19282834+3841228|4787.9| 0.151|-0.005|136.199|11.422|RGB     | 1.0240| 1.169| 0.033| 5.384| 0.011| 3.044| 0.007| 1.06e-02| 0.007| 3.838| 0.468|                |  0|KCat|Sloan|Simbad|292.11808|+38.68967
292.1824583|+38.6283056| 3547488|19284379+3837419|4656.5| 0.184| 0.021| 72.409| 6.867|RGB     | 1.0326| 1.248| 0.038| 7.681| 0.014| 2.763| 0.007| 3.88e-03| 0.007| 3.752| 0.499|                |  0|KCat|Sloan|Simbad|292.18246|+38.62831
292.5086667|+38.6927778| 3548732|19300208+3841340|4666.3| 0.150|-0.026| 44.061| 4.351|RGB     | 1.0290| 1.773| 0.041|11.734| 0.015| 2.548| 0.007| 1.55e-03| 0.007| 3.201| 0.131|                |  0|KCat|Sloan|Simbad|292.50867|+38.69278
293.6350417|+38.6800000| 3553319|19343241+3840480|4835.2|-0.168| 0.025| 59.849| 5.521|RGB     | 1.0227| 1.854| 0.039|10.202| 0.014| 2.689| 0.007| 2.46e-03| 0.007| 3.071| 0.218|                |  0|KCat|Sloan|Simbad|293.63504|+38.68000
293.6865833|+38.6571389| 3553529|19344478+3839257|4724.5| 0.345|-0.022|112.638| 9.174|RGB     | 1.0245| 1.555| 0.035| 6.850| 0.012| 2.958| 0.007| 6.82e-03| 0.007| 3.441| 0.375|                |  0|KCat|Sloan|Simbad|293.68658|+38.65714
293.7713750|+38.6777500| 3553885|19350513+3840399|4108.0|-0.132| 0.026|       |      |REJECT  |       |      |      |      |      |      |      |         |      |      |      |No Seis         |  0|KCat|Sloan|Simbad|293.77137|+38.67775
294.1107917|+38.6927500| 3555292|19362659+3841339|4903.9| 0.088| 0.017| 56.320| 5.392|RC      | 1.0034| 1.872| 0.067|10.532| 0.018| 2.665| 0.009| 2.26e-03| 0.008| 3.148| 0.640|                |  0|KCat|Sloan|Simbad|294.11079|+38.69275
294.1917500|+38.6717500| 3555594|19364602+3840183|4740.0| 0.041|-0.017| 68.571| 6.486|RGB     | 1.0306| 1.378| 0.039| 8.259| 0.014| 2.743| 0.007| 3.45e-03| 0.007| 3.564| 0.526|                |  0|KCat|Sloan|Simbad|294.19175|+38.67175
294.4862917|+38.6228056| 3556801|19375671+3837221|4538.6| 0.171| 0.093| 59.382| 6.021|RGB     | 1.0365| 1.103| 0.039| 8.027| 0.014| 2.672| 0.007| 3.01e-03| 0.007| 3.944| 0.303|                |  0|KCat|Sloan|Simbad|294.48629|+38.62281
295.0874583|+38.6157222| 3559502|19402099+3836566|4603.4| 0.357|-0.010| 74.658| 7.047|RGB     | 1.0340| 1.206| 0.038| 7.458| 0.014| 2.774| 0.007| 4.10e-03| 0.007| 3.841| 0.262|                |  0|KCat|Sloan|Simbad|295.08746|+38.61572
295.2192500|+38.6053889| 3560093|19405262+3836194|5065.7|-0.054| 0.002| 82.683| 7.134|RC      | 0.9942| 2.105| 0.055| 9.143| 0.012| 2.839| 0.008| 3.88e-03| 0.008| 3.013| 0.266|                |  0|KCat|Sloan|Simbad|295.21925|+38.60539
295.2400833|+38.6773333| 3560181|19405762+3840384|4616.6| 0.238| 0.018| 32.206| 3.859|RC      | 1.0072| 1.201| 0.078|11.323| 0.023| 2.409| 0.010| 1.17e-03| 0.008| 3.665| 0.295|                |  1|KCat|Sloan|Simbad|295.24008|+38.67733
286.2726250|+38.7203611| 3629684|19050543+3843133|4743.3| 0.081|-0.007| 67.986| 6.493|RGB     | 1.0314| 1.334| 0.039| 8.159| 0.014| 2.740| 0.007| 3.46e-03| 0.007| 3.616| 0.347|                |  0|KCat|Sloan|Simbad|286.27262|+38.72036
286.5170417|+38.7264167| 3630240|19060409+3843351|5041.7|-0.550| 0.157|       |      |REJECT  |       |      |      |      |      |      |      |         |      |      |      |No Seis         |  0|KCat|Sloan|Simbad|286.51704|+38.72642
286.8294583|+38.7285278| 3631092|19071907+3843427|5026.9|-0.003|-0.005|191.592|13.999|RGB     | 1.0168| 1.596| 0.029| 5.241| 0.010| 3.202| 0.007| 1.56e-02| 0.006| 3.298| 0.202|                |  1|KCat|Sloan|Simbad|286.82946|+38.72853
286.9568333|+38.7918889| 3631402|19074964+3847308|4821.5| 0.172|-0.032| 47.279| 4.854|RC      | 0.9919| 1.722| 0.071|11.071| 0.020| 2.586| 0.009| 1.79e-03| 0.008| 3.240| 0.346|                |  1|KCat|Sloan|Simbad|286.95683|+38.79189
287.1132083|+38.7565000| 3631821|19082717+3845234|4949.2|-0.072|-0.024| 58.180| 5.523|RC      | 1.0018| 1.913| 0.066|10.452| 0.017| 2.681| 0.009| 2.36e-03| 0.008| 3.104| 0.205|                |  1|KCat|Sloan|Simbad|287.11321|+38.75650
287.6112917|+38.7747222| 3633057|19102671+3846290|4796.3|-0.229| 0.041| 50.427| 5.236|RGB     | 1.0331| 1.300| 0.040| 9.328| 0.015| 2.613| 0.007| 2.26e-03| 0.007| 3.557| 0.389|                |  1|KCat|Sloan|Simbad|287.61129|+38.77472
287.6501250|+38.7640000| 3633152|19103603+3845504|4530.1|-0.242| 0.188| 33.385| 4.008|RGB     | 1.0413| 0.978| 0.042|10.084| 0.016| 2.421| 0.007| 1.34e-03| 0.007| 4.000| 0.243|                |  1|KCat|Sloan|Simbad|287.65012|+38.76400
287.7112500|+38.7581667| 3633335|19105070+3845294|3922.5| 0.430|-0.021|  4.078| 0.660|RGB     | 1.0205| 2.119| 0.044|44.028| 0.017| 1.477| 0.007| 3.50e-05| 0.008| 3.027| 0.599|                |  0|KCat|Sloan|Simbad|287.71125|+38.75817
287.8617500|+38.7497500| 3633751|19112682+3844591|5078.2|-0.139| 0.008|177.907|13.637|RGB     | 1.0175| 1.437| 0.030| 5.147| 0.010| 3.172| 0.007| 1.49e-02| 0.006| 3.428| 0.367|                |  0|KCat|Sloan|Simbad|287.86175|+38.74975
288.0339167|+38.7518333| 3634224|19120814+3845066|4692.3| 0.216| 0.000| 96.133| 8.592|RGB     | 1.0293| 1.221| 0.036| 6.581| 0.013| 2.888| 0.007| 6.04e-03| 0.007| 3.789| 0.240|                |  0|KCat|Sloan|Simbad|288.03392|+38.75183
288.1188750|+38.7918333| 3634488|19122853+3847306|4968.8|-0.170| 0.011|233.826|17.357|RGB     | 1.0168| 1.207| 0.028| 4.136| 0.009| 3.286| 0.007| 2.40e-02| 0.006| 3.687| 0.032|                |  0|KCat|Sloan|Simbad|288.11887|+38.79183
288.1973750|+38.7906944| 3634720|19124737+3847265|4863.2| 0.016| 0.009| 37.270| 3.962|RC      | 1.0035| 1.838| 0.076|12.854| 0.022| 2.484| 0.010| 1.22e-03| 0.008| 3.152| 0.274|                |  1|KCat|Sloan|Simbad|288.19737|+38.79069
290.2630833|+38.7571944| 3641504|19210314+3845259|5039.8|-0.341| 0.030| 96.269| 8.861|RGB     | 1.0249| 1.227| 0.036| 6.476| 0.013| 2.904| 0.007| 6.37e-03| 0.007| 3.607| 0.422|                |  0|KCat|Sloan|Simbad|290.26308|+38.75719
290.4220000|+38.7423056| 3642038|19214128+3844323|4710.9|-0.084|-0.005| 40.539| 4.272|RGB     | 1.0331| 1.484| 0.041|11.165| 0.015| 2.514| 0.007| 1.50e-03| 0.007| 3.418| 0.304|                |  1|KCat|Sloan|Simbad|290.42200|+38.74231
290.4520000|+38.7157778| 3642135|19214848+3842568|5019.4|-0.206| 0.061| 50.443| 4.948|RC      | 1.0083| 1.927| 0.070|11.224| 0.019| 2.623| 0.009| 1.92e-03| 0.008| 3.056| 0.384|                |  0|KCat|Sloan|Simbad|290.45200|+38.71578
290.6704583|+38.7116667| 3642837|19224091+3842420|4717.2| 0.201| 0.004| 87.706| 8.027|RGB     | 1.0306| 1.220| 0.037| 6.879| 0.013| 2.849| 0.007| 5.28e-03| 0.007| 3.788| 0.508|                |  0|KCat|Sloan|Simbad|290.67046|+38.71167
291.0770000|+38.7880556| 3644223|19241848+3847170|4934.3|-0.119|-0.002|165.091|13.256|RGB     | 1.0190| 1.225| 0.031| 4.968| 0.011| 3.134| 0.007| 1.41e-02| 0.007| 3.668| 0.031|                |  0|KCat|Sloan|Simbad|291.07700|+38.78806
291.2827500|+38.7556389| 3644958|19250786+3845203|4975.0|-0.154| 0.017|110.763| 9.306|RGB     | 1.0216| 1.526| 0.035| 6.756| 0.012| 2.962| 0.007| 6.98e-03| 0.007| 3.344| 0.163|                |  0|KCat|Sloan|Simbad|291.28275|+38.75564
291.3475417|+38.7859444| 3645232|19252341+3847094|4403.5|-0.636| 0.221|  8.359| 1.402|RGB     | 1.0435| 0.975| 0.044|20.263| 0.017| 1.813| 0.007| 1.65e-04| 0.008| 3.893| 0.241|                |  1|KCat|Sloan|Simbad|291.34754|+38.78594
291.4379583|+38.7641667| 3645589|19254511+3845510|4788.7| 0.247| 0.002|158.272|12.642|RGB     | 1.0218| 1.234| 0.031| 5.130| 0.011| 3.109| 0.007| 1.29e-02| 0.007| 3.780| 0.281|                |  0|KCat|Sloan|Simbad|291.43796|+38.76417
291.5725833|+38.7768611| 3646127|19261742+3846367|4745.7|-0.133| 0.034| 49.559| 5.208|RGB     | 1.0350| 1.232| 0.040| 9.184| 0.015| 2.603| 0.007| 2.24e-03| 0.007| 3.667| 0.279|                |  0|KCat|Sloan|Simbad|291.57258|+38.77686
291.7042083|+38.7671111| 3646628|19264901+3846016|4745.1|-0.004| 0.003| 26.929| 3.571|RC      | 0.9994| 1.029| 0.081|11.384| 0.025| 2.338| 0.010| 9.83e-04| 0.008| 3.764| 0.298|                |  0|KCat|Sloan|Simbad|291.70421|+38.76711
291.7844583|+38.7031944| 3646933|19270827+3842115|4201.1| 0.162|-0.032|  5.763| 1.025|RGB     | 1.0467| 1.030| 0.044|25.386| 0.017| 1.642| 0.007| 8.89e-05| 0.008| 4.032| 0.318|                |  1|KCat|Sloan|Simbad|291.78446|+38.70319
291.8619167|+38.7510000| 3647215|19272686+3845036|4778.9|-0.249| 0.226|135.841|11.851|RGB     | 1.0235| 1.000| 0.033| 4.989| 0.012| 3.042| 0.007| 1.14e-02| 0.007| 3.965| 0.200|                |  0|KCat|Sloan|Simbad|291.86192|+38.75100
292.9128750|+38.7280278| 3651360|19313909+3843409|4740.5| 0.112| 0.111| 28.713| 3.497|RC      | 1.0177| 1.259| 0.080|12.197| 0.024| 2.365| 0.010| 9.78e-04| 0.008| 3.580| 0.302|                |  0|KCat|Sloan|Simbad|292.91287|+38.72803
293.7069167|+38.7769444| 3654437|19344966+3846370|4956.6| 0.005|-0.013| 69.820| 6.184|RC      | 1.0008| 2.116| 0.061|10.029| 0.015| 2.761| 0.008| 2.96e-03| 0.008| 3.030| 0.274|                |  0|KCat|Sloan|Simbad|293.70692|+38.77694
293.8212083|+38.7448333| 3654897|19351709+3844414|4417.2|-0.134| 0.004|  8.869| 1.374|RGB     | 1.0391| 1.288| 0.044|22.595| 0.017| 1.840| 0.007| 1.57e-04| 0.008| 3.603| 0.304|                |  0|KCat|Sloan|Simbad|293.82121|+38.74483
294.1400417|+38.7885000| 3656231|19363361+3847186|4769.1| 0.077| 0.010| 37.815| 4.262|RC      | 0.9946| 1.442| 0.076|11.357| 0.022| 2.486| 0.010| 1.39e-03| 0.008| 3.415| 0.381|                |  1|KCat|Sloan|Simbad|294.14004|+38.78850
294.1416250|+38.7006667| 3656240|19363399+3842024|5084.9|-0.188| 0.039| 99.524| 8.140|RC      | 0.9917| 2.201| 0.048| 8.513| 0.010| 2.920| 0.007| 5.03e-03| 0.008| 2.922| 0.501|                |  0|KCat|Sloan|Simbad|294.14162|+38.70067
294.2723750|+38.7633889| 3656761|19370537+3845482|4204.5|-0.221| 0.047|  3.395| 0.656|RGB     | 1.0290| 1.348| 0.044|37.823| 0.017| 1.412| 0.007| 3.52e-05| 0.008| 3.502| 0.678|                |  0|KCat|Sloan|Simbad|294.27237|+38.76339
294.6014583|+38.7959444| 3658136|19382435+3847454|4409.5|-0.084| 0.044|  7.973| 1.385|RGB     | 1.0382| 0.908| 0.044|20.018| 0.017| 1.793| 0.007| 1.60e-04| 0.008| 4.164| 0.540|Ageold          |  1|KCat|Sloan|Simbad|294.60146|+38.79594
294.7500417|+38.7436389| 3658812|19390001+3844371|4570.1|-0.679| 0.221| 16.945| 2.421|RGB     | 1.0428| 0.967| 0.043|14.045| 0.016| 2.128| 0.007| 4.92e-04| 0.008| 3.885| 0.131|                |  0|KCat|Sloan|Simbad|294.75004|+38.74364
295.0952917|+38.7588333| 3660374|19402287+3845318|4680.1| 0.109| 0.009| 48.422| 4.898|RGB     | 1.0332| 1.449| 0.040|10.109| 0.015| 2.590| 0.007| 1.98e-03| 0.007| 3.509| 0.408|                |  0|KCat|Sloan|Simbad|295.09529|+38.75883
295.1234583|+38.7194444| 3660498|19402963+3843100|4621.6|-0.176| 0.179| 57.982| 6.132|RGB     | 1.0377| 0.976| 0.040| 7.608| 0.015| 2.665| 0.007| 3.13e-03| 0.007| 4.024| 0.088|                |  0|KCat|Sloan|Simbad|295.12346|+38.71944
295.1368333|+38.7891667| 3660554|19403284+3847210|4899.6|-0.207| 0.035| 39.228| 4.403|RC      | 0.9979| 1.452| 0.075|11.116| 0.022| 2.508| 0.010| 1.49e-03| 0.008| 3.335| 0.449|                |  1|KCat|Sloan|Simbad|295.13683|+38.78917
295.1904583|+38.7618333| 3660820|19404571+3845426|4761.3|-0.122| 0.042| 32.343| 3.913|RC      | 1.0036| 1.221| 0.078|11.308| 0.023| 2.418| 0.010| 1.19e-03| 0.008| 3.558| 0.338|                |  1|KCat|Sloan|Simbad|295.19046|+38.76183
295.2302500|+38.7962500| 3660976|19405526+3847465|5025.4|-0.132| 0.031| 40.029| 3.909|RC      | 1.0103| 2.456| 0.075|14.223| 0.022| 2.522| 0.010| 1.20e-03| 0.008| 2.755| 0.411|                |  1|KCat|Sloan|Simbad|295.23025|+38.79625
295.2742083|+38.7260833| 3661182|19410581+3843339|4126.5| 0.341| 0.049|  9.106| 1.552|RGB     | 1.0076| 0.875| 0.044|18.695| 0.017| 1.837| 0.007| 1.89e-04| 0.008| 4.251| 0.791|Ageold          |  0|KCat|Sloan|Simbad|295.27421|+38.72608
295.2920833|+38.7868611| 3661266|19411010+3847127|4713.6|-0.071| 0.030| 43.992| 4.634|RGB     | 1.0340| 1.367| 0.041|10.284| 0.015| 2.549| 0.007| 1.77e-03| 0.007| 3.549| 0.408|                |  0|KCat|Sloan|Simbad|295.29208|+38.78686
295.3397500|+38.7200833| 3661494|19412154+3843123|4841.8|-0.288| 0.065| 87.721| 8.348|RGB     | 1.0290| 1.092| 0.037| 6.466| 0.013| 2.855| 0.007| 5.70e-03| 0.007| 3.817| 0.105|                |  0|KCat|Sloan|Simbad|295.33975|+38.72008
295.4896667|+38.7512222| 3662233|19415752+3845044|4081.5|-0.189| 0.168|  4.230| 0.822|RGB     | 1.0401| 0.967| 0.044|28.913| 0.017| 1.501| 0.007| 5.64e-05| 0.008| 4.026| 0.272|                |  1|KCat|Sloan|Simbad|295.48967|+38.75122
295.5005417|+38.7471389| 3662283|19420013+3844497|4532.0|-0.226| 0.060|  9.001| 1.191|RGB     | 1.0091| 2.788| 0.044|32.789| 0.017| 1.852| 0.007| 1.11e-04| 0.008| 2.518| 0.383|SeisUnc         |  0|KCat|Sloan|Simbad|295.50054|+38.74714
295.6464583|+38.7808333| 3663047|19423515+3846510|4647.4| 0.008| 0.020| 54.878| 5.652|RGB     | 1.0358| 1.165| 0.040| 8.531| 0.015| 2.642| 0.007| 2.65e-03| 0.007| 3.813| 0.263|                |  0|KCat|Sloan|Simbad|295.64646|+38.78083
295.6750833|+38.7952778| 3663200|19424202+3847430|5035.3| 0.013|-0.007| 90.996| 7.632|RC      | 0.9968| 2.101| 0.051| 8.720| 0.011| 2.879| 0.008| 4.47e-03| 0.008| 2.989| 0.151|                |  0|KCat|Sloan|Simbad|295.67508|+38.79528
284.7207917|+38.8448333| 3727412|18585299+3850414|4785.9|-0.120| 0.040| 32.540| 3.985|RC      | 0.9986| 1.189| 0.078|11.110| 0.023| 2.422| 0.010| 1.22e-03| 0.008| 3.590| 0.196|                |  0|KCat|Sloan|Simbad|284.72079|+38.84483
285.3118333|+38.8518889| 3728936|19011484+3851068|4926.6|-0.094| 0.039| 42.997| 4.569|RC      | 1.0001| 1.649| 0.073|11.300| 0.021| 2.549| 0.009| 1.61e-03| 0.008| 3.217| 0.279|                |  0|KCat|Sloan|Simbad|285.31183|+38.85189
285.4092083|+38.8564444| 3729141|19013821+3851232|4590.6| 0.258| 0.008| 25.187| 3.462|RC(S)   | 0.9980| 0.911| 0.082|11.171| 0.025| 2.301| 0.010| 9.22e-04| 0.008| 3.941| 0.631|                |  0|KCat|Sloan|Simbad|285.40921|+38.85644
285.6891667|+38.8888333| 3729799|19024540+3853198|4728.7|-0.220| 0.043| 37.188| 4.147|RGB     | 1.0355| 1.286| 0.041|10.840| 0.015| 2.477| 0.007| 1.42e-03| 0.007| 3.574| 0.285|                |  1|KCat|Sloan|Simbad|285.68917|+38.88883
285.7032083|+38.8782222| 3729833|19024877+3852416|4658.1| 0.115| 0.001| 52.024| 5.242|RGB     | 1.0340| 1.355| 0.040| 9.445| 0.015| 2.620| 0.007| 2.27e-03| 0.007| 3.610| 0.317|                |  0|KCat|Sloan|Simbad|285.70321|+38.87822
285.7274583|+38.8261111| 3729884|19025459+3849340|4685.7| 0.239| 0.002| 36.540| 4.129|AMB     | 1.0184| 1.314| 0.190|11.069| 0.082| 2.468| 0.010| 1.37e-03| 0.010| 3.644| 0.519|SeisUnc         |  0|KCat|Sloan|Simbad|285.72746|+38.82611
285.8332500|+38.8969167| 3730125|19031998+3853489|4429.4|-0.194| 0.072|  7.945| 1.407|RGB     | 1.0305| 0.874| 0.044|19.658| 0.017| 1.793| 0.007| 1.62e-04| 0.008| 4.185| 0.341|Ageold          |  1|KCat|Sloan|Simbad|285.83325|+38.89692
286.0795417|+38.8062222| 3730689|19041909+3848224|4826.7| 0.118| 0.018| 44.800| 4.605|RC      | 1.0045| 1.721| 0.072|11.368| 0.020| 2.562| 0.009| 1.65e-03| 0.008| 3.228| 0.304|                |  0|KCat|Sloan|Simbad|286.07954|+38.80622
286.1393750|+38.8740833| 3730854|19043345+3852267|4549.6| 0.181| 0.007| 42.646| 4.619|RGB     | 1.0378| 1.178| 0.041| 9.783| 0.015| 2.528| 0.007| 1.77e-03| 0.007| 3.839| 0.348|                |  1|KCat|Sloan|Simbad|286.13937|+38.87408
287.0022917|+38.8673889| 3733028|19080055+3852026|4964.9| 0.108|-0.019|176.384|13.201|RGB     | 1.0178| 1.540| 0.030| 5.381| 0.010| 3.164| 0.007| 1.39e-02| 0.006| 3.395| 0.170|                |  1|KCat|Sloan|Simbad|287.00229|+38.86739
287.0662500|+38.8101667| 3733209|19081590+3848366|4589.1| 0.343| 0.014| 27.931| 3.804|RC(S)   | 1.0049| 0.830| 0.080|10.122| 0.024| 2.346| 0.010| 1.13e-03| 0.008| 4.031| 0.443|                |  0|KCat|Sloan|Simbad|287.06625|+38.81017
287.4018333|+38.8231111| 3734104|19093644+3849232|4641.5| 0.116| 0.011| 58.429| 5.865|RGB     | 1.0352| 1.214| 0.040| 8.440| 0.015| 2.669| 0.007| 2.85e-03| 0.007| 3.774| 0.381|                |  1|KCat|Sloan|Simbad|287.40183|+38.82311
287.8525417|+38.8076667| 3735269|19112461+3848276|4644.3|-0.058| 0.098| 36.008| 4.142|RGB     | 1.0387| 1.128| 0.042|10.363| 0.015| 2.459| 0.007| 1.43e-03| 0.007| 3.837| 0.525|                |  0|KCat|Sloan|Simbad|287.85254|+38.80767
287.9204583|+38.8649167| 3735447|19114091+3851537|4608.7| 0.132| 0.026| 66.766| 6.631|RGB     | 1.0358| 1.094| 0.039| 7.511| 0.014| 2.726| 0.007| 3.64e-03| 0.007| 3.940| 0.319|                |  0|KCat|Sloan|Simbad|287.92046|+38.86492
288.0118750|+38.8670556| 3735699|19120285+3852014|4190.0|-0.007| 0.010|  4.049| 0.788|RGB     | 1.0402| 1.041| 0.044|30.467| 0.017| 1.488| 0.007| 5.19e-05| 0.008| 3.948| 0.464|                |  0|KCat|Sloan|Simbad|288.01187|+38.86706
288.0805417|+38.8096667| 3735912|19121933+3848348|5026.8|-0.075| 0.012|201.995|14.794|RGB     | 1.0170| 1.499| 0.028| 4.945| 0.009| 3.225| 0.007| 1.75e-02| 0.006| 3.392| 0.304|                |  0|KCat|Sloan|Simbad|288.08054|+38.80967
288.2143333|+38.8405833| 3736289|19125144+3850261|4966.4|-0.048| 0.011| 49.903| 4.995|RC      | 1.0001| 1.827| 0.070|11.017| 0.019| 2.616| 0.009| 1.93e-03| 0.008| 3.145| 0.277|                |  0|KCat|Sloan|Simbad|288.21433|+38.84058
288.2568333|+38.8883889| 3736401|19130164+3853182|4715.4| 0.087| 0.026| 31.696| 4.052|RC      | 1.0030| 0.988| 0.078|10.298| 0.024| 2.407| 0.010| 1.28e-03| 0.008| 3.827| 0.298|                |  1|KCat|Sloan|Simbad|288.25683|+38.88839
288.2858750|+38.8974167| 3736477|19130861+3853507|4857.6|-0.537| 0.180| 28.266| 3.990|RC      | 0.9854| 0.837| 0.080| 9.962| 0.024| 2.364| 0.010| 1.19e-03| 0.008| 3.883| 0.275|                |  1|KCat|Sloan|Simbad|288.28587|+38.89742
290.2129583|+38.8107222| 3742673|19205111+3848386|4787.5| 0.041| 0.003| 63.957| 6.109|RGB     | 1.0306| 1.442| 0.039| 8.726| 0.014| 2.715| 0.007| 3.06e-03| 0.007| 3.496| 0.400|                |  0|KCat|Sloan|Simbad|290.21296|+38.81072
290.6142917|+38.8480278| 3744043|19222743+3850529|4922.7|-0.295| 0.020|111.207| 9.854|RGB     | 1.0239| 1.198| 0.035| 5.991| 0.012| 2.962| 0.007| 7.86e-03| 0.007| 3.654| 0.019|                |  0|KCat|Sloan|Simbad|290.61429|+38.84803
290.8097917|+38.8823889| 3744681|19231435+3852566|4938.1| 0.042|-0.034| 62.155| 5.503|RC      | 1.0065| 2.315| 0.064|11.129| 0.017| 2.710| 0.009| 2.37e-03| 0.008| 2.917| 0.129|                |  0|KCat|Sloan|Simbad|290.80979|+38.88239
290.9449583|+38.8860833| 3745153|19234679+3853099|4925.1|-0.113| 0.018| 44.645| 4.638|RC      | 0.9986| 1.747| 0.072|11.415| 0.020| 2.565| 0.009| 1.66e-03| 0.008| 3.166| 0.200|                |  0|KCat|Sloan|Simbad|290.94496|+38.88608
291.6666250|+38.8901667| 3747777|19263999+3853246|4655.5| 0.142|-0.023| 43.558| 4.431|RGB     | 1.0327| 1.566| 0.041|11.097| 0.015| 2.542| 0.007| 1.62e-03| 0.007| 3.394| 0.202|                |  1|KCat|Sloan|Simbad|291.66662|+38.89017
291.6902917|+38.8525000| 3747860|19264567+3851090|4703.7|-0.183| 0.041| 35.904| 4.108|RGB     | 1.0373| 1.183| 0.042|10.597| 0.015| 2.461| 0.007| 1.40e-03| 0.007| 3.726| 0.272|                |  1|KCat|Sloan|Simbad|291.69029|+38.85250
291.8943750|+38.8470278| 3748691|19273465+3850493|4762.8| 0.121|-0.003| 38.843| 4.195|RC      | 0.9958| 1.654| 0.075|12.007| 0.022| 2.498| 0.010| 1.35e-03| 0.008| 3.270| 0.282|                |  1|KCat|Sloan|Simbad|291.89437|+38.84703
292.0981667|+38.8718333| 3749487|19282356+3852186|4783.8| 0.032|-0.031| 69.987| 6.511|RGB     | 1.0292| 1.471| 0.039| 8.426| 0.014| 2.754| 0.007| 3.47e-03| 0.007| 3.463| 0.059|                |  0|KCat|Sloan|Simbad|292.09817|+38.87183
292.4204167|+38.8392778| 3750613|19294090+3850214|4354.1|-0.112| 0.169| 16.004| 2.302|RGB     | 1.0471| 0.912| 0.043|14.207| 0.016| 2.093| 0.007| 4.49e-04| 0.008| 4.160| 0.243|Ageold          |  0|KCat|Sloan|Simbad|292.42042|+38.83928
292.4207083|+38.8067222| 3750614|19294097+3848242|4592.3| 0.000| 0.034| 51.561| 5.520|RGB     | 1.0383| 1.034| 0.040| 8.314| 0.015| 2.613| 0.007| 2.54e-03| 0.007| 3.997| 0.183|                |  0|KCat|Sloan|Simbad|292.42071|+38.80672
292.4650000|+38.8218333| 3750783|19295160+3849186|5067.8| 0.021|-0.031|110.108| 8.672|RC      | 0.9971| 2.252| 0.047| 8.194| 0.009| 2.964| 0.007| 5.77e-03| 0.008| 2.935| 0.200|                |  0|KCat|Sloan|Simbad|292.46500|+38.82183
292.4952083|+38.8008333| 3750891|19295885+3848030|4614.7| 0.158| 0.027| 54.593| 5.607|RGB     | 1.0363| 1.170| 0.040| 8.585| 0.015| 2.639| 0.007| 2.61e-03| 0.007| 3.844| 0.212|                |  0|KCat|Sloan|Simbad|292.49521|+38.80083
292.5869167|+38.8709444| 3751222|19302086+3852154|4870.2|-0.058| 0.030| 39.254| 4.387|RC      | 1.0004| 1.449| 0.075|11.118| 0.022| 2.507| 0.010| 1.49e-03| 0.008| 3.380| 0.102|                |  0|KCat|Sloan|Simbad|292.58692|+38.87094
293.5154167|+38.8660000| 3754895|19340370+3851576|4615.1|-0.093| 0.156| 65.829| 6.633|RGB     | 1.0358| 1.049| 0.039| 7.405| 0.014| 2.720| 0.007| 3.65e-03| 0.007| 3.947| 0.000|                |  0|KCat|Sloan|Simbad|293.51542|+38.86600
293.8050833|+38.8168333| 3756174|19351322+3849006|4641.7| 0.300|-0.011|107.600| 9.438|RGB     | 1.0291| 1.157| 0.035| 6.074| 0.013| 2.935| 0.007| 7.28e-03| 0.007| 3.893| 0.171|                |  1|KCat|Sloan|Simbad|293.80508|+38.81683
293.8065833|+38.8401111| 3756180|19351358+3850244|4617.1| 0.132| 0.013| 54.900| 5.604|RGB     | 1.0356| 1.196| 0.040| 8.656| 0.015| 2.641| 0.007| 2.60e-03| 0.007| 3.802| 0.216|                |  0|KCat|Sloan|Simbad|293.80658|+38.84011
293.9365833|+38.8928056| 3756737|19354478+3853341|4542.4| 0.320| 0.030| 31.356| 3.743|RC      | 1.0138| 1.190| 0.079|11.470| 0.024| 2.394| 0.010| 1.11e-03| 0.008| 3.689| 0.368|                |  1|KCat|Sloan|Simbad|293.93658|+38.89281
294.3552500|+38.8618056| 3758458|19372526+3851425|5049.3| 0.154| 0.009| 68.333| 5.885|RC      | 1.0030| 2.465| 0.061|10.892| 0.015| 2.756| 0.008| 2.69e-03| 0.008| 2.885| 0.386|                |  1|KCat|Sloan|Simbad|294.35525|+38.86181
294.3692500|+38.8175556| 3758505|19372862+3849032|5057.1|-0.035| 0.010|155.011|12.035|RGB     | 1.0182| 1.553| 0.032| 5.738| 0.011| 3.112| 0.007| 1.16e-02| 0.007| 3.342| 0.379|                |  0|KCat|Sloan|Simbad|294.36925|+38.81756
294.4300417|+38.8172500| 3758731|19374321+3849021|5075.1| 0.063|-0.012| 76.899| 6.254|RC      | 0.9907| 2.917| 0.058|11.155| 0.013| 2.808| 0.008| 2.96e-03| 0.008| 2.613| 0.427|                |  0|KCat|Sloan|Simbad|294.43004|+38.81725
294.6540417|+38.8918333| 3759654|19383697+3853306|5093.0|-0.058|-0.002| 90.570| 7.761|RC      | 0.9987| 1.956| 0.052| 8.409| 0.011| 2.880| 0.008| 4.64e-03| 0.008| 2.989| 0.150|                |  0|KCat|Sloan|Simbad|294.65404|+38.89183
294.6635417|+38.8964722| 3759696|19383925+3853473|4584.1| 0.383| 0.042| 27.772| 4.048|RC      | 0.9902| 0.673| 0.080| 9.149| 0.024| 2.344| 0.010| 1.24e-03| 0.008| 4.179| 0.368|Ageold          |  0|KCat|Sloan|Simbad|294.66354|+38.89647
294.6927083|+38.8590000| 3759814|19384625+3851324|4994.0|-0.122|-0.001|220.410|16.542|RGB     | 1.0168| 1.234| 0.028| 4.303| 0.009| 3.262| 0.007| 2.18e-02| 0.006| 3.654| 0.000|                |  0|KCat|Sloan|Simbad|294.69271|+38.85900
294.8294167|+38.8388056| 3760337|19391906+3850197|4744.9| 0.128| 0.008| 37.504| 4.264|RC(S)   | 1.0006| 1.360| 0.076|11.090| 0.022| 2.482| 0.010| 1.40e-03| 0.008| 3.496| 0.314|                |  1|KCat|Sloan|Simbad|294.82942|+38.83881
294.9122917|+38.8889167| 3760664|19393895+3853201|4867.1|-0.338| 0.040| 80.669| 7.795|RGB     | 1.0292| 1.125| 0.038| 6.834| 0.014| 2.820| 0.007| 4.97e-03| 0.007| 3.738| 0.347|                |  0|KCat|Sloan|Simbad|294.91229|+38.88892
294.9539583|+38.8488056| 3760843|19394895+3850557|4945.7| 0.288| 0.011|102.121| 8.146|RC(S)   | 0.9995| 2.204| 0.047| 8.467| 0.009| 2.926| 0.007| 5.12e-03| 0.008| 3.007| 0.559|                |  0|KCat|Sloan|Simbad|294.95396|+38.84881
295.1324583|+38.8281667| 3761660|19403179+3849414|4268.8| 0.314| 0.012|  9.456| 1.454|RGB     | 1.0457| 1.153| 0.044|20.883| 0.017| 1.860| 0.007| 1.79e-04| 0.008| 3.902| 0.272|                |  0|KCat|Sloan|Simbad|295.13246|+38.82817
295.8305833|+38.8852500| 3765190|19431934+3853069|4591.6|-0.047| 0.117| 57.590| 6.012|RGB     | 1.0376| 1.026| 0.040| 7.838| 0.015| 2.661| 0.007| 3.00e-03| 0.007| 3.983| 0.128|                |  0|KCat|Sloan|Simbad|295.83058|+38.88525
284.6246667|+38.9483611| 3830833|18582992+3856541|4859.8|-0.262| 0.069| 30.515| 3.285|RC(S)   | 1.0063| 2.108| 0.079|15.218| 0.024| 2.397| 0.010| 8.44e-04| 0.008| 3.008| 0.380|                |  0|KCat|Sloan|Simbad|284.62467|+38.94836
285.0861667|+38.9161667| 3831992|19002068+3854582|4940.7| 0.157|-0.009|207.489|14.662|RGB     | 1.0163| 1.645| 0.028| 5.134| 0.009| 3.233| 0.007| 1.71e-02| 0.006| 3.303| 0.028|                |  0|KCat|Sloan|Simbad|285.08617|+38.91617
285.1463333|+38.9195556| 3832147|19003512+3855104|4441.5|-0.107| 0.068| 14.995| 2.010|RGB     | 1.0382| 1.377| 0.043|17.941| 0.016| 2.069| 0.007| 3.36e-04| 0.008| 3.515| 0.240|SeisUnc         |  0|KCat|Sloan|Simbad|285.14633|+38.91956
285.5846667|+38.9495278| 3833180|19022032+3856583|4598.3| 0.089| 0.085| 26.647| 3.458|RC      | 1.0084| 1.043| 0.081|11.613| 0.025| 2.326| 0.010| 9.39e-04| 0.008| 3.777| 0.206|                |  0|KCat|Sloan|Simbad|285.58467|+38.94953
285.6793750|+38.9165000| 3833399|19024305+3854594|4661.1| 0.081| 0.094| 36.951| 4.126|RC      | 1.0006| 1.446| 0.076|11.571| 0.022| 2.471| 0.010| 1.32e-03| 0.008| 3.412| 0.000|                |  1|KCat|Sloan|Simbad|285.67937|+38.91650
285.7050417|+38.9264722| 3833455|19024921+3855353|4163.4|-0.396| 0.202|  4.739| 0.892|RGB     | 1.0400| 1.009| 0.044|27.775| 0.017| 1.555| 0.007| 6.64e-05| 0.008| 3.893| 0.428|                |  0|KCat|Sloan|Simbad|285.70504|+38.92647
285.8562083|+38.9426111| 3833819|19032549+3856334|4828.6| 0.051|-0.021|153.318|12.387|RGB     | 1.0212| 1.235| 0.032| 5.204| 0.011| 3.097| 0.007| 1.24e-02| 0.007| 3.724| 0.196|                |  1|KCat|Sloan|Simbad|285.85621|+38.94261
285.9911667|+38.9511389| 3834190|19035788+3857041|4633.5| 0.254| 0.020| 33.677| 4.033|RC      | 1.0026| 1.179| 0.078|10.960| 0.023| 2.430| 0.010| 1.26e-03| 0.008| 3.683| 0.308|                |  1|KCat|Sloan|Simbad|285.99117|+38.95114
286.5454583|+38.9883611| 3835454|19061091+3859181|4637.0| 0.122| 0.033| 26.803| 3.469|RC      | 1.0070| 1.068| 0.081|11.694| 0.025| 2.331| 0.010| 9.42e-04| 0.008| 3.760| 0.381|                |  0|KCat|Sloan|Simbad|286.54546|+38.98836
286.7703333|+38.9324167| 3835996|19070488+3855567|4706.8|-0.180| 0.044| 45.782| 4.993|RGB     | 1.0369| 1.128| 0.041| 9.160| 0.015| 2.566| 0.007| 2.07e-03| 0.007| 3.802| 0.284|                |  1|KCat|Sloan|Simbad|286.77033|+38.93242
286.8168333|+38.9620278| 3836105|19071604+3857433|4195.5|-0.034| 0.096|  5.872| 0.989|RGB     | 1.0376| 1.300| 0.044|28.257| 0.017| 1.650| 0.007| 8.13e-05| 0.008| 3.621| 0.317|                |  0|KCat|Sloan|Simbad|286.81683|+38.96203
287.2081667|+38.9465833| 3837107|19084996+3856477|4933.3| 0.132|-0.024|102.752| 8.224|RC(S)   | 0.9978| 2.168| 0.047| 8.377| 0.009| 2.928| 0.007| 5.20e-03| 0.008| 2.994| 0.074|                |  0|KCat|Sloan|Simbad|287.20817|+38.94658
287.3596667|+38.9294167| 3837488|19092632+3855459|4775.9|-0.333| 0.145| 97.335| 9.247|RGB     | 1.0289| 0.971| 0.036| 5.808| 0.013| 2.897| 0.007| 6.99e-03| 0.007| 3.973| 0.343|                |  0|KCat|Sloan|Simbad|287.35967|+38.92942
287.5901250|+38.9217778| 3838075|19102163+3855184|4698.2| 0.151| 0.010| 36.113| 4.180|RC      | 1.0010| 1.294| 0.076|11.053| 0.022| 2.463| 0.010| 1.35e-03| 0.008| 3.558| 0.299|                |  1|KCat|Sloan|Simbad|287.59012|+38.92178
287.6242917|+38.9843611| 3838180|19102983+3859037|4709.4| 0.057|-0.002| 58.996| 5.834|RGB     | 1.0334| 1.313| 0.040| 8.707| 0.014| 2.677| 0.007| 2.81e-03| 0.007| 3.638| 0.367|                |  1|KCat|Sloan|Simbad|287.62429|+38.98436
288.0529167|+38.9379167| 3839294|19121270+3856165|4800.0| 0.037| 0.061|110.400| 9.949|RGB     | 1.0279| 1.070| 0.035| 5.717| 0.012| 2.953| 0.007| 8.07e-03| 0.007| 3.949| 0.368|                |  0|KCat|Sloan|Simbad|288.05292|+38.93792
288.0606667|+38.9565278| 3839310|19121456+3857235|4398.1|-0.364| 0.171| 12.962| 1.926|RGB     | 1.0448| 1.013| 0.044|16.593| 0.016| 2.004| 0.007| 3.13e-04| 0.008| 3.894| 0.258|                |  1|KCat|Sloan|Simbad|288.06067|+38.95653
290.5092917|+38.9069722| 3847071|19220223+3854251|4742.0|-0.065| 0.005| 61.200| 6.132|RGB     | 1.0336| 1.213| 0.039| 8.200| 0.014| 2.694| 0.007| 3.10e-03| 0.007| 3.723| 0.153|                |  1|KCat|Sloan|Simbad|290.50929|+38.90697
290.6895833|+38.9759444| 3847667|19224550+3858334|4795.8| 0.006| 0.031| 32.888| 4.026|RC      | 0.9972| 1.190| 0.078|11.047| 0.023| 2.427| 0.010| 1.24e-03| 0.008| 3.613| 0.280|                |  0|KCat|Sloan|Simbad|290.68958|+38.97594
290.6984167|+38.9897222| 3847697|19224762+3859230|4644.5|-0.003| 0.018| 45.318| 4.877|RGB     | 1.0370| 1.177| 0.041| 9.438| 0.015| 2.559| 0.007| 1.97e-03| 0.007| 3.774| 0.153|                |  1|KCat|Sloan|Simbad|290.69842|+38.98972
291.0888750|+38.9111667| 3849027|19242133+3854402|4897.1|-0.318| 0.057| 26.493| 3.779|RC      | 0.9980| 0.823| 0.081|10.186| 0.025| 2.337| 0.010| 1.10e-03| 0.008| 3.923| 0.150|                |  1|KCat|Sloan|Simbad|291.08887|+38.91117
291.2391667|+38.9550556| 3849527|19245740+3857182|4844.1|-0.261| 0.080| 50.658| 5.011|RGB     | 1.0285| 1.624| 0.040|10.375| 0.015| 2.617| 0.007| 2.05e-03| 0.007| 3.230| 0.239|                |  0|KCat|Sloan|Simbad|291.23917|+38.95506
291.3705000|+38.9672778| 3849996|19252892+3858022|4831.5|-0.542| 0.236| 28.055| 3.881|RC      | 0.9970| 0.865| 0.080|10.182| 0.024| 2.359| 0.010| 1.16e-03| 0.008| 3.848| 0.149|                |  1|KCat|Sloan|Simbad|291.37050|+38.96728
291.5822500|+38.9956389| 3850744|19261974+3859443|5137.7|-0.543| 0.096| 41.378| 4.220|RC      | 1.0048| 2.110| 0.074|12.895| 0.021| 2.542| 0.010| 1.39e-03| 0.008| 2.892| 0.272|                |  0|KCat|Sloan|Simbad|291.58225|+38.99564
291.9921667|+38.9016667| 3852304|19275812+3854060|3926.7| 0.123| 0.036|  2.167| 0.511|RGB     | 1.0218| 0.883| 0.045|38.989| 0.017| 1.202| 0.007| 2.11e-05| 0.008| 4.232| 0.349|Ageold          |  0|KCat|Sloan|Simbad|291.99217|+38.90167
292.0112500|+38.9981667| 3852384|19280270+3859534|4662.6|-0.106| 0.042| 13.031| 1.688|RGB     | 1.0268| 2.042| 0.044|23.159| 0.016| 2.019| 0.007| 2.32e-04| 0.008| 2.952| 0.319|                |  0|KCat|Sloan|Simbad|292.01125|+38.99817
292.3229167|+38.9753056| 3853555|19291750+3858311|4338.6|-0.007| 0.141|  9.927| 1.393|RGB     | 1.0336| 1.701| 0.044|24.652| 0.017| 1.885| 0.007| 1.60e-04| 0.008| 3.251| 0.240|                |  0|KCat|Sloan|Simbad|292.32292|+38.97531
292.6782500|+38.9155833| 3854943|19304278+3854561|5002.0| 0.003| 0.000|179.286|13.107|RGB     | 1.0163| 1.693| 0.030| 5.585| 0.010| 3.173| 0.007| 1.37e-02| 0.006| 3.218| 0.000|                |  0|KCat|Sloan|Simbad|292.67825|+38.91558
292.6980833|+38.9550556| 3855003|19304754+3857182|4506.7| 0.026| 0.018| 19.977| 2.564|RGB     | 1.0415| 1.240| 0.043|14.697| 0.016| 2.197| 0.007| 5.51e-04| 0.008| 3.727| 0.251|                |  0|KCat|Sloan|Simbad|292.69808|+38.95506
292.7044583|+38.9320833| 3855032|19304907+3855555|4577.0| 0.421| 0.016| 32.292| 3.910|RC      | 1.0061| 1.138| 0.078|11.035| 0.023| 2.409| 0.010| 1.20e-03| 0.008| 3.739| 0.221|                |  0|KCat|Sloan|Simbad|292.70446|+38.93208
292.7062500|+38.9560556| 3855039|19304950+3857218|4514.2|-0.103| 0.040| 19.955| 2.641|RGB     | 1.0431| 1.094| 0.043|13.809| 0.016| 2.197| 0.007| 5.86e-04| 0.008| 3.861| 0.213|                |  0|KCat|Sloan|Simbad|292.70625|+38.95606
292.7328333|+38.9239722| 3855126|19305588+3855263|4676.6| 0.055| 0.027| 56.406| 5.777|RGB     | 1.0359| 1.170| 0.040| 8.420| 0.015| 2.656| 0.007| 2.77e-03| 0.007| 3.815| 0.129|                |  0|KCat|Sloan|Simbad|292.73283|+38.92397
293.6501667|+38.9575556| 3858714|19343604+3857272|4833.5| 0.132|-0.019| 48.507| 4.905|RC      | 0.9930| 1.781| 0.071|11.110| 0.020| 2.597| 0.009| 1.83e-03| 0.008| 3.202| 0.302|                |  1|KCat|Sloan|Simbad|293.65017|+38.95756
293.6832917|+38.9823611| 3858850|19344399+3858565|4473.4| 0.401| 0.020| 25.171| 3.469|RC      | 1.0056| 0.842| 0.082|10.812| 0.025| 2.296| 0.010| 9.40e-04| 0.008| 4.024| 0.202|                |  0|KCat|Sloan|Simbad|293.68329|+38.98236
293.9947083|+38.9590833| 3860139|19355873+3857327|4517.3| 0.172|-0.008| 21.826| 2.514|RGB     | 1.0316| 1.824| 0.043|17.046| 0.016| 2.236| 0.007| 5.19e-04| 0.008| 3.179| 0.317|                |  0|KCat|Sloan|Simbad|293.99471|+38.95908
294.0037083|+38.9465278| 3860176|19360089+3856475|4927.4| 0.106|-0.014| 75.277| 6.633|RC(S)   | 0.9979| 2.010| 0.058| 9.427| 0.014| 2.792| 0.008| 3.38e-03| 0.008| 3.065| 0.255|                |  1|KCat|Sloan|Simbad|294.00371|+38.94653
294.0044583|+38.9953056| 3860179|19360107+3859431|4854.0|-0.039| 0.016|189.993|15.151|RGB     | 1.0184| 1.070| 0.029| 4.346| 0.010| 3.191| 0.007| 1.84e-02| 0.006| 3.912| 0.102|                |  0|KCat|Sloan|Simbad|294.00446|+38.99531
294.0256667|+38.9007778| 3860253|19360616+3854028|4867.5| 0.000|-0.024| 85.579| 7.382|RGB     | 1.0231| 1.711| 0.037| 8.182| 0.013| 2.845| 0.007| 4.40e-03| 0.007| 3.203| 0.000|                |  0|KCat|Sloan|Simbad|294.02567|+38.90078
294.0971250|+38.9775000| 3860550|19362331+3858390|4771.1| 0.060| 0.017| 46.489| 4.365|RGB(S)  | 1.0173| 2.226| 0.041|12.727| 0.015| 2.576| 0.007| 1.52e-03| 0.007| 2.893| 0.582|                |  0|KCat|Sloan|Simbad|294.09712|+38.97750
294.4027917|+38.9532778| 3861797|19373667+3857118|4824.5|-0.169| 0.065|147.564|12.585|RGB     | 1.0222| 1.028| 0.032| 4.841| 0.011| 3.080| 0.007| 1.28e-02| 0.007| 3.943| 0.232|                |  0|KCat|Sloan|Simbad|294.40279|+38.95328
294.5770000|+38.9785278| 3862485|19381848+3858427|4850.9|-0.048| 0.014| 65.592| 5.937|RGB(S)  | 1.0242| 1.824| 0.039| 9.659| 0.014| 2.729| 0.007| 2.86e-03| 0.007| 3.119| 0.472|                |  0|KCat|Sloan|Simbad|294.57700|+38.97853
294.7933333|+38.9961111| 3863402|19391040+3859460|4869.7| 0.058| 0.010| 54.408| 5.309|RC      | 0.9995| 1.805| 0.068|10.541| 0.018| 2.649| 0.009| 2.17e-03| 0.008| 3.172| 0.303|                |  0|KCat|Sloan|Simbad|294.79333|+38.99611
295.0727083|+38.9213889| 3864625|19401745+3855170|4869.2| 0.033| 0.009|105.121| 9.248|RGB     | 1.0263| 1.272| 0.036| 6.365| 0.013| 2.935| 0.007| 6.96e-03| 0.007| 3.684| 0.390|                |  0|KCat|Sloan|Simbad|295.07271|+38.92139
295.4586667|+38.9027500| 3866315|19415008+3854099|4885.1|-0.278| 0.063| 65.108| 6.318|RGB     | 1.0290| 1.379| 0.039| 8.415| 0.014| 2.727| 0.007| 3.26e-03| 0.007| 3.470| 0.320|                |  0|KCat|Sloan|Simbad|295.45867|+38.90275
295.5547500|+38.9941667| 3866844|19421314+3859390|4565.8| 0.337| 0.010| 32.323| 3.854|AMB     | 1.0255| 1.120| 0.131|10.942| 0.072| 2.409| 0.010| 1.21e-03| 0.010| 3.875| 0.368|                |  1|KCat|Sloan|Simbad|295.55475|+38.99417
295.5702500|+38.9834444| 3866912|19421686+3859004|4819.4| 0.042|-0.018| 90.803| 8.131|RGB     | 1.0275| 1.344| 0.037| 7.058| 0.013| 2.869| 0.007| 5.39e-03| 0.007| 3.601| 0.228|                |  0|KCat|Sloan|Simbad|295.57025|+38.98344
295.6225417|+38.9626944| 3867193|19422941+3857457|4688.2| 0.079| 0.023| 46.983| 4.901|RGB     | 1.0352| 1.314| 0.041| 9.769| 0.015| 2.577| 0.007| 1.99e-03| 0.007| 3.644| 0.313|                |  1|KCat|Sloan|Simbad|295.62254|+38.96269
296.0330000|+38.9366944| 3869326|19440792+3856121|4816.1| 0.186|-0.009| 47.473| 4.599|RC      | 1.0048| 2.051| 0.071|12.061| 0.020| 2.587| 0.009| 1.65e-03| 0.008| 3.086| 0.314|                |  1|KCat|Sloan|Simbad|296.03300|+38.93669
296.0463750|+38.9085556| 3869394|19441113+3854308|4893.9|-0.002|-0.008| 40.889| 4.449|RC(S)   | 0.9969| 1.582| 0.074|11.368| 0.021| 2.526| 0.010| 1.52e-03| 0.008| 3.280| 0.489|                |  0|KCat|Sloan|Simbad|296.04637|+38.90856
284.5988333|+39.0041667| 3934343|18582372+3900150|4699.7|-0.200| 0.049| 43.440| 4.810|RGB(S)  | 1.0373| 1.114| 0.041| 9.349| 0.015| 2.543| 0.007| 1.92e-03| 0.007| 3.812| 0.234|                |  0|KCat|Sloan|Simbad|284.59883|+39.00417
284.6448333|+39.0031944| 3934458|18583476+3900115|4833.0|-0.037| 0.029| 36.516| 4.271|RC      | 0.9994| 1.289| 0.076|10.892| 0.022| 2.474| 0.010| 1.41e-03| 0.008| 3.519| 0.249|                |  1|KCat|Sloan|Simbad|284.64483|+39.00319
285.1146667|+39.0084722| 3935651|19002752+3900305|4354.1|-0.078| 0.018|  7.522| 1.266|RGB     | 1.0460| 1.038| 0.044|22.107| 0.017| 1.765| 0.007| 1.35e-04| 0.008| 3.959| 0.242|SeisUnc         |  0|KCat|Sloan|Simbad|285.11467|+39.00847
285.2466250|+39.0475000| 3935987|19005919+3902510|4320.9| 0.352| 0.011| 20.288| 2.602|RGB     | 1.0452| 1.133| 0.043|14.092| 0.016| 2.194| 0.007| 5.71e-04| 0.008| 3.937| 0.272|                |  1|KCat|Sloan|Simbad|285.24662|+39.04750
285.2721250|+39.0639444| 3936047|19010531+3903502|5041.9| 0.143|-0.005|205.571|14.075|RGB     | 1.0058| 2.025| 0.028| 5.693| 0.009| 3.234| 0.007| 1.55e-02| 0.006| 3.026| 0.289|                |  0|KCat|Sloan|Simbad|285.27212|+39.06394
285.3979583|+39.0539167| 3936327|19013551+3903141|4395.4| 0.153| 0.011| 15.788| 2.923|RGB(S)  |       |      |      |      |      | 2.089| 0.007|         |      |      | 0.379|No Fdnu         |  0|KCat|Sloan|Simbad|285.39796|+39.05392
285.6209167|+39.0634722| 3936823|19022902+3903485|4506.4|-0.625| 0.223| 14.437| 2.211|RGB     | 1.0472| 0.828| 0.043|14.129| 0.016| 2.056| 0.007| 4.14e-04| 0.008| 4.137| 0.215|                |  0|KCat|Sloan|Simbad|285.62092|+39.06347
285.6639167|+39.0997778| 3936921|19023934+3905592|4550.8| 0.168| 0.043| 26.467| 3.453|RC      | 1.0042| 1.029| 0.081|11.608| 0.025| 2.321| 0.010| 9.28e-04| 0.008| 3.800| 0.297|                |  1|KCat|Sloan|Simbad|285.66392|+39.09978
285.7155833|+39.0708611| 3937022|19025174+3904151|4629.8| 0.056| 0.002| 56.745| 5.886|RGB     | 1.0365| 1.086| 0.040| 8.107| 0.015| 2.656| 0.007| 2.87e-03| 0.007| 3.928| 0.235|                |  0|KCat|Sloan|Simbad|285.71558|+39.07086
285.7378333|+39.0871944| 3937075|19025708+3905139|4724.1|-0.073| 0.108| 29.490| 3.786|RC      | 0.9876| 1.113| 0.079|11.329| 0.024| 2.376| 0.010| 1.08e-03| 0.008| 3.680| 0.298|                |  0|KCat|Sloan|Simbad|285.73783|+39.08719
285.8002500|+39.0518333| 3937217|19031206+3903066|4759.3|-0.079| 0.003| 28.988| 3.746|RC      | 0.9891| 1.110| 0.080|11.387| 0.024| 2.370| 0.010| 1.06e-03| 0.008| 3.683| 0.303|                |  1|KCat|Sloan|Simbad|285.80025|+39.05183
286.2477083|+39.0073889| 3938291|19045945+3900266|4955.3|-0.024|-0.012|112.901| 9.311|RGB     | 1.0215| 1.603| 0.035| 6.866| 0.012| 2.970| 0.007| 6.98e-03| 0.007| 3.298| 0.205|                |  1|KCat|Sloan|Simbad|286.24771|+39.00739
286.7772500|+39.0607778| 3939679|19070654+3903388|4959.4|-0.039|-0.020|206.593|15.386|RGB     | 1.0171| 1.343| 0.028| 4.644| 0.009| 3.232| 0.007| 1.89e-02| 0.006| 3.564| 0.053|                |  0|KCat|Sloan|Simbad|286.77725|+39.06078
287.2686667|+39.0595556| 3940854|19090448+3903344|4564.6| 0.395| 0.023| 57.401| 5.505|RGB     | 1.0339| 1.453| 0.040| 9.357| 0.015| 2.658| 0.007| 2.50e-03| 0.007| 3.566| 0.373|                |  1|KCat|Sloan|Simbad|287.26867|+39.05956
287.5292083|+39.0323333| 3941538|19100701+3901564|4605.4| 0.195| 0.003| 24.594| 3.598|RC(S)   | 0.9957| 0.738| 0.082|10.162| 0.025| 2.292| 0.010| 9.91e-04| 0.008| 4.103| 0.309|                |  1|KCat|Sloan|Simbad|287.52921|+39.03233
287.8056250|+39.0538333| 3942203|19111335+3903138|4764.0|-0.007| 0.011| 34.731| 4.201|RC      | 1.0004| 1.155| 0.077|10.609| 0.023| 2.449| 0.010| 1.36e-03| 0.008| 3.638| 0.302|                |  1|KCat|Sloan|Simbad|287.80562|+39.05383
287.9064583|+39.0082500| 3942500|19113755+3900297|4698.2| 0.057| 0.018| 50.116| 5.255|RGB     | 1.0360| 1.206| 0.040| 9.059| 0.015| 2.605| 0.007| 2.29e-03| 0.007| 3.765| 0.337|                |  0|KCat|Sloan|Simbad|287.90646|+39.00825
287.9860417|+39.0242778| 3942701|19115665+3901274|4750.8| 0.025| 0.118|146.699|12.343|RGB     | 1.0232| 1.062| 0.032| 4.955| 0.011| 3.074| 0.007| 1.23e-02| 0.007| 3.959| 0.288|                |  0|KCat|Sloan|Simbad|287.98604|+39.02428
289.1921667|+39.0880833| 3946389|19164612+3905171|4462.7| 0.163| 0.021| 23.924| 2.873|RGB     | 1.0394| 1.342| 0.043|14.006| 0.016| 2.273| 0.007| 6.89e-04| 0.008| 3.639| 0.512|                |  0|KCat|Sloan|Simbad|289.19217|+39.08808
289.2796250|+39.0775278| 3946701|19170711+3904391|4831.5|-0.476| 0.209| 20.609| 2.530|RGB     | 1.0304| 1.664| 0.043|16.476| 0.016| 2.225| 0.007| 5.25e-04| 0.008| 3.145| 0.310|                |  0|KCat|Sloan|Simbad|289.27962|+39.07753
289.4130417|+39.0988333| 3947121|19173913+3905558|4656.9| 0.092| 0.022| 24.167| 3.249|RC      | 1.0187| 0.978| 0.082|11.769| 0.025| 2.287| 0.010| 8.46e-04| 0.008| 3.842| 0.283|                |  0|KCat|Sloan|Simbad|289.41304|+39.09883
290.7645000|+39.0863056| 3951748|19230348+3905107|4849.4|-0.454| 0.227| 32.205| 4.107|RC      | 0.9954| 1.056| 0.078|10.491| 0.023| 2.420| 0.010| 1.29e-03| 0.008| 3.651| 0.341|                |  0|KCat|Sloan|Simbad|290.76450|+39.08631
290.7946667|+39.0991111| 3951839|19231072+3905568|4732.2| 0.275|-0.013| 42.203| 4.472|RC      | 1.0017| 1.588| 0.074|11.306| 0.021| 2.532| 0.010| 1.55e-03| 0.008| 3.338| 0.300|                |  0|KCat|Sloan|Simbad|290.79467|+39.09911
290.9377083|+39.0936389| 3952315|19234505+3905371|4707.6|-1.049| 0.267| 22.724| 3.123|RGB     | 1.0420| 0.884| 0.043|11.509| 0.016| 2.262| 0.007| 8.18e-04| 0.008| 3.965| 0.100|                |  0|KCat|Sloan|Simbad|290.93771|+39.09364
291.0452917|+39.0951667| 3952656|19241087+3905426|4775.6| 0.170|-0.013| 39.016| 4.398|RC      | 1.0026| 1.355| 0.075|10.837| 0.022| 2.500| 0.010| 1.50e-03| 0.008| 3.501| 0.360|                |  0|KCat|Sloan|Simbad|291.04529|+39.09517
291.1645417|+39.0449167| 3953057|19243949+3902417|4258.8| 0.325| 0.006| 16.044| 2.180|RGB     | 1.0463| 1.108| 0.043|15.725| 0.016| 2.089| 0.007| 4.02e-04| 0.008| 3.965| 0.181|                |  0|KCat|Sloan|Simbad|291.16454|+39.04492
291.2429583|+39.0966111| 3953330|19245831+3905478|4634.1|-0.396| 0.031| 20.324| 2.808|RGB     | 1.0451| 0.933| 0.043|12.554| 0.016| 2.210| 0.007| 6.65e-04| 0.008| 4.019| 0.258|                |  0|KCat|Sloan|Simbad|291.24296|+39.09661
291.4330417|+39.0396944| 3954000|19254393+3902229|4865.4|-0.028| 0.016| 39.161| 4.400|RC      | 1.0001| 1.422| 0.075|11.027| 0.022| 2.506| 0.010| 1.49e-03| 0.008| 3.409| 0.364|                |  0|KCat|Sloan|Simbad|291.43304|+39.03969
291.5259167|+39.0290833| 3954327|19260622+3901447|4645.4|-0.072| 0.053| 25.484| 2.995|RGB     | 1.0356| 1.480| 0.042|14.111| 0.016| 2.309| 0.007| 7.43e-04| 0.008| 3.432| 0.450|                |  0|KCat|Sloan|Simbad|291.52592|+39.02908
291.5321667|+39.0496667| 3954348|19260772+3902588|4607.4|-0.186| 0.190| 52.191| 5.646|RGB     | 1.0383| 0.984| 0.040| 8.057| 0.015| 2.619| 0.007| 2.65e-03| 0.007| 4.016| 0.229|                |  0|KCat|Sloan|Simbad|291.53217|+39.04967
288.7107500|+51.1709167|12352228|19145058+5110153|4420.6|-0.033|-0.027|       |      |REJECT  |       |      |      |      |      |      |      |         |      |      |      |No Seis         |  0|KCat|Sloan|Simbad|288.71075|+51.17092
291.6185417|+39.0526667| 3954671|19262845+3903096|4660.2| 0.205|-0.015| 44.503| 4.436|RGB     | 1.0319| 1.670| 0.041|11.333| 0.015| 2.552| 0.007| 1.62e-03| 0.007| 3.319| 0.351|                |  0|KCat|Sloan|Simbad|291.61854|+39.05267
291.6442500|+39.0022778| 3954766|19263462+3900082|4574.6|-0.031| 0.033| 13.967| 1.871|RGB     | 1.0357| 1.562| 0.043|19.655| 0.016| 2.045| 0.007| 2.90e-04| 0.008| 3.353| 0.421|                |  0|KCat|Sloan|Simbad|291.64425|+39.00228
291.6451250|+39.0862500| 3954770|19263483+3905105|4921.7| 0.340| 0.003| 80.094| 6.774|RC      | 1.0006| 2.197| 0.056| 9.559| 0.013| 2.819| 0.008| 3.55e-03| 0.008| 3.063| 0.378|                |  0|KCat|Sloan|Simbad|291.64512|+39.08625
291.8384167|+39.0193889| 3955502|19272122+3901098|5089.5| 0.042|-0.031| 25.884| 2.512|RC(S)   |       |      |      |      |      | 2.336| 0.010|         |      |      | 0.609|No Fdnu, SeisUnc|  0|KCat|Sloan|Simbad|291.83842|+39.01939
291.8615417|+39.0126667| 3955590|19272677+3900456|4498.4| 0.220| 0.004| 20.607| 2.725|RGB     | 1.0462| 1.046| 0.043|13.296| 0.016| 2.210| 0.007| 6.28e-04| 0.008| 4.032| 0.319|                |  1|KCat|Sloan|Simbad|291.86154|+39.01267
292.0841250|+39.0251111| 3956513|19282019+3901304|4758.4|-0.121| 0.168| 30.796| 3.989|RC      | 0.9943| 1.013| 0.079|10.557| 0.024| 2.397| 0.010| 1.22e-03| 0.008| 3.759| 0.350|                |  1|KCat|Sloan|Simbad|292.08412|+39.02511
292.1575000|+39.0806389| 3956793|19283780+3904503|4702.4| 0.022| 0.029| 26.199| 3.316|RC(S)   | 1.0166| 1.175| 0.081|12.360| 0.025| 2.324| 0.010| 8.77e-04| 0.008| 3.644| 0.345|                |  0|KCat|Sloan|Simbad|292.15750|+39.08064
292.3539167|+39.0697778| 3957521|19292494+3904112|4949.3|-0.418| 0.102| 30.606| 4.025|RC      | 0.9950| 1.015| 0.079|10.493| 0.024| 2.402| 0.010| 1.24e-03| 0.008| 3.701| 0.149|                |  0|KCat|Sloan|Simbad|292.35392|+39.06978
292.5768750|+39.0822778| 3958400|19301845+3904562|4878.7| 0.139|-0.009| 53.923| 5.054|RC      | 1.0062| 2.089| 0.068|11.384| 0.018| 2.645| 0.009| 2.00e-03| 0.008| 3.064| 0.058|                |  0|KCat|Sloan|Simbad|292.57687|+39.08228
292.5945417|+39.0778056| 3958463|19302269+3904401|4635.2| 0.264| 0.020| 33.979| 4.020|RC      | 1.0036| 1.222| 0.077|11.110| 0.023| 2.434| 0.010| 1.26e-03| 0.008| 3.645| 0.170|                |  0|KCat|Sloan|Simbad|292.59454|+39.07781
292.6348750|+39.0246111| 3958615|19303237+3901286|4308.0|-0.318| 0.191|  9.909| 1.641|RGB     | 1.0349| 0.865| 0.044|17.632| 0.017| 1.883| 0.007| 2.23e-04| 0.008| 4.169| 0.129|Ageold          |  0|KCat|Sloan|Simbad|292.63487|+39.02461
292.6644167|+39.0641389| 3958725|19303946+3903509|4726.4| 0.087| 0.025| 70.101| 6.824|RGB     | 1.0335| 1.183| 0.039| 7.574| 0.014| 2.752| 0.007| 3.84e-03| 0.007| 3.804| 0.062|                |  0|KCat|Sloan|Simbad|292.66442|+39.06414
293.6765833|+39.0094167| 3962670|19344238+3900339|4556.7| 0.371| 0.036| 58.555| 5.729|RGB     | 1.0348| 1.307| 0.040| 8.790| 0.015| 2.666| 0.007| 2.71e-03| 0.007| 3.725| 0.350|                |  0|KCat|Sloan|Simbad|293.67658|+39.00942
293.6928333|+39.0987500| 3962731|19344628+3905555|4784.0|-0.421| 0.090| 61.237| 6.289|RGB     | 1.0325| 1.117| 0.039| 7.851| 0.014| 2.696| 0.007| 3.26e-03| 0.007| 3.723| 0.201|                |  0|KCat|Sloan|Simbad|293.69283|+39.09875
293.9215417|+39.0983889| 3963653|19354117+3905542|4980.3| 0.164|-0.007| 77.010| 6.812|RC      | 0.9968| 1.974| 0.058| 9.213| 0.013| 2.805| 0.008| 3.56e-03| 0.008| 3.080| 0.517|                |  0|KCat|Sloan|Simbad|293.92154|+39.09839
294.1617500|+39.0643333| 3964632|19363882+3903516|4118.7| 0.384| 0.037|  8.427| 1.315|RGB     | 1.0460| 1.156| 0.044|22.345| 0.017| 1.802| 0.007| 1.46e-04| 0.008| 3.912| 0.350|                |  0|KCat|Sloan|Simbad|294.16175|+39.06433
294.3152917|+39.0426111| 3965225|19371567+3902334|4681.0|-0.041| 0.032| 46.547| 5.040|RGB     | 1.0373| 1.130| 0.041| 9.105| 0.015| 2.572| 0.007| 2.11e-03| 0.007| 3.832| 0.490|                |  0|KCat|Sloan|Simbad|294.31529|+39.04261
294.3800417|+39.0605833| 3965502|19373121+3903381|4890.8| 0.046| 0.008|115.098| 9.578|RGB     | 1.0231| 1.479| 0.035| 6.552| 0.012| 2.975| 0.007| 7.41e-03| 0.007| 3.453| 0.453|                |  0|KCat|Sloan|Simbad|294.38004|+39.06058
294.7503750|+39.0281667| 3966952|19390009+3901414|4619.7| 0.325| 0.025| 58.708| 5.731|RGB     | 1.0343| 1.346| 0.040| 8.878| 0.015| 2.670| 0.007| 2.71e-03| 0.007| 3.675| 0.490|                |  0|KCat|Sloan|Simbad|294.75037|+39.02817
294.8310833|+39.0061667| 3967300|19391946+3900222|4943.5| 0.054| 0.001|160.901|12.470|RGB     | 1.0190| 1.452| 0.031| 5.476| 0.011| 3.123| 0.007| 1.25e-02| 0.007| 3.476| 0.100|                |  0|KCat|Sloan|Simbad|294.83108|+39.00617
295.0297500|+39.0060000| 3968119|19400714+3900216|4621.8| 0.235| 0.004| 63.662| 6.260|RGB     | 1.0353| 1.201| 0.039| 8.053| 0.014| 2.706| 0.007| 3.24e-03| 0.007| 3.825| 0.447|                |  0|KCat|Sloan|Simbad|295.02975|+39.00600
295.1298333|+39.0414167| 3968545|19403116+3902291|4248.6|-0.078| 0.033|  7.800| 1.255|RGB     | 1.0416| 1.178| 0.044|23.265| 0.017| 1.776| 0.007| 1.32e-04| 0.008| 3.767| 0.373|SeisUnc         |  0|KCat|Sloan|Simbad|295.12983|+39.04142
295.1782083|+39.0251389| 3968764|19404277+3901305|4853.9|-0.231| 0.032| 59.734| 5.982|RGB     | 1.0312| 1.301| 0.039| 8.547| 0.014| 2.689| 0.007| 2.94e-03| 0.007| 3.555| 0.390|                |  0|KCat|Sloan|Simbad|295.17821|+39.02514
295.2797917|+39.0355556| 3969220|19410715+3902080|4243.5|-0.006| 0.148|  7.487| 1.323|RGB     | 1.0255| 0.894| 0.044|20.697| 0.017| 1.758| 0.007| 1.42e-04| 0.008| 4.217| 0.455|Ageold          |  0|KCat|Sloan|Simbad|295.27979|+39.03556
295.4081667|+39.0670278| 3969841|19413796+3904013|4884.3|-0.228| 0.077| 31.393| 4.010|RC      | 0.9963| 1.084| 0.079|10.745| 0.024| 2.411| 0.010| 1.23e-03| 0.008| 3.660| 0.352|                |  0|KCat|Sloan|Simbad|295.40817|+39.06703
295.4479167|+39.0641111| 3970053|19414750+3903508|4472.4|-0.004| 0.056| 20.029| 2.623|RGB     | 1.0433| 1.120| 0.043|13.980| 0.016| 2.196| 0.007| 5.78e-04| 0.008| 3.859| 0.349|                |  0|KCat|Sloan|Simbad|295.44792|+39.06411
295.4807083|+39.0390833| 3970223|19415537+3902207|4776.4| 0.154| 0.034| 38.518| 4.383|RC      | 1.0022| 1.325| 0.075|10.786| 0.022| 2.495| 0.010| 1.49e-03| 0.008| 3.526| 0.345|                |  0|KCat|Sloan|Simbad|295.48071|+39.03908
295.5596667|+39.0057778| 3970635|19421432+3900208|4801.3|-0.129| 0.046| 66.861| 6.672|RGB     | 1.0327| 1.153| 0.039| 7.627| 0.014| 2.735| 0.007| 3.67e-03| 0.007| 3.766| 0.393|                |  0|KCat|Sloan|Simbad|295.55967|+39.00578
295.9422083|+39.0351667| 3972675|19434613+3902066|4583.4|-0.277| 0.090| 19.700| 2.661|RGB     | 1.0432| 1.044| 0.043|13.527| 0.016| 2.194| 0.007| 5.95e-04| 0.008| 3.886| 0.442|                |  0|KCat|Sloan|Simbad|295.94221|+39.03517
296.0470833|+39.0873056| 3973247|19441130+3905143|4791.5| 0.136| 0.021|150.119|12.287|RGB     | 1.0224| 1.178| 0.032| 5.147| 0.011| 3.086| 0.007| 1.22e-02| 0.007| 3.823| 0.155|                |  0|KCat|Sloan|Simbad|296.04708|+39.08731
296.0622083|+39.0707222| 3973328|19441493+3904146|4668.5| 0.021| 0.006| 46.305| 4.785|RGB(S)  | 1.0342| 1.381| 0.041|10.098| 0.015| 2.570| 0.007| 1.89e-03| 0.007| 3.562| 0.557|                |  1|KCat|Sloan|Simbad|296.06221|+39.07072
296.1566250|+39.0195000| 3973813|19443759+3901102|4610.8|-0.333| 0.231| 26.156| 3.044|RGB     | 1.0336| 1.495| 0.042|14.026| 0.016| 2.319| 0.007| 7.64e-04| 0.008| 3.349| 0.418|                |  0|KCat|Sloan|Simbad|296.15662|+39.01950
296.2067500|+39.0542778| 3974120|19444962+3903154|4613.9| 0.168| 0.010| 23.000| 2.559|RGB     | 1.0273| 2.087| 0.043|17.670| 0.016| 2.263| 0.007| 5.34e-04| 0.008| 3.000| 0.482|                |  0|KCat|Sloan|Simbad|296.20675|+39.05428
296.2151667|+39.0261944| 3974163|19445164+3901343|5022.4| 0.138|-0.038| 67.776| 5.968|RC      | 1.0044| 2.244| 0.062|10.449| 0.015| 2.751| 0.008| 2.77e-03| 0.008| 3.017| 0.445|                |  0|KCat|Sloan|Simbad|296.21517|+39.02619
284.7525000|+39.1466944| 4036007|18590060+3908481|4968.0|-0.295| 0.053| 37.928| 4.305|RC      | 0.9942| 1.488| 0.076|11.406| 0.022| 2.496| 0.010| 1.41e-03| 0.008| 3.288| 0.411|                |  1|KCat|Sloan|Simbad|284.75250|+39.14669
284.8593333|+39.1619722| 4036300|18592624+3909431|4820.1| 0.000|-0.009| 37.937| 4.360|RC      | 1.0011| 1.317| 0.076|10.808| 0.022| 2.490| 0.010| 1.47e-03| 0.008| 3.494| 0.171|                |  1|KCat|Sloan|Simbad|284.85933|+39.16197
285.0940833|+39.1441111| 4037216|19002258+3908388|4361.6|-0.143| 0.138| 14.422| 2.066|RGB     | 1.0451| 1.039| 0.043|15.963| 0.016| 2.048| 0.007| 3.60e-04| 0.008| 3.925| 0.228|                |  0|KCat|Sloan|Simbad|285.09408|+39.14411
285.3055000|+39.1995833| 4037915|19011332+3911585|4378.0| 0.329| 0.015| 26.336| 2.879|RGB(S)  | 1.0332| 1.767| 0.042|15.393| 0.016| 2.311| 0.007| 6.83e-04| 0.008| 3.258| 0.519|                |  0|KCat|Sloan|Simbad|285.30550|+39.19958
285.8344583|+39.1631944| 4039306|19032027+3909475|4815.1|-0.054| 0.028| 33.613| 4.155|RC      | 1.0029| 1.100| 0.078|10.499| 0.023| 2.437| 0.010| 1.34e-03| 0.008| 3.689| 0.282|                |  1|KCat|Sloan|Simbad|285.83446|+39.16319
286.0230417|+39.1183333| 4039831|19040553+3907060|4154.2| 0.257|-0.012|  7.248| 1.129|RGB     | 1.0385| 1.409| 0.044|26.547| 0.017| 1.739| 0.007| 1.06e-04| 0.008| 3.588| 0.378|                |  1|KCat|Sloan|Simbad|286.02304|+39.11833
286.1750000|+39.1883889| 4040211|19044200+3911182|4714.7|-0.179| 0.048| 38.583| 4.218|RGB     | 1.0351| 1.338| 0.041|10.862| 0.015| 2.493| 0.007| 1.47e-03| 0.007| 3.550| 0.230|                |  1|KCat|Sloan|Simbad|286.17500|+39.18839
286.6278333|+39.1521667| 4041405|19063068+3909078|4533.8|-0.438| 0.124| 18.767| 2.606|RGB     | 1.0442| 0.962| 0.043|13.341| 0.016| 2.171| 0.007| 5.72e-04| 0.008| 3.944| 0.267|                |  1|KCat|Sloan|Simbad|286.62783|+39.15217
286.6280417|+39.1621667| 4041406|19063073+3909438|5164.5|-0.318|-0.009| 98.593| 8.217|RC      | 0.9917| 2.109| 0.048| 8.341| 0.010| 2.920| 0.007| 5.13e-03| 0.008| 2.936| 0.198|                |  0|KCat|Sloan|Simbad|286.62804|+39.16217
286.7669167|+39.1255000| 4041741|19070406+3907318|4576.8| 0.365| 0.019| 67.330| 6.553|RGB     | 1.0358| 1.164| 0.039| 7.727| 0.014| 2.728| 0.007| 3.56e-03| 0.007| 3.903| 0.416|                |  0|KCat|Sloan|Simbad|286.76692|+39.12550
286.9699167|+39.1742500| 4042300|19075278+3910273|4763.4| 0.061| 0.013| 53.817| 5.261|RGB     | 1.0313| 1.547| 0.040| 9.864| 0.015| 2.639| 0.007| 2.27e-03| 0.007| 3.390| 1.552|                |  0|KCat|Sloan|Simbad|286.96992|+39.17425
287.1940000|+39.1452222| 4042863|19084656+3908428|4675.5|-0.015| 0.039| 63.951| 6.468|RGB     | 1.0354| 1.087| 0.039| 7.621| 0.014| 2.710| 0.007| 3.46e-03| 0.007| 3.892| 0.451|                |  0|KCat|Sloan|Simbad|287.19400|+39.14522
287.2269583|+39.1343611| 4042951|19085447+3908037|4973.0|-0.486| 0.114| 31.557| 4.194|RC      | 0.9916| 0.963| 0.079|10.057| 0.024| 2.417| 0.010| 1.34e-03| 0.008| 3.753| 0.418|                |  1|KCat|Sloan|Simbad|287.22696|+39.13436
287.2362083|+39.1138333| 4042977|19085669+3906498|4862.7| 0.208| 0.014|137.467|10.744|RGB     | 1.0207| 1.593| 0.033| 6.231| 0.011| 3.051| 0.007| 9.29e-03| 0.007| 3.375| 0.171|                |  0|KCat|Sloan|Simbad|287.23621|+39.11383
287.2457083|+39.1726389| 4043008|19085897+3910215|4779.7|-0.001| 0.012| 61.955| 6.029|RGB     | 1.0314| 1.374| 0.039| 8.657| 0.014| 2.701| 0.007| 2.99e-03| 0.007| 3.540| 0.422|                |  0|KCat|Sloan|Simbad|287.24571|+39.17264
287.4007083|+39.1086111| 4043436|19093617+3906310|4642.5| 0.180| 0.008| 31.818| 3.959|RC      | 1.0025| 1.073| 0.078|10.755| 0.023| 2.405| 0.010| 1.22e-03| 0.008| 3.764| 0.316|                |  0|KCat|Sloan|Simbad|287.40071|+39.10861
287.9420833|+39.1604444| 4044855|19114610+3909376|4709.4|-0.056| 0.017| 43.543| 4.519|RGB     | 1.0331| 1.468| 0.041|10.715| 0.015| 2.545| 0.007| 1.68e-03| 0.007| 3.445| 0.341|                |  0|KCat|Sloan|Simbad|287.94208|+39.16044
289.2650833|+39.1808611| 4048951|19170362+3910511|4820.4|-0.103| 0.010|118.523|10.448|RGB     | 1.0250| 1.108| 0.035| 5.609| 0.012| 2.985| 0.007| 8.86e-03| 0.007| 3.829| 0.033|                |  0|KCat|Sloan|Simbad|289.26508|+39.18086
290.8811667|+39.1752778| 4054771|19233148+3910310|4670.4| 0.172| 0.021| 70.815| 6.872|RGB     | 1.0342| 1.162| 0.039| 7.490| 0.014| 2.754| 0.007| 3.90e-03| 0.007| 3.856| 0.296|                |  0|KCat|Sloan|Simbad|290.88117|+39.17528
290.9189167|+39.1698889| 4054905|19234054+3910116|4735.7|-0.462| 0.164| 48.737| 5.395|RGB     | 1.0370| 1.007| 0.040| 8.375| 0.015| 2.595| 0.007| 2.42e-03| 0.007| 3.880| 0.301|                |  0|KCat|Sloan|Simbad|290.91892|+39.16989
291.0452500|+39.1265833| 4055294|19241086+3907357|4861.9| 0.183| 0.009|120.302| 9.684|RGB     | 1.0220| 1.608| 0.034| 6.694| 0.012| 2.993| 0.007| 7.56e-03| 0.007| 3.354| 0.032|                |  0|KCat|Sloan|Simbad|291.04525|+39.12658
291.2677917|+39.1178889| 4056079|19250427+3907044|4785.3|-0.105|-0.017| 45.570| 4.559|RGB     | 1.0290| 1.691| 0.041|11.194| 0.015| 2.568| 0.007| 1.70e-03| 0.007| 3.202| 0.000|                |  0|KCat|Sloan|Simbad|291.26779|+39.11789
291.3212500|+39.1055833| 4056266|19251710+3906201|5009.3|-0.019| 0.016| 88.007| 7.373|RC      | 0.9966| 2.167| 0.053| 9.017| 0.011| 2.864| 0.008| 4.17e-03| 0.008| 3.008| 0.234|                |  1|KCat|Sloan|Simbad|291.32125|+39.10558
291.3260417|+39.1569722| 4056281|19251825+3909251|4856.4| 0.180|-0.021| 47.711| 4.876|RC(S)   | 0.9946| 1.737| 0.071|11.048| 0.020| 2.591| 0.009| 1.82e-03| 0.008| 3.236| 0.300|                |  0|KCat|Sloan|Simbad|291.32604|+39.15697
291.3500833|+39.1722500| 4056365|19252402+3910201|4836.2|-0.058|-0.002|112.488| 9.790|RGB     | 1.0251| 1.234| 0.035| 6.071| 0.012| 2.963| 0.007| 7.78e-03| 0.007| 3.695| 0.028|                |  0|KCat|Sloan|Simbad|291.35008|+39.17225
291.5214167|+39.1074167| 4056994|19260514+3906267|4929.3|-0.740| 0.264| 22.503| 2.219|RGB(S)  |       |      |      |      |      | 2.268| 0.007|         |      |      | 0.200|No Fdnu, SeisUnc|  0|KCat|Sloan|Simbad|291.52142|+39.10742
291.5429583|+39.1510000| 4057076|19261031+3909036|4801.3| 0.022| 0.001| 42.141| 4.540|RC      | 0.9952| 1.562| 0.074|11.181| 0.021| 2.535| 0.010| 1.58e-03| 0.008| 3.312| 0.282|                |  1|KCat|Sloan|Simbad|291.54296|+39.15100
291.7197083|+39.1092778| 4057744|19265273+3906334|4641.6| 0.035| 0.010| 25.548| 2.921|RGB     | 1.0335| 1.661| 0.042|14.933| 0.016| 2.310| 0.007| 7.04e-04| 0.008| 3.286| 0.305|                |  1|KCat|Sloan|Simbad|291.71971|+39.10928
291.7937083|+39.1455833| 4058004|19271049+3908441|4850.6|-0.088| 0.034| 39.046| 4.358|RC      | 1.0007| 1.453| 0.075|11.174| 0.022| 2.504| 0.010| 1.47e-03| 0.008| 3.363| 0.340|                |  0|KCat|Sloan|Simbad|291.79371|+39.14558
292.1657083|+39.1295278| 4059499|19283977+3907463|4730.6|-0.032| 0.038| 50.892| 5.323|RGB     | 1.0355| 1.215| 0.040| 9.007| 0.015| 2.613| 0.007| 2.35e-03| 0.007| 3.723| 0.227|                |  0|KCat|Sloan|Simbad|292.16571|+39.12953
292.4374167|+39.1103889| 4060545|19294498+3906374|4927.6|-0.076|-0.009| 46.528| 4.803|RC      | 0.9997| 1.714| 0.071|11.075| 0.020| 2.583| 0.009| 1.78e-03| 0.008| 3.195| 0.081|                |  0|KCat|Sloan|Simbad|292.43742|+39.11039
292.4945417|+39.1359167| 4060807|19295869+3908093|4288.8| 0.179| 0.015|  7.521| 1.258|RGB     | 1.0475| 1.035| 0.044|22.163| 0.017| 1.762| 0.007| 1.34e-04| 0.008| 4.036| 0.244|SeisUnc         |  0|KCat|Sloan|Simbad|292.49454|+39.13592
292.4967917|+39.1931667| 4060815|19295923+3911354|4999.0|-0.019|-0.002|       |      |REJECT  |       |      |      |      |      |      |      |         |      |      |      |No Seis         |  0|KCat|Sloan|Simbad|292.49679|+39.19317
293.3139583|+39.1947500| 4063998|19331535+3911411|4854.3|-0.193| 0.049| 35.748| 4.228|RC      | 0.9942| 1.294| 0.077|11.019| 0.023| 2.466| 0.010| 1.36e-03| 0.008| 3.470| 0.239|                |  0|KCat|Sloan|Simbad|293.31396|+39.19475
293.3626250|+39.1505278| 4064179|19332703+3909019|4553.0|-0.338| 0.083| 11.397| 1.557|RGB     | 1.0287| 1.805| 0.044|23.420| 0.017| 1.955| 0.007| 1.98e-04| 0.008| 3.066| 0.198|                |  0|KCat|Sloan|Simbad|293.36262|+39.15053
293.4309167|+39.1517500| 4064447|19334342+3909063|5165.1|-0.124| 0.023|       |      |REJECT  |       |      |      |      |      |      |      |         |      |      |      |No Seis         |  0|KCat|Sloan|Simbad|293.43092|+39.15175
293.5857917|+39.1917500| 4065054|19342059+3911303|5072.3| 0.061|-0.016| 86.065| 7.239|RC      | 0.9999| 2.193| 0.053| 9.144| 0.012| 2.857| 0.008| 4.04e-03| 0.008| 3.020| 0.352|                |  0|KCat|Sloan|Simbad|293.58579|+39.19175
293.8129583|+39.1200278| 4065939|19351511+3907121|4325.4| 0.401| 0.035| 26.590| 3.248|RGB     | 1.0457| 1.050| 0.042|11.847| 0.016| 2.312| 0.007| 8.91e-04| 0.008| 4.062| 0.275|                |  0|KCat|Sloan|Simbad|293.81296|+39.12003
293.8216250|+39.1258889| 4065977|19351719+3907332|4562.7| 0.313| 0.045| 65.504| 6.324|RGB     | 1.0349| 1.235| 0.039| 8.075| 0.014| 2.715| 0.007| 3.31e-03| 0.007| 3.799| 0.296|                |  0|KCat|Sloan|Simbad|293.82162|+39.12589
293.8263333|+39.1723056| 4065994|19351832+3910203|4745.5|-0.084| 0.036| 53.389| 5.495|RGB     | 1.0348| 1.244| 0.040| 8.891| 0.015| 2.635| 0.007| 2.50e-03| 0.007| 3.686| 0.419|                |  0|KCat|Sloan|Simbad|293.82633|+39.17231
293.8930417|+39.1181944| 4066278|19353433+3907055|4858.2| 0.113| 0.023|121.765|10.109|RGB     | 1.0235| 1.395| 0.034| 6.197| 0.012| 2.998| 0.007| 8.26e-03| 0.007| 3.557| 0.269|                |  0|KCat|Sloan|Simbad|293.89304|+39.11819
294.0236667|+39.1016944| 4066846|19360568+3906061|4682.0| 0.005| 0.009| 49.169| 4.904|RGB     | 1.0319| 1.518| 0.040|10.267| 0.015| 2.596| 0.007| 1.98e-03| 0.007| 3.394| 0.309|                |  0|KCat|Sloan|Simbad|294.02367|+39.10169
294.3186250|+39.1098611| 4068048|19371647+3906355|4738.5| 0.180| 0.017| 95.559| 8.608|RGB     | 1.0293| 1.208| 0.036| 6.550| 0.013| 2.887| 0.007| 6.06e-03| 0.007| 3.798| 0.277|                |  0|KCat|Sloan|Simbad|294.31862|+39.10986
294.6504583|+39.1666667| 4069447|19383611+3910000|4328.4|-0.034| 0.011|  7.900| 1.254|RGB     | 1.0395| 1.273| 0.044|23.919| 0.017| 1.785| 0.007| 1.31e-04| 0.008| 3.653| 0.538|                |  1|KCat|Sloan|Simbad|294.65046|+39.16667
294.9387083|+39.1517500| 4070631|19394529+3909063|4123.0|-0.205| 0.162|  4.844| 0.904|RGB     | 1.0434| 0.994| 0.044|27.330| 0.017| 1.562| 0.007| 6.87e-05| 0.008| 3.986| 0.412|                |  1|KCat|Sloan|Simbad|294.93871|+39.15175
294.9552083|+39.1249444| 4070714|19394925+3907298|4878.1| 0.085| 0.006| 49.634| 4.969|RC(S)   | 1.0000| 1.787| 0.070|10.975| 0.019| 2.609| 0.009| 1.91e-03| 0.008| 3.191| 0.302|                |  0|KCat|Sloan|Simbad|294.95521|+39.12494
294.9645833|+39.1527778| 4070746|19395150+3909100|5034.4|-0.087|-0.013|198.514|14.342|RGB     | 1.0163| 1.619| 0.028| 5.182| 0.010| 3.218| 0.007| 1.64e-02| 0.006| 3.260| 0.055|                |  0|KCat|Sloan|Simbad|294.96458|+39.15278
294.9996667|+39.1604722| 4070891|19395992+3909377|4824.9|-0.206| 0.026| 43.955| 4.554|RGB     | 1.0314| 1.529| 0.041|10.816| 0.015| 2.554| 0.007| 1.70e-03| 0.007| 3.322| 0.375|                |  0|KCat|Sloan|Simbad|294.99967|+39.16047
295.0459583|+39.1596944| 4071104|19401103+3909349|4534.9| 0.428| 0.027| 33.107| 3.825|RC      | 1.0058| 1.323| 0.078|11.775| 0.023| 2.418| 0.010| 1.14e-03| 0.008| 3.579| 0.468|                |  0|KCat|Sloan|Simbad|295.04596|+39.15969
295.1054583|+39.1908889| 4071379|19402531+3911272|5023.6|-0.050|-0.013| 54.278| 4.833|RC      | 1.0000| 2.728| 0.068|12.871| 0.018| 2.655| 0.009| 1.80e-03| 0.008| 2.611| 0.520|                |  0|KCat|Sloan|Simbad|295.10546|+39.19089
295.1101250|+39.1251667| 4071396|19402643+3907306|4882.2|-0.103| 0.047| 37.724| 4.335|RC      | 0.9958| 1.379| 0.076|11.056| 0.022| 2.490| 0.010| 1.44e-03| 0.008| 3.419| 0.351|                |  0|KCat|Sloan|Simbad|295.11012|+39.12517
295.4180417|+39.1729444| 4072740|19414033+3910226|4868.8| 0.211| 0.009|       |      |REJECT  |       |      |      |      |      |      |      |         |      |      |      |No Seis         |  0|KCat|Sloan|Simbad|295.41804|+39.17294
295.4420833|+39.1622500| 4072847|19414610+3909441|4587.8|-0.109| 0.014| 14.336| 1.982|RGB     | 1.0392| 1.329| 0.043|17.885| 0.016| 2.057| 0.007| 3.28e-04| 0.008| 3.559| 0.388|                |  0|KCat|Sloan|Simbad|295.44208|+39.16225
295.8184167|+39.1541389| 4074796|19431642+3909149|4759.8| 0.212| 0.022|128.891|10.904|RGB     | 1.0254| 1.176| 0.034| 5.559| 0.012| 3.018| 0.007| 9.65e-03| 0.007| 3.846| 0.281|                |  0|KCat|Sloan|Simbad|295.81842|+39.15414
295.9787917|+39.1229167| 4075610|19435491+3907225|4208.3| 0.012| 0.137| 10.609| 1.606|RGB     | 1.0464| 1.069| 0.044|19.048| 0.017| 1.907| 0.007| 2.18e-04| 0.008| 3.950| 0.419|                |  0|KCat|Sloan|Simbad|295.97879|+39.12292
296.3065000|+39.1756389| 4077249|19451356+3910323|4870.7| 0.167| 0.027|156.352|12.476|RGB     | 1.0210| 1.290| 0.032| 5.257| 0.011| 3.107| 0.007| 1.25e-02| 0.007| 3.690| 0.413|                |  0|KCat|Sloan|Simbad|296.30650|+39.17564
296.4179167|+39.1348333| 4077835|19454030+3908054|4603.4| 0.024|-0.012| 22.076| 2.509|RGB     | 1.0287| 1.981| 0.043|17.580| 0.016| 2.245| 0.007| 5.14e-04| 0.008| 3.040| 0.149|                |  0|KCat|Sloan|Simbad|296.41792|+39.13483
284.6720833|+39.2898611| 4135933|18584130+3917235|4580.7| 0.266| 0.021| 49.803| 4.838|RGB(S)  | 1.0324| 1.609| 0.040|10.560| 0.015| 2.597| 0.007| 1.93e-03| 0.007| 3.389| 0.572|                |  0|KCat|Sloan|Simbad|284.67208|+39.28986
284.8337500|+39.2103611| 4136374|18592010+3912373|4889.8| 0.048| 0.003| 51.253| 5.086|RC      | 0.9992| 1.805| 0.069|10.848| 0.019| 2.624| 0.009| 1.99e-03| 0.008| 3.175| 0.273|                |  1|KCat|Sloan|Simbad|284.83375|+39.21036
284.9685000|+39.2975833| 4136835|18595244+3917513|4955.8|-0.607| 0.207| 78.053| 7.148|RGB     | 1.0231| 1.516| 0.038| 8.029| 0.014| 2.809| 0.007| 4.13e-03| 0.007| 3.254| 0.225|                |  0|KCat|Sloan|Simbad|284.96850|+39.29758
285.0853750|+39.2498611| 4137210|19002049+3914595|4873.2|-0.311| 0.169|117.076| 9.846|RGB     | 1.0215| 1.395| 0.035| 6.315| 0.012| 2.982| 0.007| 7.81e-03| 0.007| 3.447| 0.201|                |  0|KCat|Sloan|Simbad|285.08537|+39.24986
286.0652500|+39.2220556| 4139784|19041566+3913194|4632.2| 0.201| 0.000| 47.390| 4.837|RGB     | 1.0345| 1.399| 0.041|10.067| 0.015| 2.578| 0.007| 1.93e-03| 0.007| 3.585| 0.241|                |  1|KCat|Sloan|Simbad|286.06525|+39.22206
286.0758333|+39.2859444| 4139805|19041820+3917094|4999.0| 0.029|-0.015| 85.443| 7.356|RC      | 0.9980| 1.984| 0.054| 8.761| 0.012| 2.851| 0.008| 4.16e-03| 0.008| 3.020| 0.211|                |  0|KCat|Sloan|Simbad|286.07583|+39.28594
286.1149583|+39.2265278| 4139914|19042759+3913355|4815.0|-0.036| 0.011| 36.359| 4.302|RC      | 1.0000| 1.226| 0.076|10.656| 0.022| 2.471| 0.010| 1.43e-03| 0.008| 3.574| 0.223|                |  1|KCat|Sloan|Simbad|286.11496|+39.22653
286.4464583|+39.2119722| 4140726|19054715+3912431|4722.7| 0.123|-0.030| 50.541| 4.957|RGB     | 1.0315| 1.602| 0.040|10.383| 0.015| 2.610| 0.007| 2.02e-03| 0.007| 3.349| 0.475|                |  1|KCat|Sloan|Simbad|286.44646|+39.21197
286.4704583|+39.2637500| 4140796|19055291+3915495|4493.9| 0.101| 0.090| 41.314| 4.567|RGB     | 1.0395| 1.093| 0.041| 9.604| 0.015| 2.512| 0.007| 1.74e-03| 0.007| 3.936| 0.352|                |  0|KCat|Sloan|Simbad|286.47046|+39.26375
286.7372083|+39.2865000| 4141483|19065693+3917114|4510.8|-0.304| 0.051|  8.525| 1.340|RGB     | 1.0367| 1.319| 0.044|23.199| 0.017| 1.827| 0.007| 1.49e-04| 0.008| 3.511| 0.398|                |  0|KCat|Sloan|Simbad|286.73721|+39.28650
286.7381250|+39.2266944| 4141488|19065715+3913361|4782.7| 0.172| 0.051|241.632|18.027|RGB     | 1.0166| 1.082| 0.028| 3.889| 0.009| 3.292| 0.007| 2.59e-02| 0.006| 3.967| 0.279|                |  0|KCat|Sloan|Simbad|286.73812|+39.22669
286.8154167|+39.2550000| 4141698|19071570+3915180|4537.4| 0.210| 0.084| 64.382| 6.394|RGB     | 1.0357| 1.109| 0.039| 7.730| 0.014| 2.707| 0.007| 3.39e-03| 0.007| 3.946| 0.366|                |  0|KCat|Sloan|Simbad|286.81542|+39.25500
286.8557500|+39.2618889| 4141815|19072538+3915428|4834.7| 0.034| 0.003| 43.353| 4.577|RC      | 1.0012| 1.623| 0.073|11.218| 0.021| 2.549| 0.009| 1.62e-03| 0.008| 3.276| 0.421|                |  1|KCat|Sloan|Simbad|286.85575|+39.26189
287.0249167|+39.2957778| 4142229|19080598+3917448|4551.6| 0.157|-0.005| 33.278| 3.564|RGB(S)  | 1.0336| 1.607| 0.042|12.932| 0.016| 2.421| 0.007| 1.05e-03| 0.008| 3.363| 1.017|                |  0|KCat|Sloan|Simbad|287.02492|+39.29578
287.5480833|+39.2495556| 4143460|19101154+3914584|4817.7|-0.217| 0.216| 39.690| 4.310|RC      | 0.9952| 1.615| 0.075|11.703| 0.022| 2.509| 0.010| 1.42e-03| 0.008| 3.217| 0.390|                |  1|KCat|Sloan|Simbad|287.54808|+39.24956
287.5494167|+39.2883611| 4143467|19101186+3917181|4974.7|-1.549| 0.308| 48.813| 5.637|RGB     | 1.0307| 0.937| 0.040| 7.973| 0.015| 2.606| 0.007| 2.61e-03| 0.007| 3.837| 0.340|                |  0|KCat|Sloan|Simbad|287.54942|+39.28836
287.7866667|+39.2937500| 4144103|19110880+3917375|4883.8|-0.073| 0.036| 36.492| 4.315|RC      | 0.9987| 1.257| 0.076|10.734| 0.022| 2.476| 0.010| 1.43e-03| 0.008| 3.545| 0.416|                |  0|KCat|Sloan|Simbad|287.78667|+39.29375
287.8587500|+39.2050000| 4144300|19112610+3912180|4306.8| 0.493| 0.041| 25.036| 3.124|RGB(S)  | 1.0475| 1.011| 0.042|11.992| 0.016| 2.285| 0.007| 8.27e-04| 0.008| 4.125| 0.519|                |  0|KCat|Sloan|Simbad|287.85875|+39.20500
289.0144167|+39.2436667| 4147993|19160346+3914372|4881.0| 0.315| 0.009|226.447|16.222|RGB     | 1.0172| 1.396| 0.028| 4.542| 0.009| 3.269| 0.007| 2.10e-02| 0.006| 3.600| 0.270|                |  0|KCat|Sloan|Simbad|289.01442|+39.24367
289.5747083|+39.2549167| 4149966|19181793+3915177|4960.6| 0.106|-0.010| 74.851| 6.536|RC      | 1.0024| 2.079| 0.058| 9.599| 0.014| 2.791| 0.008| 3.31e-03| 0.008| 3.057| 0.218|                |  0|KCat|Sloan|Simbad|289.57471|+39.25492
291.5442500|+39.2744722| 4157276|19261062+3916281|4913.8|-0.197| 0.017| 39.592| 4.336|RC      | 0.9942| 1.619| 0.075|11.674| 0.022| 2.513| 0.010| 1.43e-03| 0.008| 3.215| 0.353|                |  0|KCat|Sloan|Simbad|291.54425|+39.27447
291.5459583|+39.2284444| 4157282|19261103+3913424|4472.3| 0.020|-0.018| 14.240| 1.884|RGB     | 1.0361| 1.557| 0.043|19.543| 0.016| 2.048| 0.007| 2.94e-04| 0.008| 3.372| 0.353|                |  1|KCat|Sloan|Simbad|291.54596|+39.22844
291.6696250|+39.2098056| 4157786|19264071+3912353|4638.6| 0.130| 0.058| 49.090| 5.087|RGB     | 1.0360| 1.267| 0.040| 9.410| 0.015| 2.594| 0.007| 2.14e-03| 0.007| 3.719| 0.467|                |  0|KCat|Sloan|Simbad|291.66962|+39.20981
293.2365417|+39.2016111| 4164464|19325677+3912058|4742.6| 0.238| 0.039|180.595|14.146|RGB     | 1.0205| 1.158| 0.030| 4.664| 0.010| 3.164| 0.007| 1.61e-02| 0.006| 3.878| 0.229|                |  0|KCat|Sloan|Simbad|293.23654|+39.20161
293.3412083|+39.2017778| 4164910|19332189+3912064|4748.1| 0.145| 0.002| 38.274| 4.353|RC      | 1.0019| 1.325| 0.075|10.837| 0.022| 2.491| 0.010| 1.47e-03| 0.008| 3.524| 0.221|                |  1|KCat|Sloan|Simbad|293.34121|+39.20178
293.3923750|+39.2874167| 4165109|19333417+3917147|4439.9| 0.167| 0.082| 20.485| 2.404|RGB     | 1.0336| 1.744| 0.043|17.278| 0.016| 2.205| 0.007| 4.77e-04| 0.008| 3.247| 0.277|                |  0|KCat|Sloan|Simbad|293.39237|+39.28742
294.2470833|+39.2328333| 4168909|19365930+3913582|4738.4| 0.331|-0.008|142.173|11.585|RGB     | 1.0238| 1.238| 0.033| 5.438| 0.011| 3.060| 0.007| 1.09e-02| 0.007| 3.791| 0.103|                |  1|KCat|Sloan|Simbad|294.24708|+39.23283
294.2960417|+39.2809444| 4169130|19371105+3916514|4741.8| 0.173| 0.012| 37.809| 4.254|RC      | 0.9937| 1.445| 0.076|11.387| 0.022| 2.485| 0.010| 1.38e-03| 0.008| 3.433| 0.307|                |  1|KCat|Sloan|Simbad|294.29604|+39.28094
294.3820000|+39.2300278| 4169517|19373168+3913481|5035.3|-0.430| 0.228| 64.965| 6.071|RC      | 0.9914| 1.952| 0.063| 9.946| 0.016| 2.733| 0.009| 2.80e-03| 0.008| 3.015| 0.282|                |  0|KCat|Sloan|Simbad|294.38200|+39.23003
294.8902917|+39.2118333| 4171788|19393367+3912426|4924.2|-0.436| 0.070| 91.008| 8.380|RGB     | 1.0251| 1.250| 0.037| 6.764| 0.013| 2.875| 0.007| 5.70e-03| 0.007| 3.553| 0.312|                |  0|KCat|Sloan|Simbad|294.89029|+39.21183
294.9968750|+39.2108889| 4172283|19395925+3912392|4553.4| 0.387| 0.037| 59.222| 5.781|RGB     | 1.0348| 1.302| 0.040| 8.727| 0.014| 2.671| 0.007| 2.76e-03| 0.007| 3.734| 0.442|                |  0|KCat|Sloan|Simbad|294.99687|+39.21089
295.2357917|+39.2283056| 4173334|19405659+3913419|4886.6| 0.195| 0.011|  6.350| 1.029|RGB     | 1.0300| 1.812| 0.044|30.882| 0.017| 1.717| 0.007| 8.67e-05| 0.008| 3.197| 0.488|                |  0|KCat|Sloan|Simbad|295.23579|+39.22831
295.5626250|+39.2771667| 4174996|19421503+3916378|4900.9|-0.454| 0.072|124.286|11.116|RGB     | 1.0227| 1.031| 0.034| 5.262| 0.012| 3.009| 0.007| 9.98e-03| 0.007| 3.841| 0.278|                |  0|KCat|Sloan|Simbad|295.56262|+39.27717
295.6582500|+39.2232500| 4175481|19423798+3913237|4170.8| 0.018|-0.007|  4.078| 0.744|RGB     | 1.0337| 1.363| 0.044|34.771| 0.017| 1.490| 0.007| 4.57e-05| 0.008| 3.566| 0.565|                |  0|KCat|Sloan|Simbad|295.65825|+39.22325
295.9295417|+39.2954444| 4177025|19434309+3917436|4302.1|-0.264| 0.228|  6.376| 1.255|RGB     | 0.9897| 0.802| 0.044|21.171| 0.017| 1.691| 0.007| 1.19e-04| 0.008| 4.246| 0.236|Ageold, SeisUnc |  0|KCat|Sloan|Simbad|295.92954|+39.29544
284.6882083|+39.3278056| 4241369|18584517+3919401|4945.8| 0.020|-0.027| 60.931| 5.684|RC      | 1.0027| 1.949| 0.065|10.311| 0.017| 2.701| 0.009| 2.51e-03| 0.008| 3.103| 0.272|                |  1|KCat|Sloan|Simbad|284.68821|+39.32781
285.1511250|+39.3297222| 4242705|19003627+3919470|4412.5|-0.248| 0.059| 12.819| 1.921|RGB     | 1.0462| 0.990| 0.044|16.479| 0.016| 2.000| 0.007| 3.12e-04| 0.008| 3.965| 0.233|                |  1|KCat|Sloan|Simbad|285.15112|+39.32972
285.3756250|+39.3515278| 4243284|19013015+3921055|4128.0|-0.159| 0.175|  5.542| 0.997|RGB     | 1.0449| 1.000| 0.044|25.623| 0.017| 1.621| 0.007| 8.38e-05| 0.008| 3.976| 0.355|                |  0|KCat|Sloan|Simbad|285.37562|+39.35153
285.4502917|+39.3716944| 4243486|19014807+3922181|4091.7| 0.067| 0.006|  3.176| 0.633|RGB     | 1.0326| 1.199| 0.044|37.133| 0.017| 1.377| 0.007| 3.30e-05| 0.008| 3.766| 0.460|SeisUnc         |  0|KCat|Sloan|Simbad|285.45029|+39.37169
285.5750417|+39.3925000| 4243796|19021801+3923330|4669.2| 0.231| 0.005| 37.587| 4.320|RC      | 1.0015| 1.265| 0.076|10.727| 0.022| 2.479| 0.010| 1.44e-03| 0.008| 3.596| 0.301|                |  1|KCat|Sloan|Simbad|285.57504|+39.39250
285.5767083|+39.3650833| 4243803|19021841+3921543|4599.4| 0.070|-0.006| 16.640| 1.875|RGB     | 1.0082| 2.944| 0.043|24.689| 0.016| 2.122| 0.007| 2.76e-04| 0.008| 2.568| 0.310|                |  1|KCat|Sloan|Simbad|285.57671|+39.36508
285.7652917|+39.3357222| 4244274|19030367+3920086|4860.5|-0.269| 0.045| 57.248| 5.820|RGB     | 1.0322| 1.276| 0.040| 8.644| 0.015| 2.670| 0.007| 2.79e-03| 0.007| 3.585| 0.456|                |  0|KCat|Sloan|Simbad|285.76529|+39.33572
286.0334167|+39.3276111| 4244973|19040802+3919394|4845.2| 0.257| 0.007| 52.544| 4.754|RC      | 1.0098| 2.409| 0.069|12.405| 0.019| 2.633| 0.009| 1.78e-03| 0.008| 2.878| 0.303|                |  1|KCat|Sloan|Simbad|286.03342|+39.32761
286.1738750|+39.3858889| 4245297|19044173+3923092|4828.0|-0.282| 0.125| 30.795| 4.007|RC      | 0.9904| 1.033| 0.079|10.620| 0.024| 2.400| 0.010| 1.22e-03| 0.008| 3.710| 0.369|                |  0|KCat|Sloan|Simbad|286.17387|+39.38589
286.7187083|+39.3082778| 4246729|19065249+3918298|4526.1| 0.262| 0.019| 43.527| 4.641|RGB     | 1.0376| 1.221| 0.041| 9.870| 0.015| 2.536| 0.007| 1.79e-03| 0.007| 3.806| 0.512|                |  0|KCat|Sloan|Simbad|286.71871|+39.30828
287.0328750|+39.3654167| 4247455|19080789+3921555|4794.0| 0.142|-0.001| 48.929| 4.621|RC(S)   | 1.0053| 2.183| 0.070|12.271| 0.020| 2.599| 0.009| 1.67e-03| 0.008| 3.036| 0.772|                |  0|KCat|Sloan|Simbad|287.03287|+39.36542
287.3049167|+39.3929722| 4248158|19091318+3923347|4655.2| 0.008| 0.100| 27.485| 3.781|RC(S)   | 0.9987| 0.848| 0.080|10.281| 0.024| 2.342| 0.010| 1.10e-03| 0.008| 3.965| 0.571|                |  0|KCat|Sloan|Simbad|287.30492|+39.39297
287.6791667|+39.3101111| 4249128|19104300+3918364|4729.0| 0.259|-0.025| 41.538| 4.510|RC      | 1.0040| 1.450| 0.074|10.892| 0.021| 2.525| 0.010| 1.58e-03| 0.008| 3.436| 0.497|                |  1|KCat|Sloan|Simbad|287.67917|+39.31011
287.7287083|+39.3465556| 4249279|19105489+3920476|4757.0|-0.268| 0.170| 33.071| 3.894|AMB     | 1.0215| 1.242| 0.197|11.276| 0.065| 2.427| 0.010| 1.22e-03| 0.010| 3.584| 0.355|                |  0|KCat|Sloan|Simbad|287.72871|+39.34656
287.7503333|+39.3739722| 4249357|19110008+3922263|4647.4| 0.016| 0.023| 48.041| 5.111|RGB     | 1.0370| 1.164| 0.040| 9.113| 0.015| 2.585| 0.007| 2.17e-03| 0.007| 3.820| 0.239|                |  1|KCat|Sloan|Simbad|287.75033|+39.37397
288.6802500|+39.3809167| 4252080|19144326+3922513|4100.0| 0.298| 0.114|  7.270| 1.184|RGB     | 1.0453| 1.125| 0.044|23.761| 0.017| 1.737| 0.007| 1.18e-04| 0.008| 3.939| 0.426|                |  0|KCat|Sloan|Simbad|288.68025|+39.38092
288.8048750|+39.3051111| 4252461|19151317+3918184|4703.6|-0.008| 0.019| 44.870| 4.806|RGB     | 1.0359| 1.240| 0.041| 9.704| 0.015| 2.558| 0.007| 1.91e-03| 0.007| 3.691| 0.317|                |  0|KCat|Sloan|Simbad|288.80487|+39.30511
289.1025000|+39.3185000| 4253429|19162460+3919066|4614.6| 0.312|-0.002| 75.942| 7.168|RGB     | 1.0337| 1.191| 0.038| 7.344| 0.014| 2.782| 0.007| 4.24e-03| 0.007| 3.852| 0.268|                |  0|KCat|Sloan|Simbad|289.10250|+39.31850
291.2163750|+39.3301944| 4260884|19245193+3919487|4873.3| 0.078| 0.006| 49.972| 4.506|RGB(S)  | 1.0071| 2.617| 0.040|13.239| 0.015| 2.612| 0.007| 1.59e-03| 0.007| 2.702| 0.302|                |  0|KCat|Sloan|Simbad|291.21637|+39.33019
291.2910417|+39.3336389| 4261170|19250985+3920011|4635.0|-0.017| 0.039| 44.618| 4.785|RGB(S)  | 1.0365| 1.211| 0.041| 9.652| 0.015| 2.552| 0.007| 1.90e-03| 0.007| 3.727| 0.367|                |  0|KCat|Sloan|Simbad|291.29104|+39.33364
291.3190417|+39.3956389| 4261269|19251657+3923443|4832.7| 0.052| 0.004| 96.344| 8.312|RGB     | 1.0254| 1.488| 0.036| 7.206| 0.013| 2.895| 0.007| 5.61e-03| 0.007| 3.445| 0.352|                |  0|KCat|Sloan|Simbad|291.31904|+39.39564
291.4720833|+39.3013889| 4261881|19255330+3918050|4603.3|-0.142| 0.168| 58.768| 6.111|RGB     | 1.0369| 1.028| 0.040| 7.761| 0.015| 2.670| 0.007| 3.10e-03| 0.007| 3.947| 0.266|                |  0|KCat|Sloan|Simbad|291.47208|+39.30139
291.5125833|+39.3420556| 4262061|19260302+3920314|4703.3| 0.226|-0.010| 59.049| 5.585|RGB     | 1.0308| 1.581| 0.040| 9.550| 0.014| 2.677| 0.007| 2.56e-03| 0.007| 3.397| 0.368|                |  0|KCat|Sloan|Simbad|291.51258|+39.34206
291.5583333|+39.3911944| 4262239|19261400+3923283|4661.2| 0.131|-0.005| 53.239| 5.373|RGB     | 1.0343| 1.316| 0.040| 9.199| 0.015| 2.630| 0.007| 2.38e-03| 0.007| 3.658| 0.352|                |  0|KCat|Sloan|Simbad|291.55833|+39.39119
291.5607083|+39.3024444| 4262252|19261457+3918088|4938.3|-0.188| 0.040|148.266|12.157|RGB     | 1.0200| 1.251| 0.032| 5.296| 0.011| 3.087| 0.007| 1.19e-02| 0.007| 3.638| 0.377|                |  0|KCat|Sloan|Simbad|291.56071|+39.30244
291.6272917|+39.3235278| 4262505|19263055+3919247|4858.8|-0.140| 0.012| 88.004| 7.944|RGB     | 1.0264| 1.366| 0.037| 7.212| 0.013| 2.857| 0.007| 5.13e-03| 0.007| 3.514| 0.010|                |  1|KCat|Sloan|Simbad|291.62729|+39.32353
291.6656667|+39.3341944| 4262667|19263976+3920031|4546.9| 0.062| 0.021| 18.865| 2.587|RGB     | 1.0466| 1.002| 0.043|13.566| 0.016| 2.174| 0.007| 5.66e-04| 0.008| 4.054| 0.374|                |  0|KCat|Sloan|Simbad|291.66567|+39.33419
291.9650000|+39.3508333| 4263884|19275160+3921030|4994.7|-0.263| 0.041| 35.378| 4.244|RC      | 0.9931| 1.295| 0.077|11.004| 0.023| 2.467| 0.010| 1.37e-03| 0.008| 3.467| 0.345|                |  0|KCat|Sloan|Simbad|291.96500|+39.35083
293.2440833|+39.3403611| 4269096|19325858+3920253|4306.9|-0.059| 0.052| 10.762| 1.617|RGB     | 1.0442| 1.133| 0.044|19.365| 0.017| 1.918| 0.007| 2.20e-04| 0.008| 3.825| 0.409|                |  0|KCat|Sloan|Simbad|293.24408|+39.34036
293.2552083|+39.3827500| 4269145|19330125+3922579|3925.4| 0.032| 0.179|  2.334| 0.524|RGB     | 1.0416| 0.919| 0.045|38.321| 0.017| 1.234| 0.007| 2.30e-05| 0.008| 4.166| 0.312|Ageold          |  0|KCat|Sloan|Simbad|293.25521|+39.38275
293.3171250|+39.3175000| 4269391|19331611+3919030|4690.2| 0.221|-0.003| 38.581| 4.154|AMB     | 1.0208| 1.494| 0.263|11.491| 0.060| 2.491| 0.010| 1.39e-03| 0.010| 3.458| 0.235|                |  1|KCat|Sloan|Simbad|293.31712|+39.31750
293.4260833|+39.3150556| 4269825|19334226+3918542|4684.4|-0.019| 0.001| 31.040| 3.732|RGB(S)  | 1.0406| 1.102| 0.042|11.011| 0.016| 2.397| 0.007| 1.16e-03| 0.008| 3.871| 0.340|                |  0|KCat|Sloan|Simbad|293.42608|+39.31506
293.5722500|+39.3456667| 4270423|19341734+3920444|4667.2|-0.404| 0.250| 51.810| 5.714|RGB     | 1.0385| 0.935| 0.040| 7.858| 0.015| 2.618| 0.007| 2.72e-03| 0.007| 4.018| 0.133|                |  0|KCat|Sloan|Simbad|293.57225|+39.34567
293.7147500|+39.3605278| 4271039|19345154+3921379|4698.6|-0.250| 0.054| 46.782| 5.175|RGB     | 1.0382| 1.034| 0.041| 8.682| 0.015| 2.575| 0.007| 2.23e-03| 0.007| 3.903| 0.130|                |  1|KCat|Sloan|Simbad|293.71475|+39.36053
294.2805417|+39.3737778| 4273491|19370733+3922256|4971.7|-0.097| 0.024| 70.393| 5.684|RC(S)   | 1.0000| 3.063| 0.060|12.009| 0.015| 2.765| 0.008| 2.49e-03| 0.008| 2.558| 0.380|                |  0|KCat|Sloan|Simbad|294.28054|+39.37378
294.7080000|+39.3828333| 4275434|19384992+3922582|4871.5| 0.035|-0.014| 44.480| 4.415|RC      | 1.0015| 2.047| 0.072|12.412| 0.021| 2.561| 0.009| 1.51e-03| 0.008| 3.064| 0.473|                |  0|KCat|Sloan|Simbad|294.70800|+39.38283
294.7482083|+39.3053889| 4275625|19385957+3918194|4694.2| 0.119| 0.008| 31.836| 3.750|RC      | 0.9952| 1.398| 0.078|12.237| 0.023| 2.408| 0.010| 1.08e-03| 0.008| 3.461| 0.476|                |  1|KCat|Sloan|Simbad|294.74821|+39.30539
294.8435417|+39.3407222| 4276070|19392245+3920266|4782.3| 0.312|-0.013| 45.070| 4.540|RC      | 1.0103| 1.788| 0.072|11.578| 0.020| 2.563| 0.009| 1.62e-03| 0.008| 3.233| 0.587|                |  1|KCat|Sloan|Simbad|294.84354|+39.34072
295.0221250|+39.3155556| 4276837|19400531+3918560|4799.2|-0.137| 0.098|104.142| 9.156|RGB     | 1.0253| 1.264| 0.036| 6.399| 0.013| 2.928| 0.007| 6.80e-03| 0.007| 3.625| 0.369|                |  0|KCat|Sloan|Simbad|295.02212|+39.31556
295.1542917|+39.3303056| 4277451|19403703+3919491|4649.0| 0.258| 0.006| 57.430| 5.590|RGB     | 1.0335| 1.409| 0.040| 9.169| 0.015| 2.662| 0.007| 2.58e-03| 0.007| 3.587| 0.519|                |  0|KCat|Sloan|Simbad|295.15429|+39.33031
295.4823750|+39.3266944| 4279009|19415577+3919361|4807.4| 0.128| 0.019|229.658|17.408|RGB     | 1.0169| 1.075| 0.028| 3.972| 0.009| 3.271| 0.007| 2.42e-02| 0.006| 3.961| 0.204|                |  0|KCat|Sloan|Simbad|295.48237|+39.32669
295.5147083|+39.3622500| 4279165|19420353+3921441|4950.8|-0.155| 0.046| 50.834| 5.127|RC(S)   | 0.9984| 1.743| 0.069|10.671| 0.019| 2.623| 0.009| 2.02e-03| 0.008| 3.166| 0.539|                |  0|KCat|Sloan|Simbad|295.51471|+39.36225
295.6221250|+39.3387778| 4279700|19422931+3920196|4610.4| 0.081|-0.007| 30.992| 3.527|RGB     | 1.0369| 1.363| 0.042|12.301| 0.016| 2.393| 0.007| 1.03e-03| 0.008| 3.588| 0.445|                |  1|KCat|Sloan|Simbad|295.62212|+39.33878
295.7362083|+39.3176389| 4280251|19425669+3919035|3989.2| 0.197| 0.010|  3.384| 0.635|RGB     | 1.0332| 1.377| 0.044|38.807| 0.017| 1.399| 0.007| 3.32e-05| 0.008| 3.603| 0.742|SeisUnc         |  0|KCat|Sloan|Simbad|295.73621|+39.31764
295.7666667|+39.3776389| 4280424|19430400+3922395|4815.2| 0.378| 0.041|121.431| 9.787|RGB     | 1.0238| 1.552| 0.034| 6.560| 0.012| 2.995| 0.007| 7.75e-03| 0.007| 3.450| 0.709|                |  0|KCat|Sloan|Simbad|295.76667|+39.37764
295.9657500|+39.3543889| 4281490|19435178+3921158|4892.2| 0.108|-0.031| 54.244| 5.228|RC      | 1.0022| 1.894| 0.068|10.802| 0.018| 2.648| 0.009| 2.12e-03| 0.008| 3.143| 0.268|                |  0|KCat|Sloan|Simbad|295.96575|+39.35439
296.0148333|+39.3086389| 4281702|19440356+3918311|4888.4|-0.280| 0.082| 30.821| 3.915|RC      | 0.9970| 1.127| 0.079|11.055| 0.024| 2.403| 0.010| 1.18e-03| 0.008| 3.625| 0.609|                |  1|KCat|Sloan|Simbad|296.01483|+39.30864
296.0437500|+39.3558611| 4281847|19441050+3921211|5105.8| 0.064|-0.011| 83.853| 7.037|RC      | 1.0023| 2.273| 0.054| 9.414| 0.012| 2.847| 0.008| 3.84e-03| 0.008| 2.984| 0.574|                |  0|KCat|Sloan|Simbad|296.04375|+39.35586
296.0916667|+39.3858611| 4282111|19442200+3923091|5168.0| 0.060| 0.038| 46.228| 4.263|RC      | 1.0000| 2.904| 0.072|14.290| 0.020| 2.591| 0.009| 1.40e-03| 0.008| 2.653| 0.686|SeisUnc         |  0|KCat|Sloan|Simbad|296.09167|+39.38586
296.3512083|+39.3622222| 4283451|19452429+3921440|4847.5| 0.290| 0.003| 74.274| 6.399|RC(S)   | 1.0065| 2.101| 0.059| 9.744| 0.014| 2.783| 0.008| 3.20e-03| 0.008| 3.083| 0.640|                |  0|KCat|Sloan|Simbad|296.35121|+39.36222
296.3612083|+39.3575833| 4283517|19452669+3921273|4887.9|-0.327| 0.072| 25.547| 3.408|RC      | 1.0137| 1.045| 0.081|11.694| 0.025| 2.321| 0.010| 9.21e-04| 0.008| 3.680| 0.561|                |  0|KCat|Sloan|Simbad|296.36121|+39.35758
296.4772083|+39.3239722| 4284099|19455453+3919263|4946.5| 0.007| 0.035| 57.287| 5.194|RC      | 1.0063| 2.292| 0.066|11.530| 0.018| 2.675| 0.009| 2.11e-03| 0.008| 2.897| 0.577|                |  0|KCat|Sloan|Simbad|296.47721|+39.32397
296.5100833|+39.3358889| 4284281|19460242+3920092|4680.6| 0.166|-0.010| 44.412| 4.440|RGB     | 1.0318| 1.666| 0.041|11.318| 0.015| 2.552| 0.007| 1.62e-03| 0.007| 3.310| 0.408|                |  0|KCat|Sloan|Simbad|296.51008|+39.33589
296.5657917|+39.3182500| 4284581|19461579+3919057|4865.7|-0.143| 0.018| 43.635| 4.782|RGB     | 1.0356| 1.226| 0.041| 9.702| 0.015| 2.553| 0.007| 1.89e-03| 0.007| 3.677| 0.279|                |  0|KCat|Sloan|Simbad|296.56579|+39.31825
284.8965417|+39.4468889| 4345370|18593517+3926488|4790.9|-1.011| 0.243| 32.487| 4.056|RGB     | 1.0389| 0.943| 0.042| 9.899| 0.016| 2.421| 0.007| 1.37e-03| 0.008| 3.872| 0.230|                |  1|KCat|Sloan|Simbad|284.89654|+39.44689
285.3110833|+39.4678611| 4346266|19011466+3928043|4225.7|-0.227| 0.175|  7.617| 1.314|RGB     | 1.0423| 0.901| 0.044|20.624| 0.017| 1.764| 0.007| 1.45e-04| 0.008| 4.140| 0.299|                |  0|KCat|Sloan|Simbad|285.31108|+39.46786
285.3332500|+39.4107500| 4346319|19011998+3924387|4808.5| 0.233|-0.031| 45.860| 4.589|RC      | 1.0095| 1.825| 0.072|11.581| 0.020| 2.572| 0.009| 1.66e-03| 0.008| 3.201| 0.369|                |  1|KCat|Sloan|Simbad|285.33325|+39.41075
285.4847917|+39.4357222| 4346661|19015635+3926086|4424.8|-0.134| 0.033| 17.599| 2.284|RGB(S)  | 1.0387| 1.323| 0.043|16.254| 0.016| 2.138| 0.007| 4.35e-04| 0.008| 3.567| 0.319|                |  0|KCat|Sloan|Simbad|285.48479|+39.43572
285.5946667|+39.4227222| 4346893|19022272+3925218|4535.0| 0.372| 0.003| 33.113| 3.935|RC      | 1.0052| 1.184| 0.078|11.139| 0.023| 2.418| 0.010| 1.21e-03| 0.008| 3.693| 0.170|                |  1|KCat|Sloan|Simbad|285.59467|+39.42272
285.6268333|+39.4078611| 4346953|19023044+3924283|4537.2| 0.178| 0.008| 27.023| 3.033|RGB     | 1.0347| 1.626| 0.042|14.447| 0.016| 2.330| 0.007| 7.60e-04| 0.008| 3.349| 0.444|                |  0|KCat|Sloan|Simbad|285.62683|+39.40786
285.9072917|+39.4062500| 4347652|19033775+3924225|4954.8| 0.103|-0.025|       |      |REJECT  |       |      |      |      |      |      |      |         |      |      |      |No Seis         |  0|KCat|Sloan|Simbad|285.90729|+39.40625
286.2564583|+39.4459167| 4348513|19050155+3926453|4778.2|-0.436| 0.242| 91.752| 8.868|RGB     | 1.0294| 0.960| 0.037| 5.948| 0.013| 2.872| 0.007| 6.43e-03| 0.007| 3.979| 0.258|                |  0|KCat|Sloan|Simbad|286.25646|+39.44592
286.2879583|+39.4066389| 4348593|19050911+3924239|5070.8| 0.114|-0.047| 61.916| 5.193|RC(S)   | 1.0000| 3.082| 0.064|12.781| 0.017| 2.714| 0.009| 2.08e-03| 0.008| 2.626| 0.177|                |  1|KCat|Sloan|Simbad|286.28796|+39.40664
286.3153333|+39.4424444| 4348666|19051568+3926328|4915.1|-0.001| 0.003|185.790|13.975|RGB     | 1.0176| 1.413| 0.029| 5.034| 0.010| 3.184| 0.007| 1.56e-02| 0.006| 3.486| 0.310|                |  0|KCat|Sloan|Simbad|286.31533|+39.44244
287.0715000|+39.4161944| 4350501|19081716+3924583|4825.2|-0.064| 0.152|138.405|10.926|RGB     | 1.0200| 1.506| 0.033| 6.050| 0.011| 3.052| 0.007| 9.59e-03| 0.007| 3.392| 0.445|                |  1|KCat|Sloan|Simbad|287.07150|+39.41619
287.3985833|+39.4974167| 4351319|19093566+3929507|4908.3| 0.308|-0.015|183.682|24.952|RGB(S)  |       |      |      |      |      | 3.179| 0.007|         |      |      | 0.008|No Fdnu         |  0|KCat|Sloan|Simbad|287.39858|+39.49742
289.1265417|+39.4042778| 4356390|19163037+3924154|4818.5|-0.040| 0.034| 35.823| 4.289|RC      | 1.0005| 1.186| 0.077|10.557| 0.023| 2.465| 0.010| 1.42e-03| 0.008| 3.609| 0.242|                |  0|KCat|Sloan|Simbad|289.12654|+39.40428
289.3116250|+39.4228611| 4356964|19171479+3925223|4842.9|-0.049|-0.004| 36.108| 4.319|RC      | 0.9999| 1.193| 0.076|10.533| 0.022| 2.470| 0.010| 1.44e-03| 0.008| 3.603| 0.319|                |  0|KCat|Sloan|Simbad|289.31162|+39.42286
289.3684583|+39.4507778| 4357170|19172843+3927028|4609.6| 0.249| 0.014| 69.388| 6.762|RGB     | 1.0354| 1.138| 0.039| 7.513| 0.014| 2.743| 0.007| 3.78e-03| 0.007| 3.910| 0.370|                |  0|KCat|Sloan|Simbad|289.36846|+39.45078
289.4390417|+39.4476389| 4357390|19174537+3926515|4460.1| 0.010| 0.009| 15.034| 1.990|RGB     | 1.0376| 1.456| 0.043|18.411| 0.016| 2.071| 0.007| 3.29e-04| 0.008| 3.466| 0.305|                |  0|KCat|Sloan|Simbad|289.43904|+39.44764
289.5130417|+39.4773056| 4357662|19180313+3928383|4775.1|-0.033| 0.027| 47.292| 4.876|RGB     | 1.0336| 1.415| 0.041|10.058| 0.015| 2.584| 0.007| 1.96e-03| 0.007| 3.497| 0.240|                |  0|KCat|Sloan|Simbad|289.51304|+39.47731
289.7524583|+39.4746667| 4358564|19190059+3928288|4554.6| 0.374| 0.015| 32.373| 3.821|RC      | 1.0049| 1.254| 0.078|11.581| 0.023| 2.409| 0.010| 1.14e-03| 0.008| 3.636| 0.240|                |  0|KCat|Sloan|Simbad|289.75246|+39.47467
289.7597083|+39.4696389| 4358581|19190233+3928107|4914.4|-0.007| 0.015| 45.119| 4.715|RC      | 0.9981| 1.686| 0.072|11.161| 0.020| 2.569| 0.009| 1.71e-03| 0.008| 3.214| 0.266|                |  0|KCat|Sloan|Simbad|289.75971|+39.46964
291.7352500|+39.4534167| 4365609|19265646+3927123|4902.3|-0.297| 0.095| 33.951| 4.164|RC      | 0.9890| 1.221| 0.077|10.957| 0.023| 2.445| 0.010| 1.31e-03| 0.008| 3.512| 0.269|                |  0|KCat|Sloan|Simbad|291.73525|+39.45342
291.9441667|+39.4898889| 4366351|19274660+3929236|4598.1| 0.195| 0.028| 55.153| 5.611|RGB     | 1.0358| 1.199| 0.040| 8.655| 0.015| 2.642| 0.007| 2.61e-03| 0.007| 3.818| 0.309|                |  0|KCat|Sloan|Simbad|291.94417|+39.48989
292.0977500|+39.4078611| 4366880|19282346+3924283|4972.5| 0.005| 0.001| 64.092| 5.991|RC      | 0.9970| 1.896| 0.063| 9.900| 0.016| 2.724| 0.009| 2.76e-03| 0.008| 3.102| 0.271|                |  0|KCat|Sloan|Simbad|292.09775|+39.40786
292.2275417|+39.4470278| 4367337|19285461+3926493|4910.1|-0.275| 0.045| 90.970| 8.252|RGB     | 1.0256| 1.320| 0.037| 6.956| 0.013| 2.874| 0.007| 5.53e-03| 0.007| 3.533| 0.299|                |  0|KCat|Sloan|Simbad|292.22754|+39.44703
293.1119583|+39.4365556| 4370730|19322687+3926116|4787.6|-0.394| 0.191|148.376|12.866|RGB     | 1.0216| 0.948| 0.032| 4.645| 0.011| 3.081| 0.007| 1.33e-02| 0.007| 3.997| 0.050|                |  0|KCat|Sloan|Simbad|293.11196|+39.43656
293.2835833|+39.4321389| 4371406|19330806+3925557|4713.4|-0.168| 0.037| 44.789| 4.918|RGB     | 1.0371| 1.123| 0.041| 9.239| 0.015| 2.557| 0.007| 2.01e-03| 0.007| 3.808| 0.169|                |  0|KCat|Sloan|Simbad|293.28358|+39.43214
293.3196250|+39.4662778| 4371562|19331671+3927586|4112.5| 0.143| 0.110|  7.443| 1.199|RGB     | 1.0433| 1.162| 0.044|23.851| 0.017| 1.748| 0.007| 1.21e-04| 0.008| 3.851| 0.297|                |  0|KCat|Sloan|Simbad|293.31962|+39.46628
293.3329583|+39.4071111| 4371615|19331991+3924256|4956.7| 0.092|-0.017| 76.291| 6.544|RC(S)   | 1.0030| 2.183| 0.058| 9.745| 0.014| 2.799| 0.008| 3.33e-03| 0.008| 3.034| 0.159|                |  0|KCat|Sloan|Simbad|293.33296|+39.40711
293.4582500|+39.4821944| 4372082|19334998+3928559|5025.9|-0.038|-0.016| 78.220| 6.199|RC      | 1.0000| 3.019| 0.057|11.280| 0.013| 2.813| 0.008| 2.97e-03| 0.008| 2.589| 0.220|                |  0|KCat|Sloan|Simbad|293.45825|+39.48219
293.9257500|+39.4571944| 4374106|19354218+3927259|4551.5|-0.313| 0.033| 15.551| 2.112|RGB     | 1.0382| 1.305| 0.043|17.051| 0.016| 2.090| 0.007| 3.71e-04| 0.008| 3.524| 0.150|                |  0|KCat|Sloan|Simbad|293.92575|+39.45719
293.9398750|+39.4125556| 4374169|19354557+3924452|4899.3| 0.056| 0.011| 44.700| 4.464|RC(S)   | 1.0087| 1.948| 0.072|12.061| 0.020| 2.565| 0.009| 1.57e-03| 0.008| 3.105| 0.350|                |  0|KCat|Sloan|Simbad|293.93987|+39.41256
294.4429167|+39.4360000| 4376346|19374630+3926096|4910.1| 0.062| 0.001| 62.536| 5.769|RC      | 0.9950| 2.026| 0.064|10.394| 0.016| 2.711| 0.009| 2.54e-03| 0.008| 3.076| 0.370|                |  0|KCat|Sloan|Simbad|294.44292|+39.43600
294.5780833|+39.4333889| 4376913|19381874+3926002|4740.2| 0.253|-0.008|106.047| 9.102|RGB     | 1.0268| 1.334| 0.036| 6.534| 0.013| 2.933| 0.007| 6.74e-03| 0.007| 3.666| 0.377|                |  0|KCat|Sloan|Simbad|294.57808|+39.43339
294.6973750|+39.4578056| 4377436|19384737+3927281|4355.9| 0.368| 0.044| 28.546| 3.397|RGB     | 1.0439| 1.106| 0.042|11.710| 0.016| 2.344| 0.007| 9.71e-04| 0.008| 3.979| 0.429|                |  1|KCat|Sloan|Simbad|294.69737|+39.45781
294.9305833|+39.4924722| 4378473|19394334+3929329|4545.8|-0.233| 0.114| 22.696| 2.844|RGB     | 1.0391| 1.228| 0.043|13.694| 0.016| 2.254| 0.007| 6.74e-04| 0.008| 3.640| 0.152|                |  1|KCat|Sloan|Simbad|294.93058|+39.49247
295.4294583|+39.4432778| 4380775|19414307+3926358|4170.4| 0.003| 0.024|  6.236| 1.090|RGB     | 1.0467| 1.007| 0.044|24.169| 0.017| 1.674| 0.007| 1.01e-04| 0.008| 4.029| 0.423|                |  0|KCat|Sloan|Simbad|295.42946|+39.44328
295.5819583|+39.4031111| 4381519|19421967+3924112|5033.5| 0.010|-0.037|103.609| 8.460|RC(S)   | 0.9996| 2.031| 0.047| 8.034| 0.009| 2.936| 0.007| 5.52e-03| 0.008| 2.956| 0.419|                |  1|KCat|Sloan|Simbad|295.58196|+39.40311
295.6228750|+39.4639167| 4381719|19422949+3927501|5081.1| 0.124| 0.000| 52.157| 4.731|RC      | 1.0036| 2.644| 0.069|12.891| 0.019| 2.640| 0.009| 1.74e-03| 0.008| 2.759| 0.609|                |  0|KCat|Sloan|Simbad|295.62287|+39.46392
295.9466250|+39.4737500| 4383388|19434719+3928255|4601.1| 0.102| 0.036| 46.237| 4.861|RGB     | 1.0365| 1.252| 0.041| 9.658| 0.015| 2.566| 0.007| 1.96e-03| 0.007| 3.723| 0.219|                |  1|KCat|Sloan|Simbad|295.94662|+39.47375
285.0300833|+39.5088889| 4445549|19000722+3930320|4964.9|-0.326| 0.052|198.004|15.904|RGB     | 1.0172| 1.037| 0.028| 4.167| 0.010| 3.214| 0.007| 2.02e-02| 0.006| 3.857| 0.171|                |  1|KCat|Sloan|Simbad|285.03008|+39.50889
285.1005417|+39.5523611| 4445711|19002413+3933085|4889.7|-0.215| 0.033| 36.620| 4.345|RC      | 0.9986| 1.238| 0.076|10.630| 0.022| 2.478| 0.010| 1.45e-03| 0.008| 3.521| 0.269|                |  1|KCat|Sloan|Simbad|285.10054|+39.55236
285.2139583|+39.5043611| 4445966|19005135+3930157|4921.7|-0.002| 0.010|       |      |REJECT  |       |      |      |      |      |      |      |         |      |      |      |No Seis         |  0|KCat|Sloan|Simbad|285.21396|+39.50436
285.2221250|+39.5428611| 4445989|19005331+3932343|4883.6| 0.131|-0.014|       |      |REJECT  |       |      |      |      |      |      |      |         |      |      |      |No Seis         |  0|KCat|Sloan|Simbad|285.22212|+39.54286
285.3045417|+39.5036667| 4446181|19011309+3930132|4831.3|-0.408| 0.252| 30.319| 4.127|RC      | 0.9902| 0.877| 0.079| 9.862| 0.024| 2.393| 0.010| 1.29e-03| 0.008| 3.847| 0.202|                |  0|KCat|Sloan|Simbad|285.30454|+39.50367
285.3193333|+39.5819167| 4446215|19011664+3934549|4996.1| 0.074|-0.010|188.206|14.148|RGB     | 1.0176| 1.433| 0.029| 5.016| 0.010| 3.193| 0.007| 1.60e-02| 0.006| 3.496| 0.382|                |  0|KCat|Sloan|Simbad|285.31933|+39.58192
285.4075000|+39.5316111| 4446405|19013780+3931538|4788.2|-0.030|-0.004| 59.237| 5.759|RGB     | 1.0309| 1.450| 0.040| 9.090| 0.014| 2.682| 0.007| 2.72e-03| 0.007| 3.460| 0.376|                |  1|KCat|Sloan|Simbad|285.40750|+39.53161
286.1155833|+39.5980833| 4447974|19042774+3935531|4757.0|-0.149| 0.050| 56.999| 5.798|RGB     | 1.0338| 1.231| 0.040| 8.552| 0.015| 2.664| 0.007| 2.77e-03| 0.007| 3.668| 0.390|                |  0|KCat|Sloan|Simbad|286.11558|+39.59808
286.1314583|+39.5706667| 4448004|19043155+3934144|4558.3| 0.231| 0.043| 65.560| 6.881|RGB(S)  | 1.0215| 0.929| 0.039| 7.003| 0.014| 2.715| 0.007| 3.81e-03| 0.007| 4.220| 0.380|Ageold          |  0|KCat|Sloan|Simbad|286.13146|+39.57067
286.4050000|+39.5892778| 4448636|19053720+3935214|4578.7| 0.351| 0.003| 33.768| 4.001|RC      | 1.0047| 1.195| 0.077|11.055| 0.023| 2.428| 0.010| 1.25e-03| 0.008| 3.680| 0.321|                |  1|KCat|Sloan|Simbad|286.40500|+39.58928
288.9667500|+39.5288889| 4455406|19155202+3931440|4929.8| 0.227| 0.008| 53.083| 4.962|RC      | 1.0028| 2.209| 0.068|11.768| 0.019| 2.641| 0.009| 1.91e-03| 0.008| 3.044| 0.315|                |  0|KCat|Sloan|Simbad|288.96675|+39.52889
289.0021250|+39.5236389| 4455528|19160051+3931251|4766.4|-0.179| 0.126| 25.258| 3.496|RC      | 1.0041| 0.913| 0.082|11.064| 0.025| 2.311| 0.010| 9.51e-04| 0.008| 3.859| 0.231|                |  0|KCat|Sloan|Simbad|289.00212|+39.52364
289.0823333|+39.5880556| 4455785|19161976+3935170|4979.4|-0.139| 0.024| 44.128| 4.490|RC      | 1.0077| 1.884| 0.073|11.889| 0.021| 2.563| 0.009| 1.58e-03| 0.008| 3.098| 0.263|                |  0|KCat|Sloan|Simbad|289.08233|+39.58806
289.3628333|+39.5450278| 4456739|19172708+3932421|4623.3| 0.366| 0.039| 37.055| 4.208|RC      | 1.0035| 1.315| 0.076|11.044| 0.022| 2.471| 0.010| 1.38e-03| 0.008| 3.570| 0.295|                |  0|KCat|Sloan|Simbad|289.36283|+39.54503
289.5679583|+39.5510556| 4457395|19181631+3933038|4743.5| 0.028| 0.013| 33.686| 4.109|RC      | 1.0018| 1.137| 0.078|10.701| 0.023| 2.435| 0.010| 1.31e-03| 0.008| 3.680| 0.233|                |  0|KCat|Sloan|Simbad|289.56796|+39.55106
289.6649583|+39.5857222| 4457761|19183959+3935086|4622.2| 0.350| 0.015| 55.767| 5.341|RGB     | 1.0328| 1.539| 0.040| 9.738| 0.015| 2.648| 0.007| 2.35e-03| 0.007| 3.467| 0.218|                |  0|KCat|Sloan|Simbad|289.66496|+39.58572
290.0124167|+39.5228333| 4459025|19200298+3931222|4854.2|-0.006| 0.029| 39.093| 4.395|RC      | 0.9997| 1.417| 0.075|11.026| 0.022| 2.505| 0.010| 1.49e-03| 0.008| 3.413| 0.234|                |  0|KCat|Sloan|Simbad|290.01242|+39.52283
290.1007917|+39.5148056| 4459359|19202419+3930533|4765.1| 0.407|-0.013|244.103|17.665|RGB     | 1.0173| 1.199| 0.028| 4.078| 0.009| 3.296| 0.007| 2.49e-02| 0.006| 3.851| 0.200|                |  0|KCat|Sloan|Simbad|290.10079|+39.51481
290.1122500|+39.5733889| 4459408|19202694+3934242|4743.1|-0.173| 0.053| 42.812| 4.659|RGB(S)  | 1.0358| 1.236| 0.041| 9.898| 0.015| 2.539| 0.007| 1.80e-03| 0.007| 3.666| 0.197|                |  0|KCat|Sloan|Simbad|290.11225|+39.57339
290.2052083|+39.5109722| 4459786|19204925+3930395|4859.0|-0.005|-0.004| 44.955| 4.668|RC      | 1.0009| 1.688| 0.072|11.220| 0.020| 2.565| 0.009| 1.69e-03| 0.008| 3.213| 0.167|                |  0|KCat|Sloan|Simbad|290.20521|+39.51097
290.2657500|+39.5929167| 4460015|19210378+3935345|4712.3|-0.262| 0.171| 28.466| 3.783|RC      | 1.0062| 0.929| 0.080|10.540| 0.024| 2.360| 0.010| 1.12e-03| 0.008| 3.824| 0.099|                |  0|KCat|Sloan|Simbad|290.26575|+39.59292
291.8663333|+39.5884444| 4465224|19272792+3935184|4562.3|-0.361| 0.203| 23.063| 3.087|RGB     | 1.0453| 0.912| 0.043|11.695| 0.016| 2.262| 0.007| 8.04e-04| 0.008| 4.053| 0.344|                |  0|KCat|Sloan|Simbad|291.86633|+39.58844
291.8702083|+39.5396389| 4465237|19272885+3932227|4853.8|-0.263| 0.072| 47.068| 5.075|RGB     | 1.0352| 1.210| 0.041| 9.287| 0.015| 2.585| 0.007| 2.13e-03| 0.007| 3.661| 0.443|                |  0|KCat|Sloan|Simbad|291.87021|+39.53964
292.2528333|+39.5070000| 4466582|19290068+3930252|4695.0| 0.170| 0.078|117.109|10.297|RGB     | 1.0278| 1.077| 0.035| 5.599| 0.012| 2.974| 0.007| 8.65e-03| 0.007| 3.979| 0.232|                |  0|KCat|Sloan|Simbad|292.25283|+39.50700
293.0603750|+39.5215833| 4469602|19321449+3931177|4728.2|-0.064| 0.047| 32.464| 3.514|RGB     | 1.0319| 1.683| 0.042|13.273| 0.016| 2.418| 0.007| 1.02e-03| 0.008| 3.241| 0.234|                |  1|KCat|Sloan|Simbad|293.06037|+39.52158
293.1346667|+39.5011111| 4469886|19323232+3930040|4936.0|-0.059| 0.000| 56.345| 5.509|RC      | 0.9973| 1.780| 0.067|10.251| 0.018| 2.667| 0.009| 2.33e-03| 0.008| 3.154| 0.234|                |  1|KCat|Sloan|Simbad|293.13467|+39.50111
293.2366250|+39.5224167| 4470280|19325679+3931207|4751.0| 0.157|-0.007| 79.325| 7.111|RGB     | 1.0282| 1.495| 0.038| 7.993| 0.014| 2.807| 0.007| 4.13e-03| 0.007| 3.466| 0.130|                |  0|KCat|Sloan|Simbad|293.23662|+39.52242
293.4867917|+39.5075833| 4471217|19335683+3930273|4766.2| 0.020| 0.003|109.481| 9.769|RGB     | 1.0275| 1.112| 0.035| 5.863| 0.012| 2.948| 0.007| 7.78e-03| 0.007| 3.887| 0.168|                |  0|KCat|Sloan|Simbad|293.48679|+39.50758
293.6384583|+39.5378889| 4471811|19343323+3932164|4812.4|-0.077| 0.012| 63.874| 6.044|RGB     | 1.0289| 1.521| 0.039| 8.956| 0.014| 2.716| 0.007| 2.99e-03| 0.007| 3.383| 0.346|                |  0|KCat|Sloan|Simbad|293.63846|+39.53789
293.8655417|+39.5525833| 4472729|19352773+3933093|4837.8| 0.038| 0.004|221.306|16.982|RGB     | 1.0169| 1.072| 0.028| 4.034| 0.009| 3.257| 0.007| 2.30e-02| 0.006| 3.941| 0.168|                |  0|KCat|Sloan|Simbad|293.86554|+39.55258
294.2829167|+39.5700833| 4474383|19370790+3934123|4894.7| 0.054|-0.013| 48.586| 4.744|RC      | 1.0116| 1.937| 0.071|11.538| 0.020| 2.601| 0.009| 1.78e-03| 0.008| 3.111| 0.127|                |  0|KCat|Sloan|Simbad|294.28292|+39.57008
294.6644583|+39.5288611| 4475934|19383947+3931439|4792.4| 0.093| 0.010| 39.929| 4.365|RC      | 0.9955| 1.549| 0.075|11.442| 0.022| 2.511| 0.010| 1.46e-03| 0.008| 3.331| 0.281|                |  1|KCat|Sloan|Simbad|294.66446|+39.52886
294.7819167|+39.5100000| 4476422|19390766+3930360|5007.8|-0.018| 0.004| 77.927| 6.684|RC      | 1.0053| 2.151| 0.057| 9.547| 0.013| 2.811| 0.008| 3.49e-03| 0.008| 3.023| 0.169|                |  0|KCat|Sloan|Simbad|294.78192|+39.51000
295.2201250|+39.5314444| 4478281|19405283+3931532|4381.1| 0.236| 0.014| 15.858| 2.060|RGB     | 1.0396| 1.437| 0.043|17.888| 0.016| 2.090| 0.007| 3.54e-04| 0.008| 3.553| 0.371|                |  0|KCat|Sloan|Simbad|295.22012|+39.53144
295.2461250|+39.5453611| 4478390|19405907+3932433|4244.8|-0.238| 0.135|       |      |REJECT  |       |      |      |      |      |      |      |         |      |      |      |No Seis         |  0|KCat|Sloan|Simbad|295.24612|+39.54536
295.2942083|+39.5148333| 4478615|19411061+3930534|4913.6|-0.307| 0.107| 79.642| 7.867|RGB     | 1.0304| 1.054| 0.038| 6.641| 0.014| 2.816| 0.007| 5.07e-03| 0.007| 3.872| 0.517|                |  1|KCat|Sloan|Simbad|295.29421|+39.51483
295.4517083|+39.5555833| 4479314|19414841+3933201|4573.8| 0.041|-0.013| 19.667| 2.268|RGB     | 1.0269| 2.090| 0.043|19.163| 0.016| 2.193| 0.007| 4.19e-04| 0.008| 2.975| 0.672|                |  1|KCat|Sloan|Simbad|295.45171|+39.55558
295.5781250|+39.5515556| 4479889|19421875+3933056|4845.4| 0.163| 0.000| 51.328| 5.216|RC(S)   | 0.9962| 1.636| 0.069|10.343| 0.019| 2.622| 0.009| 2.09e-03| 0.008| 3.276| 0.540|                |  0|KCat|Sloan|Simbad|295.57812|+39.55156
295.6688750|+39.5898333| 4480358|19424053+3935234|4507.8|-0.846| 0.257|  9.130| 1.502|RGB     | 1.0410| 1.008| 0.044|19.598| 0.017| 1.857| 0.007| 1.89e-04| 0.008| 3.798| 0.611|                |  1|KCat|Sloan|Simbad|295.66887|+39.58983
295.9252083|+39.5147222| 4481621|19434205+3930530|4386.5| 0.288| 0.092| 32.492| 3.667|RGB     | 1.0403| 1.230| 0.042|11.557| 0.016| 2.402| 0.007| 1.12e-03| 0.008| 3.803| 0.410|                |  1|KCat|Sloan|Simbad|295.92521|+39.51472
295.9253333|+39.5683056| 4481622|19434208+3934059|4592.7|-0.200| 0.043| 14.693| 1.976|RGB     | 1.0358| 1.472| 0.043|18.587| 0.016| 2.068| 0.007| 3.23e-04| 0.008| 3.387| 0.564|                |  0|KCat|Sloan|Simbad|295.92533|+39.56831
296.5774583|+39.5321667| 4484996|19461859+3931558|4762.0| 0.428| 0.027| 56.544| 5.115|RC      | 1.0055| 2.220| 0.067|11.531| 0.018| 2.661| 0.009| 2.04e-03| 0.008| 3.066| 0.519|                |  1|KCat|Sloan|Simbad|296.57746|+39.53217
285.2645833|+39.6528889| 4543229|19010350+3939104|4470.0|-0.160| 0.160| 25.317| 3.177|RGB     | 1.0427| 1.053| 0.042|12.055| 0.016| 2.298| 0.007| 8.47e-04| 0.008| 3.907| 0.273|                |  1|KCat|Sloan|Simbad|285.26458|+39.65289
285.3237083|+39.6414722| 4543371|19011769+3938293|5114.1|-0.159| 0.010| 92.111| 7.645|RC      | 0.9890| 2.286| 0.051| 9.006| 0.011| 2.888| 0.008| 4.41e-03| 0.008| 2.907| 0.283|                |  0|KCat|Sloan|Simbad|285.32371|+39.64147
286.2836250|+39.6001944| 4545474|19050807+3936007|4572.0| 0.271|-0.003| 37.599| 3.915|RGB     | 1.0336| 1.603| 0.041|12.139| 0.015| 2.475| 0.007| 1.26e-03| 0.007| 3.389| 0.348|                |  1|KCat|Sloan|Simbad|286.28362|+39.60019
286.7703750|+39.6870278| 4546625|19070489+3941133|4702.1| 0.129| 0.024| 33.585| 4.105|RC      | 1.0028| 1.113| 0.078|10.625| 0.023| 2.432| 0.010| 1.31e-03| 0.008| 3.713| 0.588|                |  1|KCat|Sloan|Simbad|286.77037|+39.68703
287.0135417|+39.6326667| 4547204|19080325+3937576|4372.7| 0.256| 0.012| 20.623| 2.501|RGB(S)  | 1.0387| 1.455| 0.043|15.791| 0.016| 2.204| 0.007| 5.21e-04| 0.008| 3.541| 0.685|                |  0|KCat|Sloan|Simbad|287.01354|+39.63267
287.5945000|+39.6497222| 4548530|19102268+3938590|4684.7|-0.338| 0.217| 19.577| 2.959|RGB     | 1.0005| 0.819| 0.043|11.952| 0.016| 2.196| 0.007| 6.77e-04| 0.008| 4.242| 0.441|Ageold          |  0|KCat|Sloan|Simbad|287.59450|+39.64972
287.6104583|+39.6405833| 4548564|19102651+3938261|4625.0|-0.203| 0.185| 56.940| 6.008|RGB     | 1.0374| 1.006| 0.040| 7.790| 0.015| 2.657| 0.007| 3.00e-03| 0.007| 3.980| 0.388|                |  1|KCat|Sloan|Simbad|287.61046|+39.64058
287.6307917|+39.6582778| 4548615|19103139+3939298|4156.3|-0.409| 0.196|  3.862| 0.768|RGB     | 1.0344| 1.015| 0.044|30.866| 0.017| 1.466| 0.007| 4.87e-05| 0.008| 3.882| 0.429|                |  1|KCat|Sloan|Simbad|287.63079|+39.65828
289.3815000|+39.6403056| 4553631|19173156+3938251|4613.6| 0.191| 0.075| 55.785| 5.407|RGB     | 1.0329| 1.462| 0.040| 9.496| 0.015| 2.648| 0.007| 2.41e-03| 0.007| 3.517| 0.193|                |  0|KCat|Sloan|Simbad|289.38150|+39.64031
289.3848750|+39.6848056| 4553643|19173237+3941053|4714.8|-0.188| 0.048| 43.088| 4.685|RGB     | 1.0360| 1.220| 0.041| 9.816| 0.015| 2.540| 0.007| 1.82e-03| 0.007| 3.683| 0.222|                |  0|KCat|Sloan|Simbad|289.38487|+39.68481
289.4547083|+39.6741389| 4553892|19174913+3940269|4699.6|-0.069| 0.013| 42.552| 4.587|RGB     | 1.0357| 1.274| 0.041|10.104| 0.015| 2.534| 0.007| 1.74e-03| 0.007| 3.654| 0.218|                |  0|KCat|Sloan|Simbad|289.45471|+39.67414
289.4955000|+39.6549722| 4554044|19175892+3939179|4681.2| 0.266| 0.000| 37.158| 4.089|RC      | 1.0074| 1.492| 0.076|11.712| 0.022| 2.475| 0.010| 1.31e-03| 0.008| 3.415| 0.241|                |  0|KCat|Sloan|Simbad|289.49550|+39.65497
289.8825417|+39.6341111| 4555456|19193181+3938028|4285.4| 0.084| 0.034|  7.874| 1.355|RGB     | 1.0384| 0.915| 0.044|20.363| 0.017| 1.782| 0.007| 1.53e-04| 0.008| 4.197| 0.164|Ageold          |  0|KCat|Sloan|Simbad|289.88254|+39.63411
289.9402917|+39.6918056| 4555699|19194567+3941305|4783.8|-0.100| 0.059| 29.945| 3.951|RC      | 0.9989| 0.957| 0.079|10.393| 0.024| 2.386| 0.010| 1.20e-03| 0.008| 3.821| 0.216|                |  0|KCat|Sloan|Simbad|289.94029|+39.69181
289.9506667|+39.6473889| 4555734|19194816+3938506|4916.8|-0.287| 0.046|154.427|13.025|RGB     | 1.0203| 1.064| 0.032| 4.792| 0.011| 3.104| 0.007| 1.36e-02| 0.007| 3.855| 0.169|                |  0|KCat|Sloan|Simbad|289.95067|+39.64739
290.1932500|+39.6889722| 4556646|19204638+3941203|4588.5| 0.248| 0.008| 54.259| 5.460|RGB     | 1.0353| 1.271| 0.040| 8.991| 0.015| 2.635| 0.007| 2.47e-03| 0.007| 3.741| 0.192|                |  0|KCat|Sloan|Simbad|290.19325|+39.68897
290.5245000|+39.6749722| 4557817|19220588+3940299|5089.4| 0.017|-0.009| 81.546| 6.954|RC      | 1.0047| 2.161| 0.055| 9.316| 0.013| 2.834| 0.008| 3.77e-03| 0.008| 3.026| 0.238|                |  0|KCat|Sloan|Simbad|290.52450|+39.67497
293.2892500|+39.6566389| 4567326|19330942+3939239|4421.5| 0.410| 0.007| 28.686| 3.276|RGB     | 1.0398| 1.347| 0.042|12.846| 0.016| 2.350| 0.007| 8.96e-04| 0.008| 3.685| 0.244|                |  0|KCat|Sloan|Simbad|293.28925|+39.65664
293.7915833|+39.6823889| 4569298|19350998+3940566|4632.0| 0.290| 0.008| 36.810| 4.119|RC      | 1.0013| 1.420| 0.076|11.509| 0.022| 2.468| 0.010| 1.31e-03| 0.008| 3.474| 0.297|                |  1|KCat|Sloan|Simbad|293.79158|+39.68239
293.8844167|+39.6367222| 4569691|19353226+3938122|4988.1|-0.386| 0.091| 33.439| 4.084|RC      | 0.9889| 1.294| 0.078|11.315| 0.023| 2.443| 0.010| 1.26e-03| 0.008| 3.438| 0.471|                |  1|KCat|Sloan|Simbad|293.88442|+39.63672
293.9843750|+39.6609444| 4570120|19355625+3939394|5042.3| 0.052|-0.025| 88.012| 7.348|RC      | 0.9995| 2.193| 0.053| 9.055| 0.011| 2.865| 0.008| 4.16e-03| 0.008| 3.018| 0.330|                |  1|KCat|Sloan|Simbad|293.98437|+39.66094
294.2878333|+39.6790833| 4571324|19370908+3940447|4688.5| 0.107|-0.018| 47.077| 4.797|RGB     | 1.0333| 1.450| 0.041|10.254| 0.015| 2.578| 0.007| 1.90e-03| 0.007| 3.504| 0.422|                |  0|KCat|Sloan|Simbad|294.28783|+39.67908
294.3197917|+39.6473333| 4571448|19371675+3938504|4862.6| 0.222| 0.006|225.173|16.843|RGB     | 1.0173| 1.174| 0.028| 4.180| 0.009| 3.265| 0.007| 2.27e-02| 0.006| 3.846| 0.237|                |  0|KCat|Sloan|Simbad|294.31979|+39.64733
294.3724167|+39.6572500| 4571650|19372938+3939261|4991.0|-0.080| 0.016|175.500|13.269|RGB     | 1.0175| 1.500| 0.030| 5.316| 0.010| 3.163| 0.007| 1.41e-02| 0.006| 3.392| 0.090|                |  0|KCat|Sloan|Simbad|294.37242|+39.65725
294.4530000|+39.6466944| 4571962|19374872+3938481|4282.7|-0.013| 0.026|  7.266| 1.124|RGB     | 1.0340| 1.540| 0.044|27.513| 0.017| 1.747| 0.007| 1.04e-04| 0.008| 3.372| 0.462|                |  1|KCat|Sloan|Simbad|294.45300|+39.64669
295.2493750|+39.6541667| 4575396|19405985+3939150|4654.2|-0.173| 0.054| 18.415| 2.670|RGB     | 1.0350| 0.888| 0.043|12.856| 0.016| 2.168| 0.007| 5.90e-04| 0.008| 4.166| 0.469|Ageold          |  0|KCat|Sloan|Simbad|295.24937|+39.65417
295.2535000|+39.6339722| 4575420|19410084+3938023|4759.7| 0.120|-0.007| 63.492| 6.039|RGB     | 1.0308| 1.463| 0.039| 8.835| 0.014| 2.711| 0.007| 2.99e-03| 0.007| 3.489| 0.424|                |  1|KCat|Sloan|Simbad|295.25350|+39.63397
295.3031667|+39.6226944| 4575645|19411276+3937217|4702.4| 0.261| 0.007| 40.739| 4.410|RC      | 1.0017| 1.497| 0.074|11.191| 0.021| 2.516| 0.010| 1.51e-03| 0.008| 3.403| 0.198|                |  1|KCat|Sloan|Simbad|295.30317|+39.62269
295.5947083|+39.6515000| 4577048|19422273+3939054|4709.7| 0.069| 0.023| 49.568| 5.101|RGB     | 1.0344| 1.327| 0.040| 9.548| 0.015| 2.601| 0.007| 2.15e-03| 0.007| 3.627| 0.396|                |  0|KCat|Sloan|Simbad|295.59471|+39.65150
295.7979583|+39.6342778| 4577989|19431151+3938034|4321.3| 0.147| 0.013|       |      |REJECT  |       |      |      |      |      |      |      |         |      |      |      |No Seis         |  0|KCat|Sloan|Simbad|295.79796|+39.63428
295.8502083|+39.6858611| 4578246|19432405+3941091|4989.0| 0.146|-0.037| 80.152| 6.905|RC      | 0.9999| 2.087| 0.056| 9.282| 0.013| 2.822| 0.008| 3.68e-03| 0.008| 3.045| 0.266|                |  0|KCat|Sloan|Simbad|295.85021|+39.68586
295.9011667|+39.6511111| 4578488|19433628+3939040|4619.2|-0.115| 0.075| 47.881| 5.289|RGB     | 1.0394| 0.986| 0.040| 8.415| 0.015| 2.582| 0.007| 2.33e-03| 0.007| 4.028| 0.196|                |  1|KCat|Sloan|Simbad|295.90117|+39.65111
296.0252917|+39.6371944| 4579125|19440607+3938139|4593.1| 0.013| 0.070| 60.897| 6.273|RGB     | 1.0375| 1.024| 0.039| 7.616| 0.014| 2.685| 0.007| 3.27e-03| 0.007| 4.022| 0.508|                |  0|KCat|Sloan|Simbad|296.02529|+39.63719
296.2201667|+39.6613333| 4580159|19445284+3939408|5016.3|-0.154| 0.011|147.663|11.983|RGB     | 1.0197| 1.342| 0.032| 5.475| 0.011| 3.089| 0.007| 1.15e-02| 0.007| 3.535| 0.513|                |  0|KCat|Sloan|Simbad|296.22017|+39.66133
296.2261250|+39.6996111| 4580189|19445427+3941586|4782.1| 0.034| 0.010| 61.920| 5.827|RGB     | 1.0292| 1.587| 0.039| 9.307| 0.014| 2.701| 0.007| 2.78e-03| 0.007| 3.348| 0.440|                |  0|KCat|Sloan|Simbad|296.22612|+39.69961
297.2856667|+39.6810278| 4585508|19490856+3940517|4683.3| 0.122| 0.021| 34.228| 3.848|RC      | 1.0100| 1.473| 0.077|12.121| 0.023| 2.439| 0.010| 1.17e-03| 0.008| 3.396| 0.317|                |  0|KCat|Sloan|Simbad|297.28567|+39.68103
297.5391250|+39.6708056| 4586817|19500939+3940149|4932.1| 0.031|-0.005|159.787|12.763|RGB     | 1.0200| 1.286| 0.031| 5.175| 0.011| 3.119| 0.007| 1.31e-02| 0.007| 3.663| 0.509|                |  0|KCat|Sloan|Simbad|297.53912|+39.67081
297.5502500|+39.6748056| 4586875|19501206+3940293|4507.7| 0.354| 0.042| 29.326| 3.675|RC      | 1.0076| 1.061| 0.080|11.224| 0.024| 2.364| 0.010| 1.06e-03| 0.008| 3.806| 0.300|                |  0|KCat|Sloan|Simbad|297.55025|+39.67481
297.5822917|+39.6469167| 4587050|19501975+3938489|4828.6| 0.217|-0.012|187.684|14.406|RGB     | 1.0191| 1.248| 0.029| 4.729| 0.010| 3.185| 0.007| 1.66e-02| 0.006| 3.750| 0.387|                |  0|KCat|Sloan|Simbad|297.58229|+39.64692
284.2002083|+39.7698611| 4633907|18564805+3946115|4704.5| 0.049| 0.027| 30.278| 3.850|RC      | 0.9933| 1.095| 0.079|11.101| 0.024| 2.387| 0.010| 1.13e-03| 0.008| 3.722| 0.272|                |  1|KCat|Sloan|Simbad|284.20021|+39.76986
284.2953750|+39.7386944| 4634108|18571089+3944193|4640.9| 0.035| 0.043| 54.116| 5.618|RGB     | 1.0362| 1.141| 0.040| 8.503| 0.015| 2.636| 0.007| 2.62e-03| 0.007| 3.852| 0.241|                |  1|KCat|Sloan|Simbad|284.29537|+39.73869
284.3801250|+39.7748056| 4634310|18573123+3946293|4662.7| 0.210| 0.018| 34.912| 3.979|RC      | 1.0013| 1.405| 0.077|11.737| 0.023| 2.447| 0.010| 1.23e-03| 0.008| 3.473| 0.305|                |  1|KCat|Sloan|Simbad|284.38012|+39.77481
285.4937083|+39.7893889| 4636731|19015849+3947218|4424.3| 0.019| 0.145| 23.167| 2.898|RGB     | 1.0424| 1.150| 0.043|13.203| 0.016| 2.257| 0.007| 7.05e-04| 0.008| 3.839| 0.318|                |  1|KCat|Sloan|Simbad|285.49371|+39.78939
285.9607083|+39.7711389| 4637793|19035057+3946161|4658.6|-0.057| 0.013| 35.263| 4.003|RGB     | 1.0372| 1.227| 0.042|10.915| 0.015| 2.451| 0.007| 1.33e-03| 0.007| 3.708| 0.377|                |  1|KCat|Sloan|Simbad|285.96071|+39.77114
286.0215833|+39.7405000| 4637939|19040518+3944258|4633.2| 0.193| 0.025| 65.311| 6.407|RGB     | 1.0350| 1.188| 0.039| 7.901| 0.014| 2.717| 0.007| 3.40e-03| 0.007| 3.831| 0.456|                |  0|KCat|Sloan|Simbad|286.02158|+39.74050
286.1857917|+39.7886667| 4638317|19044459+3947192|4554.3|-0.194| 0.083| 27.933| 3.426|RGB     | 1.0408| 1.083| 0.042|11.586| 0.016| 2.345| 0.007| 9.82e-04| 0.008| 3.865| 0.318|                |  1|KCat|Sloan|Simbad|286.18579|+39.78867
287.1400833|+39.7345278| 4640537|19083362+3944043|4650.1| 0.214|-0.005| 34.259| 4.049|RC      | 0.9982| 1.249| 0.077|11.177| 0.023| 2.438| 0.010| 1.26e-03| 0.008| 3.617| 0.529|                |  1|KCat|Sloan|Simbad|287.14008|+39.73453
287.3062500|+39.7992222| 4640930|19091350+3947572|4930.1|-0.005|-0.003|174.602|13.390|RGB     | 1.0182| 1.394| 0.030| 5.155| 0.010| 3.158| 0.007| 1.43e-02| 0.006| 3.507| 0.434|                |  1|KCat|Sloan|Simbad|287.30625|+39.79922
287.5199583|+39.7951111| 4641439|19100479+3947424|4505.3| 0.423| 0.041| 32.020| 4.073|RGB(S)  | 1.0153| 0.887| 0.042| 9.821| 0.016| 2.402| 0.007| 1.32e-03| 0.008| 4.227| 0.239|Ageold, SeisUnc |  0|KCat|Sloan|Simbad|287.51996|+39.79511
287.5929167|+39.7258333| 4641634|19102230+3943330|4771.5|-0.131| 0.038| 50.118| 5.364|RGB     | 1.0364| 1.136| 0.040| 8.755| 0.015| 2.609| 0.007| 2.39e-03| 0.007| 3.792| 0.503|                |  0|KCat|Sloan|Simbad|287.59292|+39.72583
288.6879583|+39.7272778| 4644573|19144511+3943382|4758.6|-0.260| 0.204| 25.101| 3.504|RC      | 1.0016| 0.895| 0.082|10.990| 0.025| 2.308| 0.010| 9.51e-04| 0.008| 3.863| 0.356|                |  0|KCat|Sloan|Simbad|288.68796|+39.72728
288.8106667|+39.7977778| 4644949|19151456+3947520|4720.1|-0.412| 0.209| 60.926| 6.273|RGB     | 1.0335| 1.085| 0.039| 7.783| 0.014| 2.691| 0.007| 3.25e-03| 0.007| 3.794| 0.123|                |  0|KCat|Sloan|Simbad|288.81067|+39.79778
288.9683333|+39.7970000| 4645455|19155240+3947492|4893.9|-0.216| 0.044| 36.256| 4.124|RC      | 1.0024| 1.461| 0.076|11.603| 0.022| 2.474| 0.010| 1.32e-03| 0.008| 3.327| 0.272|                |  0|KCat|Sloan|Simbad|288.96833|+39.79700
288.9734583|+39.7485833| 4645474|19155363+3944549|4944.0|-0.301| 0.049|152.939|12.805|RGB     | 1.0198| 1.118| 0.032| 4.929| 0.011| 3.101| 0.007| 1.32e-02| 0.007| 3.766| 0.127|                |  0|KCat|Sloan|Simbad|288.97346|+39.74858
288.9838750|+39.7548333| 4645513|19155613+3945174|4790.9| 0.153| 0.011| 62.821| 5.823|RC      | 1.0014| 1.860| 0.064| 9.997| 0.016| 2.708| 0.009| 2.62e-03| 0.008| 3.150| 0.317|                |  0|KCat|Sloan|Simbad|288.98387|+39.75483
289.0381667|+39.7457778| 4645692|19160916+3944448|4798.7|-0.015| 0.010| 35.804| 4.189|RC      | 0.9996| 1.297| 0.077|11.055| 0.023| 2.464| 0.010| 1.35e-03| 0.008| 3.512| 0.241|                |  0|KCat|Sloan|Simbad|289.03817|+39.74578
289.1305417|+39.7134722| 4646012|19163133+3942485|4784.3| 0.103|-0.007| 39.592| 4.369|RC      | 0.9934| 1.514| 0.075|11.364| 0.022| 2.507| 0.010| 1.45e-03| 0.008| 3.362| 0.272|                |  0|KCat|Sloan|Simbad|289.13054|+39.71347
289.2066667|+39.7055556| 4646245|19164960+3942200|4686.5| 0.336|-0.001| 43.072| 4.575|RC      | 1.0009| 1.525| 0.073|10.993| 0.021| 2.539| 0.009| 1.62e-03| 0.008| 3.385| 0.275|                |  0|KCat|Sloan|Simbad|289.20667|+39.70556
289.2807500|+39.7413889| 4646477|19170738+3944290|4909.8| 0.072|-0.017|       |      |REJECT  |       |      |      |      |      |      |      |         |      |      |      |No Seis         |  0|KCat|Sloan|Simbad|289.28075|+39.74139
289.8882083|+39.7605833| 4648485|19193317+3945381|4726.6| 0.093| 0.049|141.313|11.956|RGB     | 1.0241| 1.067| 0.033| 5.066| 0.011| 3.057| 0.007| 1.16e-02| 0.007| 3.967| 0.000|                |  0|KCat|Sloan|Simbad|289.88821|+39.76058
290.6911667|+39.7948889| 4651366|19224588+3947416|4999.6| 0.204|-0.001| 53.175| 4.644|RC      | 1.0000| 2.988| 0.068|13.628| 0.019| 2.645| 0.009| 1.66e-03| 0.008| 2.673| 0.200|                |  0|KCat|Sloan|Simbad|290.69117|+39.79489
293.1689583|+39.7760556| 4659706|19324055+3946338|4499.8| 0.398| 0.023| 37.111| 3.747|RGB(S)  | 1.0310| 1.811| 0.041|13.036| 0.015| 2.465| 0.007| 1.15e-03| 0.007| 3.221| 0.152|                |  1|KCat|Sloan|Simbad|293.16896|+39.77606
293.2064583|+39.7565000| 4659821|19324955+3945234|5032.5| 0.098|-0.018|102.941| 8.274|RC      | 0.9935| 2.230| 0.047| 8.447| 0.009| 2.933| 0.007| 5.22e-03| 0.008| 2.991| 0.222|                |  0|KCat|Sloan|Simbad|293.20646|+39.75650
293.5930833|+39.7538611| 4661299|19342234+3945139|4901.2|-0.519| 0.239| 26.906| 3.892|RC      | 0.9812| 0.822| 0.081|10.097| 0.025| 2.344| 0.010| 1.13e-03| 0.008| 3.902| 0.308|                |  0|KCat|Sloan|Simbad|293.59308|+39.75386
293.8369167|+39.7257778| 4662188|19352086+3943328|4499.8|-0.121| 0.030| 15.861| 2.159|RGB     | 1.0408| 1.234| 0.043|16.464| 0.016| 2.096| 0.007| 3.90e-04| 0.008| 3.665| 0.414|                |  1|KCat|Sloan|Simbad|293.83692|+39.72578
293.9270417|+39.7804722| 4662555|19354249+3946497|5000.5| 0.125|-0.021|220.797|15.849|RGB     | 1.0169| 1.475| 0.028| 4.698| 0.009| 3.263| 0.007| 2.01e-02| 0.006| 3.463| 0.059|                |  0|KCat|Sloan|Simbad|293.92704|+39.78047
294.0148333|+39.7582500| 4662939|19360356+3945297|4860.2| 0.352| 0.000| 63.932| 5.518|RC      | 1.0024| 2.473| 0.063|11.387| 0.016| 2.718| 0.009| 2.36e-03| 0.008| 2.897| 0.303|                |  1|KCat|Sloan|Simbad|294.01483|+39.75825
294.0793750|+39.7296389| 4663185|19361905+3943467|4720.0| 0.000|-0.007| 21.673| 2.557|RC(S)   | 1.0089| 1.949| 0.083|17.488| 0.026| 2.242| 0.010| 5.14e-04| 0.008| 3.087| 0.399|                |  0|KCat|Sloan|Simbad|294.07937|+39.72964
294.1570417|+39.7501667| 4663478|19363769+3945006|4816.3|-0.052|-0.055| 43.648| 4.252|RGB     | 1.0227| 2.032| 0.041|12.520| 0.015| 2.551| 0.007| 1.46e-03| 0.007| 2.980| 0.100|                |  0|KCat|Sloan|Simbad|294.15704|+39.75017
294.1987083|+39.7580000| 4663623|19364769+3945288|4792.9| 0.132|-0.002| 54.784| 5.185|AMB     | 1.0177| 1.842| 0.189|10.651| 0.042| 2.648| 0.009| 2.15e-03| 0.010| 3.169| 0.277|SeisUnc         |  0|KCat|Sloan|Simbad|294.19871|+39.75800
294.2886250|+39.7636111| 4663975|19370927+3945490|4035.4| 0.124| 0.066|  5.132| 0.951|RGB     | 1.0402| 0.948| 0.044|26.062| 0.017| 1.583| 0.007| 7.56e-05| 0.008| 4.156| 0.348|Ageold, SeisUnc |  0|KCat|Sloan|Simbad|294.28862|+39.76361
294.4148750|+39.7995833| 4664515|19373957+3947585|4867.9|-0.664| 0.244|187.492|15.588|RGB     | 1.0172| 0.926| 0.029| 4.067| 0.010| 3.186| 0.007| 1.94e-02| 0.006| 3.953| 0.010|                |  0|KCat|Sloan|Simbad|294.41487|+39.79958
295.1981250|+39.7027778| 4667909|19404755+3942100|4764.2| 0.168|-0.007|138.455|11.544|RGB     | 1.0239| 1.169| 0.033| 5.347| 0.011| 3.050| 0.007| 1.08e-02| 0.007| 3.841| 0.235|                |  0|KCat|Sloan|Simbad|295.19812|+39.70278
295.4725833|+39.7915556| 4669118|19415342+3947296|4788.2| 0.185| 0.007|141.517|11.801|RGB     | 1.0238| 1.152| 0.033| 5.243| 0.011| 3.060| 0.007| 1.13e-02| 0.007| 3.871| 0.418|                |  0|KCat|Sloan|Simbad|295.47258|+39.79156
295.5328333|+39.7991667| 4669400|19420788+3947570|4605.3|-0.031| 0.040| 44.722| 4.925|RGB     | 1.0393| 1.065| 0.041| 9.055| 0.015| 2.552| 0.007| 2.02e-03| 0.007| 3.923| 0.083|                |  0|KCat|Sloan|Simbad|295.53283|+39.79917
295.7132917|+39.7345556| 4670253|19425119+3944044|4866.7| 0.342| 0.010|       |      |RGB     |       |      |      |      |      |      |      |         |      |      | 0.030|No Seis         |  0|KCat|Sloan|Simbad|295.71329|+39.73456
295.9382083|+39.7885556| 4671329|19434517+3947188|4821.6| 0.149|-0.006| 48.034| 4.927|RC      | 0.9986| 1.655| 0.071|10.768| 0.020| 2.593| 0.009| 1.87e-03| 0.008| 3.261| 0.432|                |  0|KCat|Sloan|Simbad|295.93821|+39.78856
296.0319583|+39.7528333| 4671738|19440767+3945102|4943.7| 0.256|-0.001| 82.281| 6.918|RC      | 1.0016| 2.196| 0.055| 9.418| 0.012| 2.832| 0.008| 3.71e-03| 0.008| 3.052| 0.467|                |  0|KCat|Sloan|Simbad|296.03196|+39.75283
296.2616250|+39.7069444| 4672904|19450279+3942250|4765.0|-0.275| 0.065| 58.365| 6.069|RGB     | 1.0346| 1.100| 0.040| 7.986| 0.015| 2.675| 0.007| 3.04e-03| 0.007| 3.807| 0.421|                |  1|KCat|Sloan|Simbad|296.26162|+39.70694
297.2707917|+39.7170000| 4678118|19490499+3943012|4856.3|-0.439| 0.088| 73.924| 7.454|RGB     | 1.0314| 1.023| 0.038| 6.813| 0.014| 2.781| 0.007| 4.56e-03| 0.007| 3.853| 0.381|                |  0|KCat|Sloan|Simbad|297.27079|+39.71700
297.3714167|+39.7348056| 4678610|19492914+3944053|4949.6| 0.111| 0.001|181.178|13.918|RGB     | 1.0185| 1.341| 0.030| 4.958| 0.010| 3.175| 0.007| 1.55e-02| 0.006| 3.612| 0.559|                |  0|KCat|Sloan|Simbad|297.37142|+39.73481
297.7402917|+39.7489167| 4680570|19505767+3944561|4896.3| 0.107|-0.006| 48.577| 4.904|RC      | 0.9983| 1.788| 0.071|11.085| 0.020| 2.601| 0.009| 1.85e-03| 0.008| 3.196| 0.658|                |  0|KCat|Sloan|Simbad|297.74029|+39.74892
297.8036667|+39.7365000| 4680912|19511288+3944114|4597.0| 0.362|-0.005| 78.235| 7.243|RGB     | 1.0330| 1.245| 0.038| 7.407| 0.014| 2.794| 0.007| 4.32e-03| 0.007| 3.792| 0.348|                |  0|KCat|Sloan|Simbad|297.80367|+39.73650
297.9548750|+39.7917500| 4681628|19514917+3947303|4192.6|-0.194| 0.048|  4.374| 0.830|RGB     | 1.0399| 1.069| 0.044|29.705| 0.017| 1.521| 0.007| 5.75e-05| 0.008| 3.872| 0.871|                |  0|KCat|Sloan|Simbad|297.95487|+39.79175
298.0937083|+39.7937222| 4682420|19522249+3947374|4854.6| 0.207| 0.012|128.921|10.348|RGB     | 1.0222| 1.514| 0.034| 6.275| 0.012| 3.023| 0.007| 8.64e-03| 0.007| 3.456| 0.553|                |  0|KCat|Sloan|Simbad|298.09371|+39.79372
284.0354167|+39.8753333| 4726049|18560850+3952312|5057.3|-0.121| 0.018|248.236|17.989|RGB     | 1.0168| 1.285| 0.028| 4.124| 0.009| 3.316| 0.007| 2.58e-02| 0.006| 3.590| 0.299|                |  0|KCat|Sloan|Simbad|284.03542|+39.87533
285.7432917|+39.8655278| 4729586|19025839+3951559|4669.8|-0.189| 0.019| 29.968| 3.525|RGB     | 1.0372| 1.256| 0.042|11.972| 0.016| 2.381| 0.007| 1.03e-03| 0.008| 3.631| 0.300|                |  1|KCat|Sloan|Simbad|285.74329|+39.86553
285.8895000|+39.8336111| 4729920|19033348+3950010|4892.6|-0.667| 0.228|154.511|13.382|RGB     | 1.0194| 0.953| 0.032| 4.540| 0.011| 3.103| 0.007| 1.44e-02| 0.007| 3.906| 0.236|                |  0|KCat|Sloan|Simbad|285.88950|+39.83361
286.4089583|+39.8631111| 4731118|19053815+3951472|4751.5|-0.467| 0.199| 72.188| 7.360|RGB     | 1.0327| 0.965| 0.038| 6.732| 0.014| 2.766| 0.007| 4.46e-03| 0.007| 3.941| 0.447|                |  0|KCat|Sloan|Simbad|286.40896|+39.86311
286.4183333|+39.8763333| 4731138|19054040+3952348|5011.9|-0.318| 0.045|227.368|17.610|RGB     | 1.0165| 1.062| 0.028| 3.926| 0.009| 3.276| 0.007| 2.47e-02| 0.006| 3.823| 0.029|                |  0|KCat|Sloan|Simbad|286.41833|+39.87633
286.8832500|+39.8166667| 4732137|19073198+3949000|4814.1| 0.190| 0.026|185.724|14.339|RGB     | 1.0192| 1.226| 0.029| 4.716| 0.010| 3.180| 0.007| 1.65e-02| 0.006| 3.775| 0.384|                |  0|KCat|Sloan|Simbad|286.88325|+39.81667
288.4081667|+39.8879722| 4735859|19133796+3953167|4572.8| 0.253| 0.019| 52.570| 5.334|RGB     | 1.0359| 1.260| 0.040| 9.101| 0.015| 2.620| 0.007| 2.36e-03| 0.007| 3.757| 0.359|                |  0|KCat|Sloan|Simbad|288.40817|+39.88797
288.6826250|+39.8817778| 4736611|19144383+3952544|4892.5|-0.101| 0.046| 91.816| 7.946|RGB     | 1.0239| 1.581| 0.037| 7.584| 0.013| 2.877| 0.007| 5.11e-03| 0.007| 3.301| 0.239|                |  0|KCat|Sloan|Simbad|288.68262|+39.88178
289.1196667|+39.8280556| 4737942|19162872+3949410|4583.9|-0.580| 0.219| 24.419| 3.156|RGB     | 1.0404| 1.016| 0.043|11.984| 0.016| 2.288| 0.007| 8.32e-04| 0.008| 3.837| 0.069|                |  0|KCat|Sloan|Simbad|289.11967|+39.82806
289.2156250|+39.8049167| 4738255|19165175+3948177|4622.0|-0.851| 0.217| 15.070| 2.231|RGB     | 1.0422| 0.961| 0.043|14.806| 0.016| 2.080| 0.007| 4.17e-04| 0.008| 3.856| 0.162|                |  0|KCat|Sloan|Simbad|289.21562|+39.80492
289.3133750|+39.8878333| 4738539|19171521+3953162|4523.9| 0.497| 0.006| 73.074| 6.841|RGB     | 1.0348| 1.236| 0.038| 7.666| 0.014| 2.761| 0.007| 3.87e-03| 0.007| 3.816| 0.264|                |  0|KCat|Sloan|Simbad|289.31337|+39.88783
289.3350000|+39.8582222| 4738610|19172040+3951296|4373.4| 0.069| 0.009|  8.913| 1.389|RGB     | 1.0425| 1.216| 0.044|21.958| 0.017| 1.840| 0.007| 1.62e-04| 0.008| 3.753| 0.242|SeisUnc         |  0|KCat|Sloan|Simbad|289.33500|+39.85822
289.3887917|+39.8786944| 4738764|19173331+3952433|4650.0| 0.155|-0.016| 33.141| 3.945|RC      | 0.9981| 1.255| 0.078|11.392| 0.023| 2.423| 0.010| 1.20e-03| 0.008| 3.595| 0.099|                |  0|KCat|Sloan|Simbad|289.38879|+39.87869
289.6902500|+39.8683333| 4739728|19184566+3952060|4775.7| 0.003| 0.012| 29.661| 3.479|RC      | 1.0098| 1.478| 0.079|12.982| 0.024| 2.381| 0.010| 9.53e-04| 0.008| 3.358| 0.234|                |  0|KCat|Sloan|Simbad|289.69025|+39.86833
290.3107917|+39.8403056| 4741931|19211459+3950251|4810.0| 0.049| 0.018| 37.732| 4.299|RC      | 0.9970| 1.388| 0.076|11.133| 0.022| 2.487| 0.010| 1.42e-03| 0.008| 3.456| 0.196|                |  0|KCat|Sloan|Simbad|290.31079|+39.84031
290.4335417|+39.8604167| 4742356|19214405+3951375|4971.6| 0.002|-0.002| 45.431| 4.567|RC      | 1.0062| 1.927| 0.072|11.857| 0.020| 2.575| 0.009| 1.63e-03| 0.008| 3.094| 0.171|                |  0|KCat|Sloan|Simbad|290.43354|+39.86042
290.9413333|+39.8659167| 4743924|19234592+3951573|4928.4| 0.282|-0.024|101.475| 8.064|RC      | 0.9970| 2.262| 0.047| 8.614| 0.009| 2.922| 0.007| 4.99e-03| 0.008| 3.013| 0.166|                |  0|KCat|Sloan|Simbad|290.94133|+39.86592
292.9057083|+39.8896389| 4750456|19313737+3953227|4625.2|-0.063| 0.032| 55.505| 5.861|RGB     | 1.0375| 1.029| 0.040| 7.980| 0.015| 2.646| 0.007| 2.86e-03| 0.007| 3.980| 0.237|                |  0|KCat|Sloan|Simbad|292.90571|+39.88964
293.3012083|+39.8050833| 4751876|19331229+3948183|3933.9| 0.383|-0.012|  4.028| 0.745|RGB     | 1.0422| 1.161| 0.044|32.777| 0.017| 1.472| 0.007| 4.66e-05| 0.008| 3.897| 0.458|                |  0|KCat|Sloan|Simbad|293.30121|+39.80508
293.3222083|+39.8053889| 4751953|19331733+3948194|4749.6|-0.449| 0.230| 21.801| 3.243|RC      | 1.0052| 0.785| 0.083|11.052| 0.026| 2.246| 0.010| 8.21e-04| 0.008| 3.952| 0.085|                |  0|KCat|Sloan|Simbad|293.32221|+39.80539
293.6528333|+39.8678889| 4753224|19343668+3952044|4564.3| 0.036| 0.086| 56.743| 5.860|RGB     | 1.0367| 1.081| 0.040| 8.119| 0.015| 2.653| 0.007| 2.85e-03| 0.007| 3.934| 0.294|                |  0|KCat|Sloan|Simbad|293.65283|+39.86789
293.9318333|+39.8361667| 4754348|19354364+3950102|4637.0|-0.069| 0.046| 50.200| 5.302|RGB     | 1.0361| 1.147| 0.040| 8.853| 0.015| 2.603| 0.007| 2.33e-03| 0.007| 3.810| 0.151|                |  0|KCat|Sloan|Simbad|293.93183|+39.83617
294.0700417|+39.8457222| 4754881|19361681+3950446|4923.4| 0.178|-0.011| 75.191| 6.473|RC      | 1.0031| 2.160| 0.058| 9.781| 0.014| 2.792| 0.008| 3.26e-03| 0.008| 3.050| 0.260|                |  0|KCat|Sloan|Simbad|294.07004|+39.84572
294.1897083|+39.8710278| 4755372|19364553+3952157|4847.4|-0.131| 0.143|144.562|11.871|RGB     | 1.0208| 1.236| 0.032| 5.357| 0.011| 3.072| 0.007| 1.13e-02| 0.007| 3.658| 0.201|                |  0|KCat|Sloan|Simbad|294.18971|+39.87103
294.2155833|+39.8318056| 4755467|19365174+3949545|4851.1|-0.103| 0.013| 37.257| 4.316|RC      | 0.9940| 1.348| 0.076|11.019| 0.022| 2.484| 0.010| 1.42e-03| 0.008| 3.442| 0.168|                |  1|KCat|Sloan|Simbad|294.21558|+39.83181
294.2429583|+39.8883611| 4755560|19365831+3953181|4636.5| 0.081| 0.015| 49.098| 5.174|RGB     | 1.0368| 1.179| 0.040| 9.079| 0.015| 2.594| 0.007| 2.22e-03| 0.007| 3.808| 0.297|                |  0|KCat|Sloan|Simbad|294.24296|+39.88836
294.4050833|+39.8021944| 4756219|19373722+3948079|4579.7|-0.037| 0.070| 51.907| 5.498|RGB     | 1.0371| 1.072| 0.040| 8.444| 0.015| 2.615| 0.007| 2.51e-03| 0.007| 3.914| 0.146|                |  0|KCat|Sloan|Simbad|294.40508|+39.80219
294.4659583|+39.8294722| 4756445|19375183+3949461|5107.8|-0.018|-0.006| 75.534| 6.115|RC      | 1.0000| 2.942| 0.058|11.285| 0.014| 2.802| 0.008| 2.89e-03| 0.008| 2.586| 0.226|                |  0|KCat|Sloan|Simbad|294.46596|+39.82947
294.5410000|+39.8579167| 4756746|19380984+3951285|4802.1| 0.332| 0.003|150.835|11.680|RGB     | 1.0213| 1.474| 0.032| 5.741| 0.011| 3.089| 0.007| 1.10e-02| 0.007| 3.521| 0.130|                |  0|KCat|Sloan|Simbad|294.54100|+39.85792
294.5912500|+39.8305278| 4756934|19382190+3949499|4404.5|-0.268| 0.072|  9.075| 1.495|RGB     | 1.0475| 0.950| 0.044|19.196| 0.017| 1.849| 0.007| 1.89e-04| 0.008| 4.027| 0.252|                |  1|KCat|Sloan|Simbad|294.59125|+39.83053
294.6247500|+39.8670833| 4757071|19382994+3952015|4695.9| 0.203| 0.021| 61.886| 5.666|RGB     | 1.0278| 1.733| 0.039| 9.772| 0.014| 2.697| 0.007| 2.62e-03| 0.007| 3.252| 0.371|                |  0|KCat|Sloan|Simbad|294.62475|+39.86708
294.7535000|+39.8686667| 4757638|19390084+3952072|4589.2| 0.068| 0.052| 54.952| 5.690|RGB     | 1.0366| 1.115| 0.040| 8.364| 0.015| 2.640| 0.007| 2.69e-03| 0.007| 3.891| 0.275|                |  0|KCat|Sloan|Simbad|294.75350|+39.86867
294.9000833|+39.8862222| 4758222|19393602+3953104|4619.9|-0.101| 0.008| 24.696| 3.041|RGB     | 1.0388| 1.242| 0.043|13.148| 0.016| 2.294| 0.007| 7.70e-04| 0.008| 3.658| 0.417|                |  0|KCat|Sloan|Simbad|294.90008|+39.88622
295.5245833|+39.8833056| 4760954|19420590+3952599|4781.4| 0.154|-0.016| 45.205| 4.759|RC      | 0.9993| 1.561| 0.072|10.804| 0.020| 2.564| 0.009| 1.75e-03| 0.008| 3.325| 0.345|                |  1|KCat|Sloan|Simbad|295.52458|+39.88331
295.5420000|+39.8989167| 4761037|19421008+3953561|5072.1| 0.052|-0.008| 91.630| 7.616|RC      | 0.9976| 2.181| 0.051| 8.836| 0.011| 2.884| 0.008| 4.46e-03| 0.008| 3.007| 0.383|                |  0|KCat|Sloan|Simbad|295.54200|+39.89892
295.8194583|+39.8053333| 4762423|19431667+3948192|4680.6| 0.091| 0.018| 56.628| 5.723|RGB     | 1.0350| 1.235| 0.040| 8.631| 0.015| 2.658| 0.007| 2.71e-03| 0.007| 3.743| 0.450|                |  0|KCat|Sloan|Simbad|295.81946|+39.80533
295.9903750|+39.8777500| 4763296|19435769+3952399|4817.9| 0.341| 0.010|112.178| 8.714|RGB(S)  | 1.0146| 2.020| 0.035| 7.787| 0.012| 2.961| 0.007| 6.04e-03| 0.007| 3.069| 0.514|                |  0|KCat|Sloan|Simbad|295.99037|+39.87775
296.0563333|+39.8075833| 4763631|19441352+3948273|4730.0| 0.201| 0.015|143.888|11.759|RGB     | 1.0234| 1.208| 0.032| 5.340| 0.011| 3.065| 0.007| 1.12e-02| 0.007| 3.802| 0.451|                |  0|KCat|Sloan|Simbad|296.05633|+39.80758
296.2151250|+39.8232778| 4764420|19445163+3949238|4749.3| 0.177|-0.012| 39.076| 4.370|RC      | 1.0014| 1.392| 0.075|10.991| 0.022| 2.500| 0.010| 1.48e-03| 0.008| 3.472| 0.391|                |  1|KCat|Sloan|Simbad|296.21512|+39.82328
296.2155000|+39.8480000| 4764422|19445172+3950528|4760.7|-0.047| 0.009| 31.782| 3.917|RGB     | 1.0424| 0.992| 0.042|10.279| 0.016| 2.410| 0.007| 1.29e-03| 0.008| 4.034| 0.300|                |  1|KCat|Sloan|Simbad|296.21550|+39.84800
297.3881667|+39.8869722| 4770149|19493316+3953131|4753.2| 0.015| 0.009| 33.331| 4.101|RC      | 1.0012| 1.116| 0.078|10.654| 0.023| 2.431| 0.010| 1.30e-03| 0.008| 3.691| 0.444|                |  0|KCat|Sloan|Simbad|297.38817|+39.88697
297.5190833|+39.8726389| 4770846|19500458+3952215|4888.8| 0.103|-0.028| 56.084| 5.470|RC      | 0.9994| 1.766| 0.067|10.257| 0.018| 2.663| 0.009| 2.31e-03| 0.008| 3.189| 0.152|                |  0|KCat|Sloan|Simbad|297.51908|+39.87264
297.6879583|+39.8712500| 4771707|19504511+3952165|4311.3|-0.019| 0.042|  5.857| 1.049|RGB     | 1.0451| 1.031| 0.044|25.025| 0.017| 1.654| 0.007| 9.28e-05| 0.008| 3.967| 0.849|SeisUnc         |  0|KCat|Sloan|Simbad|297.68796|+39.87125
297.8741667|+39.8745556| 4772647|19512980+3952284|4626.3| 0.370| 0.031| 35.068| 3.935|AMB     | 1.0246| 1.345| 0.201|11.475| 0.059| 2.447| 0.010| 1.26e-03| 0.010| 3.627| 1.714|                |  0|KCat|Sloan|Simbad|297.87417|+39.87456
297.8920833|+39.8711667| 4772722|19513410+3952162|4739.1| 0.192| 0.005| 37.884| 4.312|RC      | 1.0019| 1.331| 0.076|10.921| 0.022| 2.486| 0.010| 1.44e-03| 0.008| 3.530| 0.349|                |  0|KCat|Sloan|Simbad|297.89208|+39.87117
298.0662500|+39.8535278| 4773539|19521590+3951127|4711.3|-0.086| 0.013| 42.442| 4.465|RGB     | 1.0336| 1.425| 0.041|10.690| 0.015| 2.534| 0.007| 1.64e-03| 0.007| 3.481| 0.276|                |  0|KCat|Sloan|Simbad|298.06625|+39.85353
298.2108333|+39.8208056| 4774298|19525060+3949149|4871.9|-0.358| 0.149|173.983|14.548|RGB     | 1.0189| 0.970| 0.030| 4.320| 0.010| 3.154| 0.007| 1.70e-02| 0.006| 3.960| 0.107|                |  0|KCat|Sloan|Simbad|298.21083|+39.82081
298.3797917|+39.8880833| 4775208|19533115+3953171|4475.0|-0.235| 0.091| 10.658| 1.528|RGB     | 1.0344| 1.520| 0.044|22.320| 0.017| 1.922| 0.007| 1.93e-04| 0.008| 3.333| 1.229|                |  0|KCat|Sloan|Simbad|298.37979|+39.88808
283.7813333|+39.9913889| 4813971|18550752+3959290|4643.8| 0.250| 0.013| 34.328| 3.987|RC      | 0.9996| 1.327| 0.077|11.514| 0.023| 2.438| 0.010| 1.23e-03| 0.008| 3.552| 0.302|                |  1|KCat|Sloan|Simbad|283.78133|+39.99139
283.8789167|+39.9393056| 4814198|18553094+3956215|4792.1| 0.161| 0.014| 50.050| 4.829|RC      | 1.0128| 1.900| 0.070|11.321| 0.019| 2.609| 0.009| 1.85e-03| 0.008| 3.151| 0.266|                |  1|KCat|Sloan|Simbad|283.87892|+39.93931
284.0854583|+39.9647778| 4814689|18562051+3957532|4717.1| 0.146| 0.019| 86.856| 8.055|RGB     | 1.0311| 1.166| 0.037| 6.759| 0.013| 2.845| 0.007| 5.33e-03| 0.007| 3.844| 0.272|                |  1|KCat|Sloan|Simbad|284.08546|+39.96478
285.8364167|+39.9791111| 4818312|19032074+3958448|4753.2|-0.272| 0.035| 44.603| 4.910|RGB     | 1.0366| 1.133| 0.041| 9.278| 0.015| 2.557| 0.007| 2.00e-03| 0.007| 3.765| 0.340|                |  1|KCat|Sloan|Simbad|285.83642|+39.97911
285.8812500|+39.9939722| 4818420|19033150+3959383|4693.8|-0.191| 0.050| 39.746| 4.591|RGB     | 1.0396| 1.017| 0.041| 9.344| 0.015| 2.504| 0.007| 1.76e-03| 0.007| 3.956| 0.314|                |  1|KCat|Sloan|Simbad|285.88125|+39.99397
286.0521667|+39.9942778| 4818830|19041252+3959394|4915.6|-0.186| 0.025| 41.483| 4.647|RC(S)   | 0.9978| 1.391| 0.074|10.573| 0.021| 2.533| 0.010| 1.66e-03| 0.008| 3.391| 0.363|                |  1|KCat|Sloan|Simbad|286.05217|+39.99428
287.3385000|+39.9670556| 4821839|19092124+3958014|4412.4| 0.265|-0.037| 19.947| 2.386|RGB     | 1.0363| 1.627| 0.043|16.937| 0.016| 2.192| 0.007| 4.72e-04| 0.008| 3.367| 0.378|                |  1|KCat|Sloan|Simbad|287.33850|+39.96706
288.5395833|+39.9568333| 4824985|19140950+3957246|4635.8| 0.028| 0.106| 25.690| 3.461|RC      | 1.0063| 0.951| 0.081|11.274| 0.025| 2.312| 0.010| 9.37e-04| 0.008| 3.861| 0.218|                |  0|KCat|Sloan|Simbad|288.53958|+39.95683
288.9172500|+39.9642778| 4826087|19154014+3957514|4714.8| 0.037| 0.007| 46.392| 4.646|RGB     | 1.0317| 1.601| 0.041|10.838| 0.015| 2.573| 0.007| 1.77e-03| 0.007| 3.338| 0.490|                |  0|KCat|Sloan|Simbad|288.91725|+39.96428
289.0251667|+39.9935556| 4826423|19160604+3959368|4670.5| 0.326| 0.010| 81.715| 7.538|RGB     | 1.0320| 1.243| 0.038| 7.213| 0.014| 2.816| 0.007| 4.67e-03| 0.007| 3.787| 0.348|                |  0|KCat|Sloan|Simbad|289.02517|+39.99356
289.1510000|+39.9840833| 4826855|19163624+3959027|4795.9| 0.020| 0.017|218.965|16.880|REJECT  |       |      |      |      |      |      |      |         |      |      | 0.158|No Seis         |  0|KCat|Sloan|Simbad|289.15100|+39.98408
289.6667083|+39.9894444| 4828553|19184001+3959220|4651.7|-0.119| 0.028| 49.212| 5.268|RGB     | 1.0367| 1.111| 0.040| 8.797| 0.015| 2.595| 0.007| 2.30e-03| 0.007| 3.825| 0.211|                |  0|KCat|Sloan|Simbad|289.66671|+39.98944
289.6975833|+39.9160833| 4828670|19184742+3954579|4718.4| 0.247| 0.013| 43.236| 4.456|RC      | 1.0044| 1.707| 0.073|11.588| 0.021| 2.542| 0.009| 1.55e-03| 0.008| 3.265| 0.271|                |  0|KCat|Sloan|Simbad|289.69758|+39.91608
289.9431250|+39.9035278| 4829511|19194635+3954127|4482.8|-0.329| 0.203| 20.264| 2.722|RGB     | 1.0445| 0.999| 0.043|13.116| 0.016| 2.202| 0.007| 6.24e-04| 0.008| 3.954| 0.147|                |  0|KCat|Sloan|Simbad|289.94312|+39.90353
289.9890000|+39.9213889| 4829682|19195736+3955170|5038.2|-0.273| 0.039|183.445|14.210|RGB     | 1.0176| 1.320| 0.029| 4.867| 0.010| 3.184| 0.007| 1.61e-02| 0.006| 3.525| 0.128|                |  0|KCat|Sloan|Simbad|289.98900|+39.92139
290.0757917|+39.9268611| 4829985|19201819+3955367|4680.2| 0.155| 0.022| 34.592| 4.108|RC      | 1.0012| 1.211| 0.077|10.934| 0.023| 2.443| 0.010| 1.31e-03| 0.008| 3.633| 0.271|                |  0|KCat|Sloan|Simbad|290.07579|+39.92686
290.1546667|+39.9549167| 4830268|19203712+3957177|4832.4| 0.104| 0.031|182.317|14.346|RGB     | 1.0194| 1.164| 0.030| 4.632| 0.010| 3.172| 0.007| 1.65e-02| 0.006| 3.830| 0.079|                |  0|KCat|Sloan|Simbad|290.15467|+39.95492
290.3179583|+39.9856111| 4830883|19211631+3959082|4553.8| 0.129| 0.066| 49.491| 5.288|RGB     | 1.0386| 1.071| 0.040| 8.655| 0.015| 2.593| 0.007| 2.33e-03| 0.007| 3.971| 0.161|                |  0|KCat|Sloan|Simbad|290.31796|+39.98561
290.4070833|+39.9891389| 4831169|19213770+3959209|4421.2|-0.110| 0.127| 23.388| 3.066|RGB     | 1.0464| 0.928| 0.043|11.812| 0.016| 2.261| 0.007| 7.95e-04| 0.008| 4.136| 0.121|                |  0|KCat|Sloan|Simbad|290.40708|+39.98914
290.6324583|+39.9856667| 4831888|19223179+3959084|4597.9| 0.030| 0.037| 52.757| 5.537|RGB     | 1.0371| 1.100| 0.040| 8.478| 0.015| 2.623| 0.007| 2.55e-03| 0.007| 3.907| 0.151|                |  0|KCat|Sloan|Simbad|290.63246|+39.98567
290.7380000|+39.9634722| 4832196|19225712+3957485|4317.6| 0.136| 0.008| 13.755| 1.908|RGB     | 1.0433| 1.229| 0.043|17.822| 0.016| 2.025| 0.007| 3.06e-04| 0.008| 3.762| 0.193|                |  0|KCat|Sloan|Simbad|290.73800|+39.96347
290.7912083|+39.9376944| 4832376|19230989+3956157|4939.5| 0.132|-0.009| 58.625| 5.521|RC(S)   | 1.0043| 1.934| 0.066|10.473| 0.017| 2.684| 0.009| 2.37e-03| 0.008| 3.129| 0.175|                |  0|KCat|Sloan|Simbad|290.79121|+39.93769
290.8895000|+39.9921944| 4832708|19233348+3959319|4811.8|-0.302| 0.149| 26.213| 3.625|RC      | 0.9984| 0.916| 0.081|10.850| 0.025| 2.329| 0.010| 1.01e-03| 0.008| 3.825| 0.243|                |  0|KCat|Sloan|Simbad|290.88950|+39.99219
290.9087917|+39.9313889| 4832773|19233811+3955530|4834.9| 0.374|-0.006|129.780|10.018|RGB     | 1.0196| 1.765| 0.034| 6.760| 0.012| 3.025| 0.007| 8.06e-03| 0.007| 3.255| 0.276|                |  0|KCat|Sloan|Simbad|290.90879|+39.93139
291.0952083|+39.9738333| 4833377|19242285+3958258|4927.0|-0.140|-0.003|124.937|10.386|RGB     | 1.0213| 1.393| 0.034| 6.092| 0.012| 3.012| 0.007| 8.69e-03| 0.007| 3.481| 0.116|                |  0|KCat|Sloan|Simbad|291.09521|+39.97383
291.1893333|+39.9918889| 4833670|19244544+3959308|5009.4| 0.139|-0.032|109.079| 8.610|RC      | 0.9962| 2.223| 0.047| 8.202| 0.009| 2.957| 0.007| 5.68e-03| 0.008| 2.983| 0.059|                |  0|KCat|Sloan|Simbad|291.18933|+39.99189
293.1952917|+39.9879444| 4840514|19324687+3959166|4881.2| 0.100|-0.016| 46.499| 4.616|RC(S)   | 1.0152| 1.858| 0.071|11.561| 0.020| 2.581| 0.009| 1.70e-03| 0.008| 3.159| 0.491|                |  0|KCat|Sloan|Simbad|293.19529|+39.98794
293.2696667|+39.9749167| 4840774|19330472+3958297|4704.4| 0.136| 0.013| 32.199| 4.027|RC(S)   | 1.0038| 1.054| 0.078|10.563| 0.023| 2.413| 0.010| 1.26e-03| 0.008| 3.773| 0.443|                |  1|KCat|Sloan|Simbad|293.26967|+39.97492
293.9074167|+39.9257222| 4843143|19353778+3955326|4626.0| 0.167| 0.008| 32.493| 3.932|RC      | 1.0038| 1.163| 0.078|11.089| 0.023| 2.414| 0.010| 1.20e-03| 0.008| 3.686| 0.155|                |  1|KCat|Sloan|Simbad|293.90742|+39.92572
294.2665833|+39.9036667| 4844527|19370398+3954132|4940.6|-0.328| 0.205| 30.917| 4.129|RC(S)   | 0.9922| 0.952| 0.079|10.119| 0.024| 2.406| 0.010| 1.30e-03| 0.008| 3.782| 0.421|                |  1|KCat|Sloan|Simbad|294.26658|+39.90367
294.2827083|+39.9620278| 4844589|19370785+3957433|4795.3|-0.383| 0.168| 21.394| 3.112|RC(S)   | 1.0046| 0.889| 0.083|11.844| 0.026| 2.240| 0.010| 7.55e-04| 0.008| 3.846| 0.379|                |  0|KCat|Sloan|Simbad|294.28271|+39.96203
294.5682500|+39.9586111| 4845694|19381638+3957310|4610.0| 0.351|-0.007| 35.931| 4.119|RC      | 1.0035| 1.300| 0.076|11.159| 0.023| 2.457| 0.010| 1.32e-03| 0.008| 3.583| 0.293|                |  0|KCat|Sloan|Simbad|294.56825|+39.95861
295.6392083|+39.9688889| 4850315|19423341+3958080|5017.0| 0.134| 0.006| 74.307| 6.399|RC      | 0.9998| 2.276| 0.059|10.052| 0.014| 2.791| 0.008| 3.16e-03| 0.008| 2.995| 0.439|                |  0|KCat|Sloan|Simbad|295.63921|+39.96889
295.7427917|+39.9431667| 4850790|19425827+3956354|4678.6|-0.262| 0.171| 51.607| 5.591|RGB     | 1.0380| 1.014| 0.040| 8.191| 0.015| 2.617| 0.007| 2.60e-03| 0.007| 3.932| 0.449|                |  0|KCat|Sloan|Simbad|295.74279|+39.94317
295.9004167|+39.9571389| 4851519|19433610+3957257|4837.9|-0.087| 0.038| 33.220| 3.984|RC(S)   | 1.0073| 1.244| 0.078|11.215| 0.023| 2.433| 0.010| 1.24e-03| 0.008| 3.550| 0.611|                |  1|KCat|Sloan|Simbad|295.90042|+39.95714
295.9637083|+39.9520000| 4851832|19435129+3957072|4620.9|-0.043| 0.076| 59.874| 6.180|RGB     | 1.0369| 1.046| 0.039| 7.748| 0.014| 2.679| 0.007| 3.17e-03| 0.007| 3.952| 0.203|                |  0|KCat|Sloan|Simbad|295.96371|+39.95200
295.9887917|+39.9014722| 4851948|19435731+3954053|4713.1| 0.090| 0.005| 54.238| 5.419|RGB     | 1.0335| 1.372| 0.040| 9.279| 0.015| 2.640| 0.007| 2.42e-03| 0.007| 3.580| 0.307|                |  0|KCat|Sloan|Simbad|295.98879|+39.90147
296.0673333|+39.9669722| 4852302|19441616+3958011|4631.2|-0.077| 0.170| 24.781| 3.471|RC      | 0.9985| 0.869| 0.082|10.974| 0.025| 2.296| 0.010| 9.27e-04| 0.008| 3.928| 0.448|                |  0|KCat|Sloan|Simbad|296.06733|+39.96697
296.1017917|+39.9294722| 4852480|19442443+3955461|4683.7| 0.097|-0.002| 46.514| 4.766|RGB     | 1.0336| 1.432| 0.041|10.252| 0.015| 2.572| 0.007| 1.87e-03| 0.007| 3.520| 0.385|                |  0|KCat|Sloan|Simbad|296.10179|+39.92947
297.0890417|+39.9667500| 4857279|19482137+3958003|4835.2|-0.399| 0.186|152.606|13.097|RGB     | 1.0206| 0.978| 0.032| 4.642| 0.011| 3.095| 0.007| 1.38e-02| 0.007| 3.948| 0.154|                |  0|KCat|Sloan|Simbad|297.08904|+39.96675
297.2274167|+39.9615278| 4857853|19485458+3957415|4550.9| 0.335| 0.019| 30.905| 3.859|RC      | 1.0048| 1.048| 0.079|10.838| 0.024| 2.388| 0.010| 1.16e-03| 0.008| 3.812| 0.481|                |  0|KCat|Sloan|Simbad|297.22742|+39.96153
297.3174583|+39.9516389| 4858299|19491619+3957059|4220.5|-0.087| 0.008|  6.113| 1.104|RGB     | 1.0486| 0.910| 0.044|23.145| 0.017| 1.668| 0.007| 1.04e-04| 0.008| 4.157| 1.069|Ageold          |  0|KCat|Sloan|Simbad|297.31746|+39.95164
297.3202500|+39.9128056| 4858315|19491686+3954461|4721.9|-0.023| 0.115| 68.288| 6.360|RGB     | 1.0291| 1.472| 0.039| 8.562| 0.014| 2.741| 0.007| 3.31e-03| 0.007| 3.436| 0.214|                |  0|KCat|Sloan|Simbad|297.32025|+39.91281
297.7250417|+39.9545833| 4860292|19505401+3957165|5092.7|-0.125| 0.021| 56.155| 5.114|RC      | 1.0020| 2.440| 0.067|11.927| 0.018| 2.672| 0.009| 2.03e-03| 0.008| 2.815| 1.030|                |  0|KCat|Sloan|Simbad|297.72504|+39.95458
298.1659167|+39.9350278| 4862353|19523982+3956061|4933.6| 0.157|-0.033| 59.968| 5.423|RC      | 1.0036| 2.227| 0.065|11.114| 0.017| 2.694| 0.009| 2.29e-03| 0.008| 3.029| 0.729|                |  0|KCat|Sloan|Simbad|298.16592|+39.93503
298.3533750|+39.9333611| 4863282|19532481+3956001|4646.1|-0.284| 0.205| 58.356| 6.117|RGB     | 1.0362| 1.019| 0.040| 7.737| 0.015| 2.669| 0.007| 3.10e-03| 0.007| 3.924| 0.262|                |  0|KCat|Sloan|Simbad|298.35337|+39.93336
298.3549583|+39.9647778| 4863289|19532519+3957532|4424.1| 0.125|-0.008| 19.114| 2.427|RGB     | 1.0404| 1.320| 0.043|15.579| 0.016| 2.174| 0.007| 4.92e-04| 0.008| 3.650| 1.321|                |  0|KCat|Sloan|Simbad|298.35496|+39.96478
298.3788750|+39.9875278| 4863352|19533093+3959151|4799.6| 0.051| 0.018| 76.374| 6.984|RGB     | 1.0287| 1.453| 0.038| 8.011| 0.014| 2.793| 0.007| 3.98e-03| 0.007| 3.484| 0.627|                |  0|KCat|Sloan|Simbad|298.37887|+39.98753
283.8845417|+40.0245556| 4902641|18553229+4001284|4999.9| 0.077| 0.016| 98.219| 7.887|RC      | 0.9914| 2.343| 0.048| 8.878| 0.010| 2.911| 0.007| 4.72e-03| 0.008| 2.925| 0.237|                |  1|KCat|Sloan|Simbad|283.88454|+40.02456
283.9097500|+40.0160000| 4902701|18553834+4000576|4504.8|-0.011| 0.049| 35.396| 4.155|RGB     | 1.0420| 0.998| 0.042| 9.906| 0.015| 2.445| 0.007| 1.45e-03| 0.007| 4.036| 0.226|                |  1|KCat|Sloan|Simbad|283.90975|+40.01600
284.2022083|+40.0572500| 4903283|18564853+4003261|4946.0|-0.206| 0.080| 32.222| 3.889|RC      | 1.0094| 1.282| 0.078|11.496| 0.023| 2.425| 0.010| 1.19e-03| 0.008| 3.480| 0.266|                |  1|KCat|Sloan|Simbad|284.20221|+40.05725
284.6151667|+40.0112222| 4904166|18582764+4000404|4863.2|-0.252| 0.039|107.912| 9.795|RGB     | 1.0257| 1.094| 0.035| 5.827| 0.013| 2.946| 0.007| 7.79e-03| 0.007| 3.814| 0.195|                |  1|KCat|Sloan|Simbad|284.61517|+40.01122
284.8796250|+40.0681389| 4904671|18593111+4004053|4466.8| 0.131| 0.017| 29.525| 3.119|RGB(S)  | 1.0300| 1.886| 0.042|14.945| 0.016| 2.365| 0.007| 7.97e-04| 0.008| 3.123| 0.425|                |  0|KCat|Sloan|Simbad|284.87962|+40.06814
285.9681250|+40.0668056| 4906950|19035235+4004005|4624.7| 0.192|-0.007| 52.439| 5.240|RGB     | 1.0338| 1.377| 0.040| 9.499| 0.015| 2.622| 0.007| 2.27e-03| 0.007| 3.607| 0.240|                |  1|KCat|Sloan|Simbad|285.96812|+40.06681
286.2795417|+40.0101667| 4907665|19050709+4000366|5048.4|-0.329| 0.067|182.501|13.882|RGB     | 1.0175| 1.432| 0.030| 5.080| 0.010| 3.182| 0.007| 1.54e-02| 0.006| 3.373| 0.011|                |  0|KCat|Sloan|Simbad|286.27954|+40.01017
286.3559583|+40.0232500| 4907832|19052543+4001237|4376.5| 0.091| 0.079| 22.403| 2.754|RGB(S)  | 1.0406| 1.262| 0.043|14.104| 0.016| 2.240| 0.007| 6.34e-04| 0.008| 3.715| 0.433|                |  0|KCat|Sloan|Simbad|286.35596|+40.02325
286.4356250|+40.0671111| 4908025|19054455+4004016|4138.3| 0.202|-0.008|  7.596| 1.222|RGB     | 1.0439| 1.152| 0.044|23.469| 0.017| 1.758| 0.007| 1.26e-04| 0.008| 3.876| 0.437|                |  1|KCat|Sloan|Simbad|286.43562|+40.06711
286.5720000|+40.0430833| 4908318|19061728+4002351|4564.9| 0.237| 0.015| 46.433| 4.959|RGB(S)  | 1.0378| 1.151| 0.041| 9.260| 0.015| 2.566| 0.007| 2.04e-03| 0.007| 3.892| 0.632|                |  0|KCat|Sloan|Simbad|286.57200|+40.04308
288.1487500|+40.0110000| 4912124|19123570+4000396|4824.2|-0.307| 0.070| 61.469| 6.310|RGB     | 1.0332| 1.127| 0.039| 7.852| 0.014| 2.700| 0.007| 3.28e-03| 0.007| 3.751| 0.281|                |  0|KCat|Sloan|Simbad|288.14875|+40.01100
288.3599583|+40.0776111| 4912702|19132639+4004394|5180.3|-0.155| 0.035| 75.727| 6.249|RC(S)   | 0.9895| 2.896| 0.058|11.143| 0.014| 2.806| 0.008| 2.95e-03| 0.008| 2.606| 0.152|                |  0|KCat|Sloan|Simbad|288.35996|+40.07761
288.4448333|+40.0251667| 4912918|19134676+4001306|4757.5|-0.039| 0.040|101.794| 9.249|RGB     | 1.0282| 1.106| 0.036| 6.068| 0.013| 2.916| 0.007| 6.98e-03| 0.007| 3.862| 0.169|                |  0|KCat|Sloan|Simbad|288.44483|+40.02517
288.4978333|+40.0863889| 4913049|19135948+4005110|4778.0| 0.005| 0.092|218.283|16.996|RGB     | 1.0174| 1.005| 0.028| 3.944| 0.009| 3.248| 0.007| 2.31e-02| 0.006| 4.045| 0.000|                |  0|KCat|Sloan|Simbad|288.49783|+40.08639
288.7828750|+40.0348333| 4913771|19150789+4002054|4715.7|-0.111| 0.037| 58.005| 5.833|RGB     | 1.0334| 1.251| 0.040| 8.567| 0.015| 2.670| 0.007| 2.80e-03| 0.007| 3.643| 0.353|                |  0|KCat|Sloan|Simbad|288.78287|+40.03483
288.9360417|+40.0443611| 4914234|19154465+4002397|4803.2| 0.157|-0.026| 47.300| 4.795|RC      | 0.9984| 1.754| 0.071|11.182| 0.020| 2.585| 0.009| 1.77e-03| 0.008| 3.223| 0.323|                |  0|KCat|Sloan|Simbad|288.93604|+40.04436
289.2872917|+40.0095833| 4915387|19170895+4000345|4595.6| 0.083| 0.002| 49.004| 5.256|RGB     | 1.0386| 1.079| 0.040| 8.712| 0.015| 2.591| 0.007| 2.30e-03| 0.007| 3.944| 0.091|                |  0|KCat|Sloan|Simbad|289.28729|+40.00958
289.4018750|+40.0645833| 4915716|19173645+4003525|4611.8| 0.217| 0.023| 49.905| 5.022|REJECT  |       |      |      |      |      |      |      |         |      |      | 0.270|No Seis         |  0|KCat|Sloan|Simbad|289.40187|+40.06458
289.6678333|+40.0523611| 4916620|19184028+4003085|4282.7| 0.234| 0.066| 17.179| 2.348|RGB     | 1.0479| 1.013| 0.043|14.511| 0.016| 2.120| 0.007| 4.67e-04| 0.008| 4.090| 0.223|                |  0|KCat|Sloan|Simbad|289.66783|+40.05236
290.1389167|+40.0654444| 4918371|19203334+4003556|4666.1|-0.052| 0.021| 44.969| 4.813|RGB     | 1.0360| 1.226| 0.041| 9.657| 0.015| 2.557| 0.007| 1.92e-03| 0.007| 3.709| 0.224|                |  0|KCat|Sloan|Simbad|290.13892|+40.06544
290.2455000|+40.0805000| 4918748|19205892+4004498|4816.1|-0.178| 0.063| 42.833| 4.607|RGB     | 1.0342| 1.333| 0.041|10.235| 0.015| 2.543| 0.007| 1.75e-03| 0.007| 3.558| 0.271|                |  0|KCat|Sloan|Simbad|290.24550|+40.08050
290.2897083|+40.0223056| 4918925|19210953+4001203|4157.1| 0.151| 0.060|  5.789| 1.110|RGB     | 0.9972| 0.906| 0.044|23.811| 0.017| 1.641| 0.007| 9.46e-05| 0.008| 4.232| 0.163|Ageold, SeisUnc |  0|KCat|Sloan|Simbad|290.28971|+40.02231
290.3027917|+40.0492500| 4918972|19211267+4002573|4779.2|-0.268| 0.088| 34.653| 4.220|RC      | 0.9945| 1.159| 0.077|10.632| 0.023| 2.449| 0.010| 1.36e-03| 0.008| 3.596| 0.069|                |  0|KCat|Sloan|Simbad|290.30279|+40.04925
290.3764167|+40.0661667| 4919239|19213034+4003582|4533.7|-0.394| 0.241| 13.930| 1.877|RGB     | 1.0342| 1.519| 0.043|19.452| 0.016| 2.042| 0.007| 2.91e-04| 0.008| 3.308| 0.200|                |  0|KCat|Sloan|Simbad|290.37642|+40.06617
290.6200417|+40.0634167| 4920044|19222881+4003483|4350.0|-0.293| 0.141|  9.915| 1.551|RGB     | 1.0435| 1.065| 0.044|19.507| 0.017| 1.885| 0.007| 2.02e-04| 0.008| 3.854| 0.130|                |  0|KCat|Sloan|Simbad|290.62004|+40.06342
290.7897500|+40.0474722| 4920600|19230954+4002509|4759.0|-0.013| 0.049|100.994| 9.215|RGB     | 1.0286| 1.095| 0.036| 6.062| 0.013| 2.912| 0.007| 6.94e-03| 0.007| 3.879| 0.153|                |  0|KCat|Sloan|Simbad|290.78975|+40.04747
290.9135833|+40.0607222| 4920997|19233926+4003386|5026.7|-0.455| 0.222| 23.472| 2.504|RC(S)   | 1.0000| 3.063| 0.082|20.739| 0.025| 2.291| 0.010| 4.84e-04| 0.008| 2.497| 0.368|                |  0|KCat|Sloan|Simbad|290.91358|+40.06072
290.9265000|+40.0191389| 4921047|19234236+4001089|4610.7| 0.175| 0.001| 54.417| 5.646|RGB     | 1.0373| 1.121| 0.040| 8.421| 0.015| 2.637| 0.007| 2.65e-03| 0.007| 3.912| 0.300|                |  0|KCat|Sloan|Simbad|290.92650|+40.01914
293.1382917|+40.0882500| 4928515|19323319+4005177|5113.0|-0.188| 0.038| 44.970| 4.676|RC      | 1.0073| 1.766| 0.072|11.327| 0.020| 2.577| 0.009| 1.71e-03| 0.008| 3.143| 0.511|                |  0|KCat|Sloan|Simbad|293.13829|+40.08825
293.2619583|+40.0911667| 4928958|19330287+4005282|4691.9| 0.148| 0.040|107.220| 9.651|RGB     | 1.0292| 1.064| 0.035| 5.819| 0.013| 2.935| 0.007| 7.62e-03| 0.007| 3.988| 0.240|                |  0|KCat|Sloan|Simbad|293.26196|+40.09117
293.4642083|+40.0222222| 4929697|19335141+4001200|4599.2| 0.089| 0.093| 27.304| 3.577|RC(S)   | 1.0006| 1.011| 0.081|11.297| 0.025| 2.337| 0.010| 9.89e-04| 0.008| 3.806| 0.315|                |  0|KCat|Sloan|Simbad|293.46421|+40.02222
293.5442500|+40.0247778| 4930018|19341062+4001292|5011.7| 0.210|-0.021|108.347| 8.312|RC      | 1.0001| 2.470| 0.047| 8.675| 0.009| 2.954| 0.007| 5.33e-03| 0.008| 2.834| 0.353|                |  0|KCat|Sloan|Simbad|293.54425|+40.02478
293.6111667|+40.0937778| 4930269|19342668+4005376|4949.8| 0.161|-0.014| 80.600| 6.975|RC      | 0.9975| 2.034| 0.056| 9.155| 0.013| 2.823| 0.008| 3.74e-03| 0.008| 3.054| 0.153|                |  0|KCat|Sloan|Simbad|293.61117|+40.09378
293.6639583|+40.0773611| 4930464|19343935+4004385|4731.1|-0.078| 0.043| 43.169| 4.598|RGB     | 1.0346| 1.336| 0.041|10.255| 0.015| 2.542| 0.007| 1.75e-03| 0.007| 3.582| 0.395|                |  1|KCat|Sloan|Simbad|293.66396|+40.07736
293.7112083|+40.0698889| 4930617|19345069+4004116|4807.0| 0.164| 0.025| 47.244| 4.679|RC      | 1.0135| 1.817| 0.071|11.385| 0.020| 2.585| 0.009| 1.74e-03| 0.008| 3.189| 0.314|                |  0|KCat|Sloan|Simbad|293.71121|+40.06989
293.7881667|+40.0802500| 4930906|19350916+4004489|4651.4| 0.183| 0.006| 31.758| 3.898|RC      | 1.0013| 1.145| 0.078|11.112| 0.023| 2.405| 0.010| 1.18e-03| 0.008| 3.704| 0.269|                |  1|KCat|Sloan|Simbad|293.78817|+40.08025
293.9081250|+40.0785556| 4931389|19353795+4004428|4838.3| 0.142|-0.016|205.600|15.497|RGB     | 1.0178| 1.236| 0.028| 4.493| 0.009| 3.225| 0.007| 1.92e-02| 0.006| 3.745| 0.070|                |  0|KCat|Sloan|Simbad|293.90812|+40.07856
294.1390417|+40.0783333| 4932311|19363337+4004420|4531.3| 0.310| 0.018| 49.245| 5.113|RGB     | 1.0370| 1.205| 0.040| 9.217| 0.015| 2.590| 0.007| 2.17e-03| 0.007| 3.834| 0.298|                |  0|KCat|Sloan|Simbad|294.13904|+40.07833
294.4749583|+40.0360556| 4933594|19375399+4002098|4688.8| 0.193| 0.009| 33.986| 4.138|RC      | 1.0038| 1.107| 0.077|10.545| 0.023| 2.436| 0.010| 1.33e-03| 0.008| 3.735| 0.341|                |  1|KCat|Sloan|Simbad|294.47496|+40.03606
294.5254167|+40.0375278| 4933782|19380610+4002151|4653.3| 0.015| 0.032| 14.408| 1.762|RGB     | 1.0227| 2.355| 0.043|23.660| 0.016| 2.062| 0.007| 2.51e-04| 0.008| 2.822| 0.486|                |  0|KCat|Sloan|Simbad|294.52542|+40.03753
294.6257917|+40.0102500| 4934147|19383019+4000369|4639.4|-0.084| 0.045| 44.534| 4.867|RGB     | 1.0383| 1.118| 0.041| 9.282| 0.015| 2.551| 0.007| 1.97e-03| 0.007| 3.849| 0.203|                |  0|KCat|Sloan|Simbad|294.62579|+40.01025
294.7188750|+40.0178056| 4934550|19385253+4001041|4949.6|-0.004|-0.013|199.938|14.813|RGB     | 1.0172| 1.412| 0.028| 4.843| 0.009| 3.218| 0.007| 1.75e-02| 0.006| 3.487| 0.153|                |  0|KCat|Sloan|Simbad|294.71887|+40.01781
295.1487083|+40.0843889| 4936335|19403569+4005038|4552.0|-0.445| 0.090|  7.893| 1.445|RGB     | 1.0322| 0.798| 0.044|18.717| 0.017| 1.796| 0.007| 1.72e-04| 0.008| 4.207| 0.470|Ageold, SeisUnc |  0|KCat|Sloan|Simbad|295.14871|+40.08439
295.1775833|+40.0511944| 4936438|19404262+4003043|4849.3| 0.068|-0.006|117.843| 9.697|RGB     | 1.0228| 1.493| 0.035| 6.520| 0.012| 2.984| 0.007| 7.59e-03| 0.007| 3.438| 0.071|                |  0|KCat|Sloan|Simbad|295.17758|+40.05119
295.3069583|+40.0606111| 4937011|19411367+4003382|4738.3| 0.089| 0.003| 27.607| 4.166|RC      | 0.9809| 0.643| 0.080| 8.893| 0.024| 2.348| 0.010| 1.29e-03| 0.008| 4.177| 0.492|Ageold          |  1|KCat|Sloan|Simbad|295.30696|+40.06061
295.3179583|+40.0974444| 4937056|19411631+4005508|4850.2| 0.101|-0.031| 47.375| 4.788|RC      | 1.0003| 1.785| 0.071|11.244| 0.020| 2.588| 0.009| 1.77e-03| 0.008| 3.195| 0.526|SeisUnc         |  1|KCat|Sloan|Simbad|295.31796|+40.09744
295.3526250|+40.0554444| 4937204|19412463+4003196|4709.3|-0.225| 0.015| 39.881| 4.439|RGB(S)  | 1.0362| 1.197| 0.041|10.110| 0.015| 2.507| 0.007| 1.63e-03| 0.007| 3.679| 0.169|                |  1|KCat|Sloan|Simbad|295.35262|+40.05544
295.3637500|+40.0818889| 4937257|19412730+4004548|4754.1| 0.136| 0.020| 34.700| 4.178|RC      | 1.0034| 1.159| 0.077|10.639| 0.023| 2.448| 0.010| 1.36e-03| 0.008| 3.674| 0.855|                |  1|KCat|Sloan|Simbad|295.36375|+40.08189
295.4344583|+40.0979722| 4937576|19414427+4005527|4632.5| 0.084| 0.006| 32.904| 3.556|RGB     | 1.0330| 1.613| 0.042|12.972| 0.016| 2.420| 0.007| 1.04e-03| 0.008| 3.334| 0.615|                |  1|KCat|Sloan|Simbad|295.43446|+40.09797
295.4765417|+40.0360278| 4937770|19415437+4002097|4966.9| 0.078| 0.000| 89.229| 7.842|RGB     | 1.0255| 1.555| 0.037| 7.601| 0.013| 2.868| 0.007| 4.99e-03| 0.007| 3.377| 0.452|SeisUnc         |  1|KCat|Sloan|Simbad|295.47654|+40.03603
295.4807500|+40.0763333| 4937784|19415538+4004348|4648.0| 0.162| 0.036| 58.595| 5.933|RGB     | 1.0354| 1.170| 0.040| 8.275| 0.015| 2.671| 0.007| 2.91e-03| 0.007| 3.846| 0.449|                |  0|KCat|Sloan|Simbad|295.48075|+40.07633
295.9229583|+40.0156944| 4939895|19434151+4000565|4405.8| 0.126|-0.005| 19.737| 2.475|RGB     | 1.0397| 1.341| 0.043|15.468| 0.016| 2.187| 0.007| 5.11e-04| 0.008| 3.626| 0.157|                |  0|KCat|Sloan|Simbad|295.92296|+40.01569
296.0335417|+40.0087500| 4940439|19440805+4000315|4999.2| 0.104|-0.022| 71.088| 5.814|RC(S)   | 1.0000| 2.906| 0.060|11.623| 0.015| 2.771| 0.008| 2.61e-03| 0.008| 2.594| 0.385|                |  0|KCat|Sloan|Simbad|296.03354|+40.00875
296.0563333|+40.0413056| 4940536|19441352+4002287|4753.5| 0.038| 0.006| 61.919| 5.971|RGB     | 1.0315| 1.413| 0.039| 8.796| 0.014| 2.700| 0.007| 2.93e-03| 0.007| 3.526| 0.506|                |  0|KCat|Sloan|Simbad|296.05633|+40.04131
296.1362500|+40.0663056| 4940916|19443270+4003587|5019.8|-0.009|-0.017| 73.771| 6.392|RC      | 1.0069| 2.176| 0.059| 9.862| 0.014| 2.788| 0.008| 3.20e-03| 0.008| 3.014| 0.446|                |  0|KCat|Sloan|Simbad|296.13625|+40.06631
297.0543750|+40.0470000| 4945337|19481305+4002492|4615.4| 0.354| 0.016| 36.667| 4.087|RC      | 1.0038| 1.426| 0.076|11.566| 0.022| 2.466| 0.010| 1.30e-03| 0.008| 3.481| 0.601|                |  0|KCat|Sloan|Simbad|297.05437|+40.04700
297.2790000|+40.0515000| 4946220|19490696+4003054|4395.2| 0.219| 0.007| 22.740| 2.847|RGB     | 1.0432| 1.151| 0.043|13.360| 0.016| 2.248| 0.007| 6.81e-04| 0.008| 3.883| 1.730|                |  0|KCat|Sloan|Simbad|297.27900|+40.05150
297.3322083|+40.0654167| 4946445|19491973+4003555|5007.3| 0.099|-0.013|214.279|15.647|RGB     | 1.0169| 1.422| 0.028| 4.681| 0.009| 3.250| 0.007| 1.95e-02| 0.006| 3.515| 0.521|                |  0|KCat|Sloan|Simbad|297.33221|+40.06542
297.3704167|+40.0289444| 4946632|19492890+4001442|4743.8| 0.355| 0.011|200.113|15.149|RGB     | 1.0194| 1.203| 0.028| 4.517| 0.009| 3.209| 0.007| 1.84e-02| 0.006| 3.839| 0.640|                |  0|KCat|Sloan|Simbad|297.37042|+40.02894
297.4574167|+40.0435278| 4946997|19494978+4002367|4380.2| 0.471| 0.052| 26.546| 3.106|RGB     | 1.0413| 1.296| 0.042|13.128| 0.016| 2.314| 0.007| 8.08e-04| 0.008| 3.749| 1.149|                |  0|KCat|Sloan|Simbad|297.45742|+40.04353
297.7440417|+40.0023611| 4948344|19505857+4000085|4862.2| 0.166| 0.011| 60.267| 5.618|RC      | 1.0012| 1.938| 0.065|10.381| 0.017| 2.693| 0.009| 2.44e-03| 0.008| 3.134| 0.236|                |  0|KCat|Sloan|Simbad|297.74404|+40.00236
297.7741250|+40.0750000| 4948479|19510579+4004300|4634.7| 0.066| 0.069| 75.044| 7.301|RGB     | 1.0342| 1.072| 0.038| 7.004| 0.014| 2.778| 0.007| 4.40e-03| 0.007| 3.952| 0.206|                |  0|KCat|Sloan|Simbad|297.77412|+40.07500
297.9790417|+40.0247222| 4949422|19515497+4001290|4894.9| 0.094| 0.001| 48.488| 4.628|RC      | 1.0048| 2.182| 0.071|12.260| 0.020| 2.600| 0.009| 1.67e-03| 0.008| 3.027| 0.312|                |  0|KCat|Sloan|Simbad|297.97904|+40.02472
297.9910000|+40.0761944| 4949473|19515784+4004343|4700.4| 0.317| 0.009| 44.360| 4.571|RC      | 1.0000| 1.685| 0.072|11.378| 0.021| 2.552| 0.009| 1.61e-03| 0.008| 3.289| 0.416|                |  0|KCat|Sloan|Simbad|297.99100|+40.07619
298.1610000|+40.0160556| 4950323|19523864+4000578|4653.1| 0.037| 0.019| 57.001| 5.870|RGB     | 1.0360| 1.124| 0.040| 8.217| 0.015| 2.659| 0.007| 2.86e-03| 0.007| 3.876| 0.214|                |  0|KCat|Sloan|Simbad|298.16100|+40.01606
298.4266667|+40.0677500| 4951617|19534240+4004039|4858.8| 0.033| 0.005| 46.241| 4.830|RC      | 1.0005| 1.606| 0.072|10.789| 0.020| 2.578| 0.009| 1.80e-03| 0.008| 3.275| 0.386|                |  0|KCat|Sloan|Simbad|298.42667|+40.06775
298.6070000|+40.0495000| 4952454|19542568+4002582|4813.4| 0.254| 0.000|152.237|11.741|RGB     | 1.0205| 1.495| 0.032| 5.750| 0.011| 3.093| 0.007| 1.11e-02| 0.007| 3.485| 0.377|                |  0|KCat|Sloan|Simbad|298.60700|+40.04950
298.6186667|+40.0265833| 4952516|19542848+4001357|4800.8| 0.244| 0.018|129.739|10.605|RGB     | 1.0236| 1.368| 0.034| 5.963| 0.012| 3.023| 0.007| 9.10e-03| 0.007| 3.624| 0.417|                |  0|KCat|Sloan|Simbad|298.61867|+40.02658
298.6556250|+40.0082778| 4952717|19543735+4000298|4781.8| 0.156| 0.012|199.694|15.443|RGB     | 1.0185| 1.125| 0.028| 4.363| 0.009| 3.210| 0.007| 1.91e-02| 0.006| 3.896| 0.276|                |  0|KCat|Sloan|Simbad|298.65562|+40.00828
298.7472500|+40.0877500| 4953192|19545934+4005159|      |      |      | 48.145| 4.761|Bad Teff|       |      |      |      |      |      |      |         |      |      |      |No Seis         |  0|KCat|Sloan|Simbad|298.74725|+40.08775
298.7603750|+40.0527778| 4953262|19550249+4003100|4908.3|-0.047|-0.001|188.771|14.764|RGB     | 1.0179| 1.186| 0.029| 4.577| 0.010| 3.191| 0.007| 1.74e-02| 0.006| 3.751| 0.312|                |  0|KCat|Sloan|Simbad|298.76037|+40.05278
283.9839167|+40.1640833| 4990198|18555614+4009507|4713.0|-0.032|-0.012| 35.145| 3.844|RGB(S)  | 1.0339| 1.472| 0.042|11.940| 0.016| 2.452| 0.007| 1.22e-03| 0.007| 3.441| 0.379|                |  0|KCat|Sloan|Simbad|283.98392|+40.16408
284.3765833|+40.1873333| 4991033|18573038+4011144|4616.0|-0.013| 0.078| 48.530| 5.273|RGB     | 1.0391| 1.039| 0.040| 8.583| 0.015| 2.588| 0.007| 2.32e-03| 0.007| 3.980| 0.249|                |  1|KCat|Sloan|Simbad|284.37658|+40.18733
284.5596250|+40.1886111| 4991425|18581431+4011190|4837.3|-0.394| 0.212| 24.698| 3.561|RC(S)   | 0.9990| 0.827| 0.082|10.606| 0.025| 2.304| 0.010| 9.77e-04| 0.008| 3.913| 0.348|                |  1|KCat|Sloan|Simbad|284.55962|+40.18861
284.7005000|+40.1932500| 4991732|18584812+4011357|4832.8| 0.169|-0.002|104.793| 8.554|RGB     | 1.0218| 1.732| 0.036| 7.454| 0.013| 2.932| 0.007| 5.90e-03| 0.007| 3.242| 0.460|                |  1|KCat|Sloan|Simbad|284.70050|+40.19325
286.2741667|+40.1258333| 4995049|19050580+4007330|      |      |      | 34.601| 3.729|Bad Teff|       |      |      |      |      |      |      |         |      |      |      |No Seis         |  0|KCat|Sloan|Simbad|286.27417|+40.12583
286.3383750|+40.1125000| 4995218|19052121+4006450|4519.6| 0.026|-0.003| 13.833| 1.863|RGB     | 1.0371| 1.510| 0.043|19.477| 0.016| 2.038| 0.007| 2.88e-04| 0.008| 3.429| 0.361|                |  1|KCat|Sloan|Simbad|286.33837|+40.11250
286.5752083|+40.1340833| 4995788|19061805+4008027|4704.3| 0.286| 0.060|167.985|13.503|RGB     | 1.0223| 1.101| 0.031| 4.726| 0.010| 3.131| 0.007| 1.47e-02| 0.006| 3.969| 0.146|                |  1|KCat|Sloan|Simbad|286.57521|+40.13408
286.6512083|+40.1555833| 4995956|19063629+4009201|4848.5| 0.108|-0.005| 53.858| 4.901|RC      | 1.0082| 2.313| 0.068|12.004| 0.018| 2.643| 0.009| 1.89e-03| 0.008| 2.909| 0.301|                |  0|KCat|Sloan|Simbad|286.65121|+40.15558
286.9709167|+40.1751111| 4996676|19075302+4010304|4813.0| 0.185| 0.009|232.822|17.621|RGB     | 1.0169| 1.069| 0.028| 3.932| 0.009| 3.278| 0.007| 2.48e-02| 0.006| 3.989| 0.234|                |  0|KCat|Sloan|Simbad|286.97092|+40.17511
287.1396250|+40.1893889| 4997023|19083351+4011218|4816.7|-0.116| 0.011| 52.423| 5.171|RGB     | 1.0298| 1.565| 0.040|10.027| 0.015| 2.630| 0.007| 2.19e-03| 0.007| 3.313| 0.391|                |  0|KCat|Sloan|Simbad|287.13962|+40.18939
288.3239167|+40.1220278| 5000089|19131774+4007193|4999.4|-0.169| 0.029|163.090|13.212|RGB     | 1.0190| 1.220| 0.031| 4.973| 0.011| 3.131| 0.007| 1.40e-02| 0.007| 3.675| 0.199|                |  0|KCat|Sloan|Simbad|288.32392|+40.12203
288.4129583|+40.1846111| 5000307|19133911+4011046|4981.2|-0.252| 0.044| 42.073| 4.772|RC      | 0.9919| 1.364| 0.074|10.360| 0.021| 2.542| 0.010| 1.73e-03| 0.008| 3.401| 0.238|                |  0|KCat|Sloan|Simbad|288.41296|+40.18461
288.8829167|+40.1038889| 5001658|19153190+4006140|4728.6|-0.340| 0.234| 23.282| 3.277|RC      | 1.0103| 0.893| 0.082|11.416| 0.025| 2.274| 0.010| 8.46e-04| 0.008| 3.844| 0.281|                |  0|KCat|Sloan|Simbad|288.88292|+40.10389
289.2350833|+40.1421389| 5002732|19165642+4008317|4825.1|-0.026| 0.024|192.186|15.234|RGB     | 1.0183| 1.074| 0.029| 4.336| 0.010| 3.195| 0.007| 1.86e-02| 0.006| 3.905| 0.340|                |  0|KCat|Sloan|Simbad|289.23508|+40.14214
289.2493750|+40.1632222| 5002776|19165985+4009476|4648.8|-0.054| 0.089| 29.454| 3.741|RC      | 0.9880| 1.134| 0.080|11.489| 0.024| 2.372| 0.010| 1.06e-03| 0.008| 3.664| 0.449|                |  0|KCat|Sloan|Simbad|289.24937|+40.16322
289.4673750|+40.1482222| 5003442|19175217+4008536|4822.9| 0.189|-0.014| 85.073| 7.274|RGB     | 1.0240| 1.752| 0.037| 8.324| 0.013| 2.841| 0.007| 4.28e-03| 0.007| 3.233| 0.381|                |  0|KCat|Sloan|Simbad|289.46737|+40.14822
289.5047500|+40.1206111| 5003549|19180114+4007142|4838.4| 0.076| 0.000|153.720|12.516|RGB     | 1.0215| 1.196| 0.032| 5.113| 0.011| 3.098| 0.007| 1.26e-02| 0.007| 3.775| 0.172|                |  0|KCat|Sloan|Simbad|289.50475|+40.12061
289.5292500|+40.1781389| 5003625|19180702+4010413|4887.6|-0.015| 0.010|103.223| 8.878|RGB     | 1.0244| 1.436| 0.036| 6.819| 0.013| 2.928| 0.007| 6.39e-03| 0.007| 3.468| 0.369|                |  0|KCat|Sloan|Simbad|289.52925|+40.17814
289.8493750|+40.1125278| 5004660|19192385+4006451|4164.2|-0.277| 0.032|  2.954| 0.590|RGB     | 1.0245| 1.357| 0.044|40.779| 0.017| 1.350| 0.007| 2.82e-05| 0.008| 3.490| 0.282|SeisUnc         |  0|KCat|Sloan|Simbad|289.84937|+40.11253
289.9937917|+40.1017222| 5005173|19195851+4006062|4603.1| 0.115| 0.033| 53.412| 5.599|RGB     | 1.0376| 1.092| 0.040| 8.393| 0.015| 2.629| 0.007| 2.61e-03| 0.007| 3.938| 0.228|                |  0|KCat|Sloan|Simbad|289.99379|+40.10172
290.0077083|+40.1058333| 5005217|19200185+4006210|4711.2| 0.296|-0.002| 40.787| 4.341|RC      | 1.0050| 1.583| 0.074|11.495| 0.021| 2.516| 0.010| 1.47e-03| 0.008| 3.348| 0.226|                |  0|KCat|Sloan|Simbad|290.00771|+40.10583
290.0150833|+40.1843056| 5005243|19200362+4011035|5011.8|-0.006| 0.025|194.721|14.777|RGB     | 1.0174| 1.341| 0.029| 4.767| 0.010| 3.209| 0.007| 1.74e-02| 0.006| 3.565| 0.198|                |  0|KCat|Sloan|Simbad|290.01508|+40.18431
290.0953333|+40.1613056| 5005508|19202288+4009407|4649.8| 0.224|-0.026| 43.274| 4.322|RGB     | 1.0314| 1.700| 0.041|11.604| 0.015| 2.539| 0.007| 1.53e-03| 0.007| 3.286| 0.029|                |  0|KCat|Sloan|Simbad|290.09533|+40.16131
290.2856667|+40.1856944| 5006206|19210856+4011085|4846.1|-0.062| 0.015| 34.079| 3.939|RC      | 1.0001| 1.449| 0.077|11.948| 0.023| 2.445| 0.010| 1.20e-03| 0.008| 3.379| 0.199|                |  0|KCat|Sloan|Simbad|290.28567|+40.18569
290.3526667|+40.1670278| 5006454|19212464+4010013|4951.7| 0.172| 0.012| 84.662| 7.116|RC      | 1.0024| 2.135| 0.054| 9.152| 0.012| 2.844| 0.008| 3.93e-03| 0.008| 3.033| 0.169|                |  0|KCat|Sloan|Simbad|290.35267|+40.16703
290.4559167|+40.1457222| 5006817|19214942+4008446|4862.6| 0.187| 0.018|144.778|11.565|RGB     | 1.0216| 1.381| 0.032| 5.653| 0.011| 3.074| 0.007| 1.08e-02| 0.007| 3.593| 0.100|                |  0|KCat|Sloan|Simbad|290.45592|+40.14572
290.6272917|+40.1116944| 5007332|19223055+4006421|4787.1|-0.122| 0.160| 97.332| 8.420|RGB     | 1.0247| 1.441| 0.036| 7.070| 0.013| 2.898| 0.007| 5.75e-03| 0.007| 3.446| 0.081|                |  0|KCat|Sloan|Simbad|290.62729|+40.11169
291.1555417|+40.1546944| 5008936|19243733+4009169|4631.6| 0.236| 0.014| 61.524| 6.027|RGB     | 1.0347| 1.269| 0.039| 8.414| 0.014| 2.691| 0.007| 3.00e-03| 0.007| 3.742| 0.242|                |  0|KCat|Sloan|Simbad|291.15554|+40.15469
291.1745417|+40.1280556| 5008996|19244189+4007410|4545.1|-0.346| 0.179| 30.295| 3.725|RGB     | 1.0418| 0.982| 0.042|10.602| 0.016| 2.380| 0.007| 1.16e-03| 0.008| 3.946| 0.129|                |  0|KCat|Sloan|Simbad|291.17454|+40.12806
291.2938333|+40.1140556| 5009376|19251052+4006506|4706.3|-1.412| 0.308|  9.252| 1.622|RGB     | 1.0394| 0.828| 0.044|17.464| 0.017| 1.872| 0.007| 2.19e-04| 0.008| 4.003| 0.199|                |  0|KCat|Sloan|Simbad|291.29383|+40.11406
291.2998750|+40.1320833| 5009393|19251197+4007555|4632.3| 0.140| 0.032| 31.854| 3.999|RC      | 1.0035| 1.028| 0.078|10.525| 0.023| 2.405| 0.010| 1.24e-03| 0.008| 3.800| 0.164|                |  0|KCat|Sloan|Simbad|291.29987|+40.13208
293.2502083|+40.1701944| 5016065|19330005+4010127|4902.1| 0.300|-0.011|130.147| 9.949|RGB(S)  | 1.0155| 1.899| 0.034| 6.978| 0.012| 3.029| 0.007| 7.88e-03| 0.007| 3.143| 0.132|                |  0|KCat|Sloan|Simbad|293.25021|+40.17019
293.3881250|+40.1751667| 5016549|19333315+4010306|4969.0|-0.488| 0.052| 99.248| 8.682|RGB     | 1.0216| 1.446| 0.036| 6.950| 0.013| 2.914| 0.007| 6.07e-03| 0.007| 3.340| 0.174|                |  1|KCat|Sloan|Simbad|293.38812|+40.17517
293.7069167|+40.1677222| 5017711|19344966+4010038|4706.8| 0.134|-0.013| 35.966| 4.117|RC      | 0.9951| 1.394| 0.076|11.489| 0.023| 2.462| 0.010| 1.30e-03| 0.008| 3.466| 0.343|                |  1|KCat|Sloan|Simbad|293.70692|+40.16772
293.7231667|+40.1582778| 5017766|19345356+4009298|4677.4|-0.025| 0.032| 56.026| 5.775|RGB     | 1.0360| 1.148| 0.040| 8.367| 0.015| 2.653| 0.007| 2.76e-03| 0.007| 3.807| 0.352|                |  0|KCat|Sloan|Simbad|293.72317|+40.15828
293.9317083|+40.1017222| 5018570|19354361+4006062|4899.5|-0.164| 0.032| 36.605| 4.284|RC      | 0.9967| 1.322| 0.076|10.982| 0.022| 2.478| 0.010| 1.41e-03| 0.008| 3.467| 0.374|                |  0|KCat|Sloan|Simbad|293.93171|+40.10172
293.9613333|+40.1263611| 5018689|19355072+4007349|4812.2| 0.307| 0.011|169.776|13.023|RGB     | 1.0204| 1.369| 0.030| 5.213| 0.010| 3.140| 0.007| 1.36e-02| 0.006| 3.632| 0.159|                |  0|KCat|Sloan|Simbad|293.96133|+40.12636
294.6616250|+40.1052778| 5021453|19383879+4006190|4713.1|-0.045| 0.013| 31.720| 4.063|RC      | 0.9998| 0.991| 0.078|10.312| 0.023| 2.407| 0.010| 1.27e-03| 0.008| 3.796| 0.271|                |  0|KCat|Sloan|Simbad|294.66162|+40.10528
294.9296250|+40.1851944| 5022571|19394311+4011067|4972.1| 0.146|-0.016| 60.470| 5.426|RC      | 1.0063| 2.280| 0.065|11.178| 0.017| 2.699| 0.009| 2.30e-03| 0.008| 2.982| 0.344|                |  0|KCat|Sloan|Simbad|294.92962|+40.18519
294.9711667|+40.1562778| 5022741|19395308+4009226|4564.9| 0.018| 0.109| 54.156| 5.718|RGB     | 1.0380| 1.032| 0.040| 8.117| 0.015| 2.633| 0.007| 2.72e-03| 0.007| 4.008| 0.420|                |  0|KCat|Sloan|Simbad|294.97117|+40.15628
295.2001250|+40.1356944| 5023732|19404803+4008085|4580.7| 0.078| 0.012| 27.302| 3.123|RGB     | 1.0355| 1.508| 0.042|13.812| 0.016| 2.336| 0.007| 8.07e-04| 0.008| 3.435| 0.409|                |  1|KCat|Sloan|Simbad|295.20012|+40.13569
295.2316667|+40.1081111| 5023889|19405560+4006292|4619.6| 0.196| 0.014| 53.827| 5.371|RGB     | 1.0340| 1.346| 0.040| 9.272| 0.015| 2.633| 0.007| 2.38e-03| 0.007| 3.645| 0.312|                |  1|KCat|Sloan|Simbad|295.23167|+40.10811
295.2376667|+40.1685556| 5023931|19405704+4010068|4740.1| 0.131|-0.012| 51.417| 4.914|RGB     | 1.0281| 1.780| 0.040|10.841| 0.015| 2.618| 0.007| 1.97e-03| 0.007| 3.192| 0.487|                |  1|KCat|Sloan|Simbad|295.23767|+40.16856
295.2415417|+40.1381667| 5023953|19405797+4008174|4866.4| 0.133| 0.013| 49.219| 4.750|RC      | 1.0057| 2.032| 0.070|11.760| 0.019| 2.605| 0.009| 1.76e-03| 0.008| 3.084| 0.500|                |  1|KCat|Sloan|Simbad|295.24154|+40.13817
295.2584583|+40.1077778| 5024043|19410203+4006280|4749.9|-0.093| 0.017| 55.965| 5.594|RGB     | 1.0322| 1.350| 0.040| 9.043| 0.015| 2.656| 0.007| 2.57e-03| 0.007| 3.541| 0.373|                |  1|KCat|Sloan|Simbad|295.25846|+40.10778
295.2759167|+40.1814444| 5024143|19410622+4010532|4909.9| 0.106| 0.020|120.034| 9.653|RGB(S)  | 1.0208| 1.650| 0.034| 6.771| 0.012| 2.994| 0.007| 7.50e-03| 0.007| 3.295| 0.580|                |  1|KCat|Sloan|Simbad|295.27592|+40.18144
295.2914167|+40.1515556| 5024240|19410994+4009056|4992.5| 0.004| 0.010|148.815|11.975|RGB     | 1.0200| 1.365| 0.032| 5.509| 0.011| 3.091| 0.007| 1.15e-02| 0.007| 3.542| 0.517|                |  1|KCat|Sloan|Simbad|295.29142|+40.15156
295.2964583|+40.1950556| 5024272|19411115+4011422|4669.7| 0.148| 0.020| 17.818| 1.972|RGB     | 1.0000| 3.123| 0.043|24.481| 0.016| 2.155| 0.007| 3.00e-04| 0.008| 2.573| 0.550|                |  0|KCat|Sloan|Simbad|295.29646|+40.19506
295.3049167|+40.1115833| 5024322|19411318+4006417|4938.3| 0.094|-0.007| 59.875| 5.804|RC(S)   | 0.9961| 1.743| 0.065| 9.838| 0.017| 2.693| 0.009| 2.58e-03| 0.008| 3.188| 0.567|                |  0|KCat|Sloan|Simbad|295.30492|+40.11158
295.3151667|+40.1695833| 5024404|19411564+4010105|4827.3| 0.151| 0.002| 48.493| 4.848|RC      | 1.0026| 1.791| 0.071|11.144| 0.020| 2.597| 0.009| 1.82e-03| 0.008| 3.201| 0.709|                |  0|KCat|Sloan|Simbad|295.31517|+40.16958
295.3210417|+40.1810278| 5024456|19411705+4010517|4104.5| 0.073|-0.012|       |      |REJECT  |       |      |      |      |      |      |      |         |      |      |      |No Seis         |  0|KCat|Sloan|Simbad|295.32104|+40.18103
295.3240000|+40.1543889| 5024476|19411776+4009158|5028.1| 0.122| 0.000| 66.331| 5.745|RC      | 1.0075| 2.424| 0.062|10.974| 0.016| 2.742| 0.009| 2.59e-03| 0.008| 2.885| 0.571|                |  1|KCat|Sloan|Simbad|295.32400|+40.15439
295.3288750|+40.1946667| 5024517|19411893+4011408|4742.8| 0.111|-0.018| 49.041| 4.912|RC      | 0.9947| 1.767| 0.070|11.056| 0.019| 2.598| 0.009| 1.84e-03| 0.008| 3.205| 0.443|                |  0|KCat|Sloan|Simbad|295.32887|+40.19467
295.3390000|+40.1833889| 5024583|19412136+4011002|4671.7| 0.119|-0.013| 38.235| 3.905|RGB     | 1.0296| 1.785| 0.041|12.634| 0.015| 2.487| 0.007| 1.25e-03| 0.007| 3.183| 0.578|                |  0|KCat|Sloan|Simbad|295.33900|+40.18339
295.3607500|+40.1949444| 5024750|19412658+4011418|4493.8| 0.090| 0.012| 12.887| 1.787|RGB     | 1.0390| 1.420| 0.044|19.595| 0.016| 2.006| 0.007| 2.66e-04| 0.008| 3.531| 0.657|SeisUnc         |  0|KCat|Sloan|Simbad|295.36075|+40.19494
295.3762917|+40.1501389| 5024851|19413031+4009005|4120.6| 0.095|-0.047|  4.268| 0.766|RGB     | 1.0344| 1.367| 0.044|34.146| 0.017| 1.507| 0.007| 4.85e-05| 0.008| 3.578| 0.612|SeisUnc         |  1|KCat|Sloan|Simbad|295.37629|+40.15014
295.4034583|+40.1508611| 5025021|19413683+4009031|4651.5| 0.064| 0.012| 47.771| 5.031|RGB     | 1.0363| 1.224| 0.041| 9.368| 0.015| 2.582| 0.007| 2.10e-03| 0.007| 3.745| 0.756|                |  0|KCat|Sloan|Simbad|295.40346|+40.15086
295.5701250|+40.1365000| 5025895|19421683+4008114|4886.4| 0.149|-0.034|130.913|10.208|RGB     | 1.0193| 1.710| 0.034| 6.607| 0.012| 3.031| 0.007| 8.36e-03| 0.007| 3.252| 0.154|                |  0|KCat|Sloan|Simbad|295.57012|+40.13650
295.5968750|+40.1559167| 5026008|19422325+4009213|      |      |      | 62.144| 6.149|Bad Teff|       |      |      |      |      |      |      |         |      |      |      |No Seis         |  0|KCat|Sloan|Simbad|295.59687|+40.15592
295.6373750|+40.1823333| 5026178|19423297+4010564|4577.3|-0.036| 0.042| 33.242| 3.791|RGB(S)  | 1.0375| 1.243| 0.042|11.363| 0.016| 2.421| 0.007| 1.19e-03| 0.008| 3.689| 0.342|                |  1|KCat|Sloan|Simbad|295.63737|+40.18233
295.6917083|+40.1423611| 5026399|19424601+4008325|5048.0|-0.097|-0.013|109.833| 8.694|RC(S)   | 0.9962| 2.208| 0.047| 8.130| 0.009| 2.962| 0.007| 5.79e-03| 0.008| 2.914| 0.121|                |  0|KCat|Sloan|Simbad|295.69171|+40.14236
296.8635833|+40.1888611| 5031925|19472726+4011199|4727.5|-0.071| 0.012| 50.165| 5.177|RGB     | 1.0346| 1.303| 0.040| 9.397| 0.015| 2.607| 0.007| 2.22e-03| 0.007| 3.620| 0.322|                |  0|KCat|Sloan|Simbad|296.86358|+40.18886
296.9044583|+40.1439167| 5032140|19473707+4008381|4759.4| 0.111| 0.003| 47.398| 4.674|RGB     | 1.0303| 1.699| 0.041|11.020| 0.015| 2.584| 0.007| 1.79e-03| 0.007| 3.261| 0.420|                |  0|KCat|Sloan|Simbad|296.90446|+40.14392
297.0086667|+40.1536667| 5032701|19480208+4009132|4204.8| 0.360| 0.040|  7.199| 1.260|RGB     | 1.0301| 0.938| 0.044|21.674| 0.017| 1.739| 0.007| 1.30e-04| 0.008| 4.218| 1.697|Ageold          |  0|KCat|Sloan|Simbad|297.00867|+40.15367
297.0282083|+40.1478333| 5032801|19480677+4008522|4855.1| 0.368| 0.005|       |      |REJECT  |       |      |      |      |      |      |      |         |      |      |      |No Seis         |  0|KCat|Sloan|Simbad|297.02821|+40.14783
297.1667083|+40.1770556| 5033397|19484001+4010374|4817.4| 0.291|-0.003|       |      |REJECT  |       |      |      |      |      |      |      |         |      |      |      |No Seis         |  0|KCat|Sloan|Simbad|297.16671|+40.17706
297.2683750|+40.1861389| 5033804|19490441+4011101|5051.6|-0.076| 0.014| 64.838| 6.091|RC      | 0.9965| 1.885| 0.063| 9.777| 0.016| 2.733| 0.009| 2.84e-03| 0.008| 3.097| 0.384|                |  0|KCat|Sloan|Simbad|297.26837|+40.18614
297.3686250|+40.1947222| 5034206|19492847+4011410|4803.4| 0.238|-0.015|147.351|11.887|RGB     | 1.0223| 1.277| 0.032| 5.406| 0.011| 3.079| 0.007| 1.14e-02| 0.007| 3.723| 0.440|                |  0|KCat|Sloan|Simbad|297.36862|+40.19472
297.4627500|+40.1699722| 5034571|19495106+4010119|4594.5| 0.295| 0.014| 59.787| 5.770|RGB     | 1.0338| 1.374| 0.039| 8.902| 0.014| 2.677| 0.007| 2.75e-03| 0.007| 3.634| 0.351|                |  0|KCat|Sloan|Simbad|297.46275|+40.16997
297.6366667|+40.1709167| 5035304|19503280+4010153|4792.2| 0.211| 0.011|139.300|11.437|RGB     | 1.0234| 1.249| 0.033| 5.502| 0.011| 3.054| 0.007| 1.06e-02| 0.007| 3.752| 0.412|                |  0|KCat|Sloan|Simbad|297.63667|+40.17092
298.2105417|+40.1803889| 5038397|19525053+4010494|4365.7| 0.344| 0.044| 18.526| 2.540|RGB     | 1.0393| 0.988| 0.043|13.734| 0.016| 2.157| 0.007| 5.38e-04| 0.008| 4.149| 0.212|Ageold          |  0|KCat|Sloan|Simbad|298.21054|+40.18039
298.3365833|+40.1068889| 5039087|19532078+4006248|4376.7|-0.001| 0.050|  8.674| 1.351|RGB     | 1.0406| 1.266| 0.044|22.704| 0.017| 1.828| 0.007| 1.53e-04| 0.008| 3.670| 1.292|SeisUnc         |  0|KCat|Sloan|Simbad|298.33658|+40.10689
298.4009167|+40.1721389| 5039392|19533622+4010197|4339.3|-0.454| 0.088|  6.368| 1.102|RGB     | 1.0388| 1.126| 0.044|25.041| 0.017| 1.692| 0.007| 1.01e-04| 0.008| 3.707| 1.073|                |  0|KCat|Sloan|Simbad|298.40092|+40.17214
298.6400000|+40.1689444| 5040572|19543360+4010082|5013.7| 0.058|-0.012| 76.167| 6.712|RC      | 0.9976| 2.041| 0.058| 9.403| 0.014| 2.801| 0.008| 3.46e-03| 0.008| 3.049| 0.415|                |  0|KCat|Sloan|Simbad|298.64000|+40.16894
298.6993750|+40.1705000| 5040851|19544785+4010138|4767.4|-0.244| 0.193|107.506| 9.907|RGB     | 1.0276| 0.996| 0.035| 5.598| 0.013| 2.940| 0.007| 8.00e-03| 0.007| 3.968| 0.470|                |  0|KCat|Sloan|Simbad|298.69937|+40.17050
298.8031667|+40.1589167| 5041311|19551276+4009321|4005.5| 0.100|-0.004|  3.338| 0.625|RGB     | 1.0314| 1.426| 0.044|39.717| 0.017| 1.394| 0.007| 3.21e-05| 0.008| 3.523| 1.573|                |  0|KCat|Sloan|Simbad|298.80317|+40.15892
299.1173750|+40.1804722| 5042916|19562817+4010497|4915.2| 0.047| 0.006| 50.557| 5.006|RC      | 0.9973| 1.874| 0.070|11.114| 0.019| 2.619| 0.009| 1.92e-03| 0.008| 3.143| 0.750|                |  0|KCat|Sloan|Simbad|299.11737|+40.18047
283.8207917|+40.2671667| 5078240|18551699+4016018|4243.3| 0.265|-0.024|  8.768| 1.450|RGB     | 1.0386| 0.948| 0.044|19.693| 0.017| 1.826| 0.007| 1.75e-04| 0.008| 4.190| 0.409|Ageold          |  1|KCat|Sloan|Simbad|283.82079|+40.26717
285.1101667|+40.2459444| 5080831|19002644+4014454|4865.2| 0.202| 0.022|229.257|17.335|RGB     | 1.0171| 1.106| 0.028| 4.021| 0.009| 3.273| 0.007| 2.40e-02| 0.006| 3.936| 0.523|                |  1|KCat|Sloan|Simbad|285.11017|+40.24594
286.2527917|+40.2583056| 5083205|19050067+4015299|4942.8|-0.044| 0.001|136.767|11.238|RGB     | 1.0213| 1.339| 0.033| 5.705| 0.011| 3.052| 0.007| 1.02e-02| 0.007| 3.571| 0.389|                |  0|KCat|Sloan|Simbad|286.25279|+40.25831
286.5965417|+40.2667778| 5083936|19062317+4016004|4942.9|-0.338| 0.044| 34.561| 4.218|RC      | 0.9938| 1.215| 0.077|10.809| 0.023| 2.455| 0.010| 1.36e-03| 0.008| 3.515| 0.298|                |  1|KCat|Sloan|Simbad|286.59654|+40.26678
286.6820417|+40.2926389| 5084148|19064369+4017335|4077.3|-0.215| 0.046|  3.205| 0.676|RGB     | 1.0363| 0.933| 0.044|32.638| 0.017| 1.380| 0.007| 3.79e-05| 0.008| 4.049| 0.429|                |  0|KCat|Sloan|Simbad|286.68204|+40.29264
286.9267083|+40.2868611| 5084662|19074241+4017127|4959.3|-0.273| 0.004| 41.524| 4.529|RC      | 0.9929| 1.599| 0.074|11.304| 0.021| 2.535| 0.010| 1.56e-03| 0.008| 3.225| 0.382|                |  1|KCat|Sloan|Simbad|286.92671|+40.28686
287.0760417|+40.2665556| 5084999|19081825+4015596|4667.6| 0.396| 0.022| 94.361| 8.263|RGB     | 1.0294| 1.338| 0.037| 6.964| 0.013| 2.879| 0.007| 5.59e-03| 0.007| 3.690| 0.530|                |  0|KCat|Sloan|Simbad|287.07604|+40.26656
287.9634583|+40.2172500| 5087190|19115123+4013021|4904.6| 0.250|-0.021| 67.923| 6.090|RC      | 0.9959| 2.080| 0.062|10.108| 0.015| 2.747| 0.008| 2.84e-03| 0.008| 3.088| 0.282|                |  0|KCat|Sloan|Simbad|287.96346|+40.21725
288.0910417|+40.2818056| 5087542|19122185+4016545|4651.8| 0.267| 0.031| 34.849| 3.787|RC      | 1.0147| 1.610| 0.077|12.582| 0.023| 2.445| 0.010| 1.14e-03| 0.008| 3.324| 0.198|                |  0|KCat|Sloan|Simbad|288.09104|+40.28181
288.3079583|+40.2082778| 5088148|19131391+4012298|4716.1| 0.121| 0.020| 31.594| 3.817|RC      | 1.0073| 1.222| 0.078|11.471| 0.024| 2.406| 0.010| 1.14e-03| 0.008| 3.616| 0.203|                |  0|KCat|Sloan|Simbad|288.30796|+40.20828
288.3835000|+40.2539722| 5088362|19133204+4015143|4811.0| 0.135|-0.007| 38.199| 4.010|RC      | 1.0036| 1.854| 0.075|12.787| 0.022| 2.493| 0.010| 1.25e-03| 0.008| 3.166| 0.299|                |  0|KCat|Sloan|Simbad|288.38350|+40.25397
288.7316667|+40.2867222| 5089305|19145560+4017122|4778.2|-0.299| 0.190| 29.524| 3.968|RC      | 0.9935| 0.920| 0.079|10.264| 0.024| 2.379| 0.010| 1.20e-03| 0.008| 3.822| 0.194|                |  0|KCat|Sloan|Simbad|288.73167|+40.28672
289.5890417|+40.2690278| 5091962|19182137+4016085|4529.4|-0.147| 0.049| 22.232| 2.886|RGB     | 1.0429| 1.067| 0.043|12.907| 0.016| 2.244| 0.007| 6.99e-04| 0.008| 3.886| 0.296|                |  0|KCat|Sloan|Simbad|289.58904|+40.26903
289.8579167|+40.2543889| 5092846|19192590+4015158|4632.9|-0.301| 0.199| 25.105| 2.924|RGB     | 1.0331| 1.567| 0.042|14.641| 0.016| 2.302| 0.007| 7.05e-04| 0.008| 3.287| 0.227|                |  0|KCat|Sloan|Simbad|289.85792|+40.25439
290.2219583|+40.2373889| 5094118|19205327+4014146|4854.0|-0.078| 0.012| 57.428| 5.469|RGB     | 1.0276| 1.678| 0.040| 9.900| 0.015| 2.672| 0.007| 2.44e-03| 0.007| 3.236| 0.170|                |  0|KCat|Sloan|Simbad|290.22196|+40.23739
290.4191250|+40.2200278| 5094833|19214059+4013121|4776.5|-0.227| 0.171| 30.559| 3.969|RC(S)   | 0.9941| 1.016| 0.079|10.602| 0.024| 2.394| 0.010| 1.20e-03| 0.008| 3.733| 0.429|SeisUnc         |  0|KCat|Sloan|Simbad|290.41912|+40.22003
290.7624583|+40.2579722| 5095886|19230299+4015287|4375.8|-0.107| 0.029|  9.081| 1.416|RGB     | 1.0411| 1.201| 0.044|21.615| 0.017| 1.848| 0.007| 1.68e-04| 0.008| 3.707| 0.275|                |  0|KCat|Sloan|Simbad|290.76246|+40.25797
290.7810417|+40.2967778| 5095946|19230745+4017484|4760.5| 0.140|-0.003| 36.112| 4.234|RC      | 1.0013| 1.252| 0.076|10.837| 0.022| 2.466| 0.010| 1.39e-03| 0.008| 3.589| 0.225|                |  0|KCat|Sloan|Simbad|290.78104|+40.29678
290.8232500|+40.2476389| 5096092|19231758+4014515|4641.9| 0.354| 0.029| 35.137| 4.079|RC      | 1.0044| 1.273| 0.077|11.147| 0.023| 2.449| 0.010| 1.30e-03| 0.008| 3.609| 0.375|                |  0|KCat|Sloan|Simbad|290.82325|+40.24764
291.1460417|+40.2825833| 5097114|19243505+4016573|4539.5|-0.223| 0.117| 14.344| 1.860|RGB     | 1.0309| 1.747| 0.043|20.550| 0.016| 2.055| 0.007| 2.84e-04| 0.008| 3.136| 0.153|                |  0|KCat|Sloan|Simbad|291.14604|+40.28258
291.3193333|+40.2177500| 5097690|19251664+4013039|5204.0| 0.000| 0.012| 59.152| 4.986|RC(S)   | 1.0000| 3.286| 0.066|13.414| 0.017| 2.700| 0.009| 1.92e-03| 0.008| 2.578| 0.130|                |  0|KCat|Sloan|Simbad|291.31933|+40.21775
291.3759167|+40.2303056| 5097873|19253022+4013491|4914.4|-0.083| 0.020| 36.640| 4.268|RC      | 0.9979| 1.346| 0.076|11.067| 0.022| 2.479| 0.010| 1.40e-03| 0.008| 3.465| 0.308|                |  0|KCat|Sloan|Simbad|291.37592|+40.23031
291.4652500|+40.2388611| 5098143|19255166+4014199|4570.6| 0.234| 0.009| 25.766| 3.498|RC      | 1.0026| 0.913| 0.081|11.067| 0.025| 2.310| 0.010| 9.50e-04| 0.008| 3.937| 0.231|                |  0|KCat|Sloan|Simbad|291.46525|+40.23886
291.4667917|+40.2375556| 5098145|19255203+4014152|4701.5| 0.108|-0.027| 30.485| 4.104|RC      | 0.9980| 0.848| 0.079| 9.738| 0.024| 2.390| 0.010| 1.29e-03| 0.008| 3.978| 0.317|SeisUnc         |  0|KCat|Sloan|Simbad|291.46679|+40.23756
293.3177500|+40.2536389| 5104573|19331626+4015131|4802.1| 0.092| 0.015| 35.029| 3.978|RC      | 1.0048| 1.465| 0.077|11.874| 0.023| 2.455| 0.010| 1.23e-03| 0.008| 3.397| 0.298|                |  0|KCat|Sloan|Simbad|293.31775|+40.25364
293.4220833|+40.2831389| 5104949|19334130+4016593|4663.2|-0.003| 0.026| 21.775| 3.071|RC      | 1.0190| 0.896| 0.083|11.867| 0.026| 2.242| 0.010| 7.56e-04| 0.008| 3.897| 0.314|                |  1|KCat|Sloan|Simbad|293.42208|+40.28314
293.4858750|+40.2734167| 5105190|19335661+4016243|4857.0| 0.087| 0.009|117.824|10.124|RGB     | 1.0250| 1.248| 0.035| 5.960| 0.012| 2.984| 0.007| 8.31e-03| 0.007| 3.716| 0.441|                |  1|KCat|Sloan|Simbad|293.48587|+40.27342
293.5328750|+40.2042778| 5105399|19340789+4012154|4734.6| 0.042| 0.008| 56.388| 5.538|RGB     | 1.0323| 1.430| 0.040| 9.279| 0.015| 2.658| 0.007| 2.52e-03| 0.007| 3.510| 0.282|                |  0|KCat|Sloan|Simbad|293.53287|+40.20428
293.7642083|+40.2521944| 5106217|19350341+4015079|5039.2|-0.255| 0.096| 45.659| 4.529|RC(S)   | 1.0031| 2.090| 0.072|12.274| 0.020| 2.580| 0.009| 1.59e-03| 0.008| 3.004| 0.296|                |  0|KCat|Sloan|Simbad|293.76421|+40.25219
294.1981250|+40.2693056| 5107886|19364755+4016095|5001.8|-0.132| 0.020|109.683| 9.335|RGB     | 1.0224| 1.470| 0.035| 6.656| 0.012| 2.959| 0.007| 7.03e-03| 0.007| 3.401| 0.316|                |  0|KCat|Sloan|Simbad|294.19812|+40.26931
294.2171250|+40.2016944| 5107950|19365211+4012061|4716.2|-0.565| 0.238| 43.798| 4.967|RGB     | 1.0380| 1.007| 0.041| 8.846| 0.015| 2.548| 0.007| 2.05e-03| 0.007| 3.851| 0.301|                |  0|KCat|Sloan|Simbad|294.21712|+40.20169
294.2732083|+40.2543056| 5108170|19370557+4015155|4063.7| 0.318|-0.001|  6.254| 0.975|RGB     | 1.0342| 1.603| 0.044|30.648| 0.017| 1.670| 0.007| 7.85e-05| 0.008| 3.401| 0.432|                |  0|KCat|Sloan|Simbad|294.27321|+40.25431
294.3958333|+40.2504722| 5108638|19373500+4015017|4390.3|-0.570| 0.239|       |      |REJECT  |       |      |      |      |      |      |      |         |      |      |      |No Seis         |  0|KCat|Sloan|Simbad|294.39583|+40.25047
294.4937917|+40.2414444| 5109052|19375851+4014292|4686.8|-0.134| 0.121| 88.262| 8.413|RGB     | 1.0313| 1.018| 0.037| 6.274| 0.013| 2.851| 0.007| 5.81e-03| 0.007| 3.960| 0.308|                |  0|KCat|Sloan|Simbad|294.49379|+40.24144
294.6982917|+40.2231667| 5109878|19384759+4013234|      |      |      |134.423|11.247|Bad Teff|       |      |      |      |      |      |      |         |      |      |      |No Seis         |  0|KCat|Sloan|Simbad|294.69829|+40.22317
294.9226250|+40.2847778| 5110725|19394143+4017052|4808.3| 0.421| 0.000|       |      |REJECT  |       |      |      |      |      |      |      |         |      |      |      |No Seis         |  0|KCat|Sloan|Simbad|294.92262|+40.28478
294.9799583|+40.2159167| 5110961|19395519+4012573|4740.1| 0.093|-0.006| 51.420| 5.152|RGB     | 1.0330| 1.445| 0.040| 9.768| 0.015| 2.618| 0.007| 2.19e-03| 0.007| 3.502| 0.630|                |  0|KCat|Sloan|Simbad|294.97996|+40.21592
295.0584167|+40.2751667| 5111300|19401402+4016306|4656.1| 0.067| 0.013| 23.328| 3.104|RC(S)   | 1.0143| 1.073| 0.082|12.549| 0.025| 2.271| 0.010| 7.65e-04| 0.008| 3.741| 0.440|                |  0|KCat|Sloan|Simbad|295.05842|+40.27517
295.1535000|+40.2547778| 5111718|19403684+4015172|4956.3| 0.155|-0.017|133.796|10.527|RGB     | 1.0198| 1.645| 0.033| 6.388| 0.012| 3.043| 0.007| 8.90e-03| 0.007| 3.308| 0.447|                |  1|KCat|Sloan|Simbad|295.15350|+40.25478
295.2068750|+40.2420278| 5111940|19404965+4014313|4755.4| 0.130|-0.001| 51.992| 5.191|RGB     | 1.0330| 1.457| 0.040| 9.745| 0.015| 2.624| 0.007| 2.22e-03| 0.007| 3.498| 0.468|                |  1|KCat|Sloan|Simbad|295.20687|+40.24203
295.2091667|+40.2196944| 5111949|19405020+4013109|4782.7| 0.148|-0.005| 47.365| 4.862|RC      | 1.0000| 1.645| 0.071|10.832| 0.020| 2.585| 0.009| 1.83e-03| 0.008| 3.268| 0.418|                |  1|KCat|Sloan|Simbad|295.20917|+40.21969
295.2333750|+40.2276389| 5112072|19405601+4013395|4906.1| 0.073|-0.014|124.580|10.015|RGB     | 1.0210| 1.589| 0.034| 6.524| 0.012| 3.010| 0.007| 8.07e-03| 0.007| 3.341| 0.453|                |  1|KCat|Sloan|Simbad|295.23337|+40.22764
295.2718333|+40.2345000| 5112288|19410524+4014042|4837.3| 0.147| 0.011| 47.145| 4.800|RC(S)   | 0.9971| 1.756| 0.071|11.187| 0.020| 2.585| 0.009| 1.77e-03| 0.008| 3.219| 0.555|                |  0|KCat|Sloan|Simbad|295.27183|+40.23450
295.2841250|+40.2523611| 5112361|19410819+4015085|4843.6| 0.072| 0.002| 68.112| 6.183|RGB     | 1.0261| 1.719| 0.039| 9.205| 0.014| 2.745| 0.007| 3.11e-03| 0.007| 3.223| 0.383|                |  0|KCat|Sloan|Simbad|295.28412|+40.25236
295.2857500|+40.2249722| 5112373|19410858+4013299|4795.7| 0.114| 0.000| 43.740| 4.661|RC      | 0.9988| 1.547| 0.073|10.923| 0.021| 2.551| 0.009| 1.67e-03| 0.008| 3.330| 0.514|                |  1|KCat|Sloan|Simbad|295.28575|+40.22497
295.2885833|+40.2454444| 5112387|19410926+4014436|4801.0| 0.127|-0.021| 45.050| 4.712|RC      | 0.9991| 1.619| 0.072|11.009| 0.020| 2.564| 0.009| 1.71e-03| 0.008| 3.284| 0.502|                |  1|KCat|Sloan|Simbad|295.28858|+40.24544
295.2912917|+40.2637500| 5112401|19410991+4015495|4810.5| 0.080| 0.001| 37.111| 4.054|RC      | 0.9986| 1.659| 0.076|12.273| 0.022| 2.480| 0.010| 1.26e-03| 0.008| 3.255| 0.522|                |  0|KCat|Sloan|Simbad|295.29129|+40.26375
295.3032917|+40.2066111| 5112467|19411279+4012238|4830.8| 0.123| 0.013| 45.474| 4.765|RC      | 1.0004| 1.599| 0.072|10.871| 0.020| 2.569| 0.009| 1.75e-03| 0.008| 3.292| 0.484|                |  0|KCat|Sloan|Simbad|295.30329|+40.20661
295.3049583|+40.2490833| 5112481|19411319+4014567|4200.9| 0.090|-0.003|  5.189| 0.880|RGB     | 1.0343| 1.450| 0.044|31.740| 0.017| 1.596| 0.007| 6.40e-05| 0.008| 3.495| 0.520|SeisUnc         |  1|KCat|Sloan|Simbad|295.30496|+40.24908
295.3064583|+40.2056944| 5112491|19411355+4012205|4841.5| 0.083|-0.011| 44.558| 4.687|RC      | 1.0000| 1.615| 0.072|11.032| 0.021| 2.561| 0.009| 1.70e-03| 0.008| 3.281| 0.931|                |  1|KCat|Sloan|Simbad|295.30646|+40.20569
295.3394583|+40.2325833| 5112730|19412147+4013573|4810.9| 0.139|-0.007| 42.003| 4.458|RC      | 0.9991| 1.643| 0.074|11.481| 0.021| 2.534| 0.010| 1.53e-03| 0.008| 3.277| 0.550|SeisUnc         |  1|KCat|Sloan|Simbad|295.33946|+40.23258
295.3406667|+40.2030833| 5112734|19412176+4012111|4650.0| 0.139|-0.006| 41.426| 4.357|RGB     | 1.0344| 1.428| 0.041|10.870| 0.015| 2.520| 0.007| 1.57e-03| 0.007| 3.529| 0.391|SeisUnc         |  1|KCat|Sloan|Simbad|295.34067|+40.20308
295.3425833|+40.2789444| 5112744|19412222+4016442|4690.4| 0.101|-0.009| 44.242| 4.423|RGB     | 1.0311| 1.681| 0.041|11.385| 0.015| 2.551| 0.007| 1.61e-03| 0.007| 3.276| 0.584|                |  1|KCat|Sloan|Simbad|295.34258|+40.27894
295.3487083|+40.2098611| 5112786|19412369+4012355|4285.5| 0.077| 0.000|  7.925| 1.155|RGB     | 1.0298| 1.825| 0.044|28.674| 0.017| 1.784| 0.007| 1.09e-04| 0.008| 3.155| 0.519|                |  0|KCat|Sloan|Simbad|295.34871|+40.20986
295.3627917|+40.2078611| 5112880|19412707+4012283|4638.1| 0.103| 0.000| 26.420| 2.804|RGB     | 1.0233| 2.247| 0.042|17.082| 0.016| 2.324| 0.007| 6.36e-04| 0.008| 2.893| 0.642|SeisUnc         |  1|KCat|Sloan|Simbad|295.36279|+40.20786
295.3714583|+40.2177778| 5112938|19412915+4013040|4852.4| 0.119| 0.008| 44.889| 4.770|RC      | 1.0000| 1.544| 0.072|10.743| 0.020| 2.565| 0.009| 1.76e-03| 0.008| 3.329| 0.553|                |  0|KCat|Sloan|Simbad|295.37146|+40.21778
295.3725833|+40.2388611| 5112948|19412942+4014199|4774.3| 0.126| 0.014| 42.610| 4.284|RGB     | 1.0292| 1.765| 0.041|11.835| 0.015| 2.538| 0.007| 1.50e-03| 0.007| 3.203| 0.660|                |  0|KCat|Sloan|Simbad|295.37258|+40.23886
295.3730417|+40.2058333| 5112950|19412953+4012210|4805.2| 0.146|-0.010| 42.047| 4.365|RC      | 1.0111| 1.706| 0.074|11.694| 0.021| 2.534| 0.010| 1.50e-03| 0.008| 3.246| 0.610|                |  1|KCat|Sloan|Simbad|295.37304|+40.20583
295.3761250|+40.2560556| 5112974|19413027+4015218|4795.6| 0.109|-0.001| 40.397| 4.356|RC      | 0.9959| 1.616| 0.074|11.618| 0.021| 2.516| 0.010| 1.45e-03| 0.008| 3.289| 0.590|                |  1|KCat|Sloan|Simbad|295.37612|+40.25606
295.3887500|+40.2096944| 5113041|19413330+4012349|4691.9| 0.067| 0.010| 37.360| 3.989|RGB     | 1.0333| 1.519| 0.041|11.776| 0.015| 2.477| 0.007| 1.31e-03| 0.007| 3.422| 0.610|                |  1|KCat|Sloan|Simbad|295.38875|+40.20969
295.3932917|+40.2967222| 5113061|19413439+4017482|4189.7| 0.131|-0.017|  4.632| 0.828|RGB     | 1.0373| 1.292| 0.044|31.735| 0.017| 1.546| 0.007| 5.70e-05| 0.008| 3.676| 0.505|                |  0|KCat|Sloan|Simbad|295.39329|+40.29672
295.4610000|+40.2669444| 5113441|19415064+4016010|4959.1| 0.161|-0.001|153.927|11.679|RGB     | 1.0180| 1.667| 0.032| 5.994| 0.011| 3.104| 0.007| 1.09e-02| 0.007| 3.288| 0.587|                |  1|KCat|Sloan|Simbad|295.46100|+40.26694
295.5809583|+40.2687222| 5113910|19421943+4016074|4469.7|-0.238| 0.036|  7.331| 1.272|RGB     | 1.0458| 0.983| 0.044|21.644| 0.017| 1.760| 0.007| 1.37e-04| 0.008| 3.973| 0.429|                |  1|KCat|Sloan|Simbad|295.58096|+40.26872
296.8067917|+40.2431111| 5119742|19471363+4014352|4881.0| 0.180| 0.002|237.772|17.154|RGB     | 1.0167| 1.295| 0.028| 4.269| 0.009| 3.290| 0.007| 2.35e-02| 0.006| 3.683| 0.164|                |  0|KCat|Sloan|Simbad|296.80679|+40.24311
297.2760417|+40.2086111| 5121605|19490625+4012310|4694.3| 0.106| 0.021| 33.835| 4.111|RC      | 1.0027| 1.128| 0.077|10.662| 0.023| 2.435| 0.010| 1.31e-03| 0.008| 3.696| 0.272|                |  0|KCat|Sloan|Simbad|297.27604|+40.20861
297.6517917|+40.2910000| 5123226|19503643+4017276|4705.2| 0.159|-0.001| 35.963| 4.165|RC      | 1.0010| 1.299| 0.076|11.091| 0.023| 2.462| 0.010| 1.34e-03| 0.008| 3.556| 0.314|                |  0|KCat|Sloan|Simbad|297.65179|+40.29100
297.9685417|+40.2520278| 5124813|19515245+4015073|5067.6|-0.195| 0.047| 43.680| 4.228|RC      | 1.0098| 2.366| 0.073|13.335| 0.021| 2.562| 0.009| 1.41e-03| 0.008| 2.781| 0.831|                |  0|KCat|Sloan|Simbad|297.96854|+40.25203
298.4171667|+40.2080278| 5126724|19534012+4012289|4680.2|-0.006|-0.044| 19.306| 2.186|RGB     | 1.0188| 2.448| 0.043|20.810| 0.016| 2.190| 0.007| 3.83e-04| 0.008| 2.757| 0.364|                |  0|KCat|Sloan|Simbad|298.41717|+40.20803
298.6623333|+40.2489167| 5127940|19543896+4014561|4052.1| 0.275|-0.007|  5.013| 0.894|RGB     | 1.0437| 1.121| 0.044|28.651| 0.017| 1.573| 0.007| 6.72e-05| 0.008| 3.931| 2.065|SeisUnc         |  0|KCat|Sloan|Simbad|298.66233|+40.24892
298.7195833|+40.2525278| 5128171|19545270+4015091|4859.4| 0.134| 0.003| 55.574| 5.308|RC      | 1.0034| 1.890| 0.067|10.676| 0.018| 2.658| 0.009| 2.19e-03| 0.008| 3.152| 0.302|                |  0|KCat|Sloan|Simbad|298.71958|+40.25253
298.7480833|+40.2785278| 5128272|19545954+4016427|4203.6| 0.359| 0.031| 14.032| 1.895|RGB     | 1.0431| 1.290| 0.043|18.206| 0.016| 2.028| 0.007| 3.02e-04| 0.008| 3.743| 1.368|                |  0|KCat|Sloan|Simbad|298.74808|+40.27853
298.9030833|+40.2756389| 5129011|19553674+4016323|4846.7|-0.002| 0.022| 42.399| 4.590|RC      | 0.9968| 1.534| 0.073|11.021| 0.021| 2.539| 0.010| 1.62e-03| 0.008| 3.314| 0.635|                |  0|KCat|Sloan|Simbad|298.90308|+40.27564
298.9455417|+40.2609444| 5129236|19554693+4015394|4754.5| 0.379|-0.003|176.969|13.797|RGB     | 1.0211| 1.206| 0.030| 4.806| 0.010| 3.156| 0.007| 1.53e-02| 0.006| 3.839| 0.748|                |  0|KCat|Sloan|Simbad|298.94554|+40.26094
299.0852500|+40.2985000| 5129971|19562046+4017546|4979.6| 0.105|-0.036| 72.598| 6.317|RC(S)   | 1.0044| 2.170| 0.059| 9.948| 0.014| 2.779| 0.008| 3.11e-03| 0.008| 3.039| 0.718|                |  0|KCat|Sloan|Simbad|299.08525|+40.29850
299.1180417|+40.2346944| 5130161|19562833+4014049|4858.9|-0.179| 0.033| 33.624| 4.117|RC      | 0.9968| 1.187| 0.078|10.877| 0.023| 2.439| 0.010| 1.30e-03| 0.008| 3.592| 0.615|                |  0|KCat|Sloan|Simbad|299.11804|+40.23469
284.0299583|+40.3817222| 5165979|18560719+4022542|4705.1| 0.076|-0.022| 69.169| 6.569|RGB     | 1.0313| 1.326| 0.039| 8.080| 0.014| 2.746| 0.007| 3.54e-03| 0.007| 3.625| 0.389|                |  1|KCat|Sloan|Simbad|284.02996|+40.38172
284.0797083|+40.3133889| 5166068|18561913+4018482|4783.8|-0.344| 0.186|102.848| 9.644|RGB     | 1.0279| 0.975| 0.036| 5.658| 0.013| 2.921| 0.007| 7.59e-03| 0.007| 3.964| 0.204|                |  1|KCat|Sloan|Simbad|284.07971|+40.31339
284.7947917|+40.3949167| 5167473|18591075+4023417|4863.5|-0.280| 0.051| 31.567| 4.070|RC      | 0.9945| 1.039| 0.079|10.502| 0.024| 2.412| 0.010| 1.26e-03| 0.008| 3.705| 0.349|                |  1|KCat|Sloan|Simbad|284.79479|+40.39492
285.0345417|+40.3432222| 5167972|19000829+4020356|4788.8|-0.072|-0.019| 34.948| 3.839|RGB     | 1.0337| 1.491| 0.042|12.004| 0.016| 2.453| 0.007| 1.22e-03| 0.007| 3.410| 0.350|                |  1|KCat|Sloan|Simbad|285.03454|+40.34322
285.2348333|+40.3643889| 5168382|19005636+4021518|4975.8|-0.233| 0.051|216.288|16.899|RGB     | 1.0166| 1.066| 0.028| 4.040| 0.009| 3.253| 0.007| 2.28e-02| 0.006| 3.848| 0.083|                |  1|KCat|Sloan|Simbad|285.23483|+40.36439
285.3717083|+40.3792778| 5168707|19012921+4022454|4554.1|-0.349| 0.162| 23.661| 3.107|RGB     | 1.0434| 0.963| 0.043|11.873| 0.016| 2.273| 0.007| 8.11e-04| 0.008| 3.972| 0.241|                |  1|KCat|Sloan|Simbad|285.37171|+40.37928
285.3750417|+40.3120556| 5168713|19013001+4018434|4692.2|-0.289| 0.074| 42.130| 4.778|RGB     | 1.0384| 1.037| 0.041| 9.162| 0.015| 2.530| 0.007| 1.90e-03| 0.007| 3.900| 0.313|                |  1|KCat|Sloan|Simbad|285.37504|+40.31206
286.6835833|+40.3540000| 5171575|19064406+4021144|4510.2|-0.531| 0.251| 14.676| 2.062|RGB     | 1.0391| 1.188| 0.043|16.781| 0.016| 2.063| 0.007| 3.54e-04| 0.008| 3.631| 0.450|                |  0|KCat|Sloan|Simbad|286.68358|+40.35400
286.9605833|+40.3077500| 5172229|19075054+4018279|4700.6|-0.242| 0.047| 40.227| 4.409|RGB     | 1.0351| 1.265| 0.041|10.352| 0.015| 2.510| 0.007| 1.61e-03| 0.007| 3.598| 0.229|                |  1|KCat|Sloan|Simbad|286.96058|+40.30775
287.9484583|+40.3302778| 5174642|19114763+4019490|4473.8|-0.050| 0.014| 10.620| 1.641|RGB     | 1.0454| 1.081| 0.044|18.855| 0.017| 1.921| 0.007| 2.27e-04| 0.008| 3.899| 0.269|                |  0|KCat|Sloan|Simbad|287.94846|+40.33028
288.1370417|+40.3177222| 5175152|19123289+4019038|5107.1|-0.020|-0.012| 83.001| 6.837|RC      | 0.9885| 2.615| 0.055|10.151| 0.012| 2.843| 0.008| 3.53e-03| 0.008| 2.737| 0.163|                |  0|KCat|Sloan|Simbad|288.13704|+40.31772
288.3009167|+40.3213056| 5175621|19131222+4019167|4663.0| 0.001| 0.023| 51.141| 5.381|RGB     | 1.0361| 1.153| 0.040| 8.783| 0.015| 2.612| 0.007| 2.40e-03| 0.007| 3.813| 0.104|                |  0|KCat|Sloan|Simbad|288.30092|+40.32131
288.3381250|+40.3453333| 5175734|19132115+4020432|4719.7|-0.260| 0.189| 27.851| 3.862|RC      | 0.9895| 0.859| 0.080|10.242| 0.024| 2.351| 0.010| 1.13e-03| 0.008| 3.900| 0.150|                |  0|KCat|Sloan|Simbad|288.33812|+40.34533
288.6161250|+40.3756667| 5176520|19142787+4022324|4911.3|-0.208| 0.026|151.756|12.769|RGB     | 1.0206| 1.090| 0.032| 4.895| 0.011| 3.096| 0.007| 1.31e-02| 0.007| 3.818| 0.171|                |  0|KCat|Sloan|Simbad|288.61612|+40.37567
288.6831250|+40.3217500| 5176709|19144395+4019183|4843.2|-0.054|-0.003| 95.842| 8.520|RGB     | 1.0264| 1.326| 0.036| 6.816| 0.013| 2.894| 0.007| 5.91e-03| 0.007| 3.589| 0.270|                |  0|KCat|Sloan|Simbad|288.68312|+40.32175
289.4680833|+40.3645556| 5179166|19175234+4021524|4539.3|-0.253| 0.191| 22.111| 2.788|RGB     | 1.0392| 1.227| 0.043|13.875| 0.016| 2.242| 0.007| 6.48e-04| 0.008| 3.641| 0.240|                |  0|KCat|Sloan|Simbad|289.46808|+40.36456
289.7292917|+40.3415000| 5180026|19185503+4020294|4439.9|-0.033| 0.001| 13.965| 1.905|RGB     | 1.0389| 1.373| 0.043|18.566| 0.016| 2.038| 0.007| 3.02e-04| 0.008| 3.543| 0.385|                |  0|KCat|Sloan|Simbad|289.72929|+40.34150
290.1878750|+40.3861667| 5181651|19204509+4023102|4849.6| 0.274|-0.005| 51.234| 4.792|RC      | 1.0040| 2.217| 0.069|12.049| 0.019| 2.622| 0.009| 1.79e-03| 0.008| 3.048| 0.238|                |  0|KCat|Sloan|Simbad|290.18787|+40.38617
290.2222500|+40.3412222| 5181782|19205334+4020284|4726.3| 0.150| 0.015| 35.402| 4.104|RC      | 1.0011| 1.323| 0.077|11.271| 0.023| 2.456| 0.010| 1.30e-03| 0.008| 3.534| 0.356|                |  0|KCat|Sloan|Simbad|290.22225|+40.34122
290.2382500|+40.3093333| 5181839|19205718+4018336|3900.4| 0.420|-0.001|  3.790| 0.756|RGB     | 1.0311| 0.938| 0.044|30.432| 0.017| 1.444| 0.007| 4.69e-05| 0.008| 4.216| 0.455|Ageold          |  0|KCat|Sloan|Simbad|290.23825|+40.30933
290.6582500|+40.3024444| 5183325|19223798+4018088|4628.1| 0.105| 0.027| 61.498| 6.204|RGB     | 1.0359| 1.122| 0.039| 7.917| 0.014| 2.691| 0.007| 3.19e-03| 0.007| 3.894| 0.117|                |  0|KCat|Sloan|Simbad|290.65825|+40.30244
290.8601250|+40.3273889| 5183935|19232643+4019386|4945.7|-0.114| 0.006| 46.854| 4.844|RC      | 0.9968| 1.721| 0.071|11.046| 0.020| 2.587| 0.009| 1.80e-03| 0.008| 3.176| 0.243|                |  0|KCat|Sloan|Simbad|290.86012|+40.32739
290.9097083|+40.3078889| 5184073|19233833+4018284|4909.3|-1.483| 0.154|  9.326| 1.651|RGB     | 1.0396| 0.841| 0.044|17.339| 0.017| 1.885| 0.007| 2.28e-04| 0.008| 3.978| 0.441|                |  0|KCat|Sloan|Simbad|290.90971|+40.30789
290.9517500|+40.3433889| 5184199|19234842+4020362|5000.4| 0.102|-0.001| 96.945| 7.915|RC      | 0.9978| 2.165| 0.049| 8.590| 0.010| 2.905| 0.007| 4.82e-03| 0.008| 2.991| 0.160|                |  0|KCat|Sloan|Simbad|290.95175|+40.34339
290.9768333|+40.3518889| 5184276|19235444+4021068|4848.1|-0.449| 0.172| 33.686| 4.152|RC      | 0.9926| 1.169| 0.078|10.793| 0.023| 2.440| 0.010| 1.31e-03| 0.008| 3.543| 0.171|                |  0|KCat|Sloan|Simbad|290.97683|+40.35189
293.2734167|+40.3062778| 5192039|19330562+4018226|4496.8| 0.415| 0.014| 27.296| 3.335|AMB     | 1.0252| 1.177| 0.301|12.250| 0.077| 2.332| 0.010| 9.03e-04| 0.010| 3.819| 0.410|                |  0|KCat|Sloan|Simbad|293.27342|+40.30628
293.7860000|+40.3066944| 5193840|19350864+4018241|5051.0| 0.056|-0.004| 77.509| 6.765|RC      | 0.9978| 2.105| 0.057| 9.451| 0.013| 2.810| 0.008| 3.52e-03| 0.008| 3.041| 0.319|                |  1|KCat|Sloan|Simbad|293.78600|+40.30669
293.8043750|+40.3455000| 5193912|19351305+4020438|4646.2|-0.242| 0.192| 68.769| 6.955|RGB     | 1.0347| 1.004| 0.039| 7.075| 0.014| 2.740| 0.007| 4.00e-03| 0.007| 3.958| 0.091|                |  0|KCat|Sloan|Simbad|293.80437|+40.34550
294.3620417|+40.3576667| 5196152|19372689+4021276|4793.5|-0.003| 0.004| 78.947| 7.361|RGB     | 1.0295| 1.294| 0.038| 7.438| 0.014| 2.807| 0.007| 4.43e-03| 0.007| 3.625| 0.190|                |  1|KCat|Sloan|Simbad|294.36204|+40.35767
294.4023750|+40.3893056| 5196300|19373657+4023215|4834.9| 0.333| 0.011|208.805|15.158|RGB     | 1.0179| 1.412| 0.028| 4.767| 0.009| 3.231| 0.007| 1.84e-02| 0.006| 3.586| 0.190|                |  0|KCat|Sloan|Simbad|294.40237|+40.38931
294.8718333|+40.3317778| 5198142|19392924+4019544|4690.3| 0.275| 0.062| 27.036| 3.812|RC(S)   | 1.0012| 0.782| 0.081| 9.933| 0.025| 2.337| 0.010| 1.12e-03| 0.008| 4.070| 0.518|                |  0|KCat|Sloan|Simbad|294.87183|+40.33178
295.2952083|+40.3846667| 5199906|19411085+4023048|4930.4| 0.301| 0.003| 69.143| 5.813|RC(S)   | 0.9949| 2.675| 0.061|11.347| 0.015| 2.756| 0.008| 2.58e-03| 0.008| 2.816| 0.410|                |  1|KCat|Sloan|Simbad|295.29521|+40.38467
295.3494167|+40.3623333| 5200152|19412386+4021444|4845.0| 0.120| 0.003| 46.486| 4.762|RC      | 0.9974| 1.740| 0.072|11.209| 0.020| 2.579| 0.009| 1.74e-03| 0.008| 3.217| 0.440|                |  1|KCat|Sloan|Simbad|295.34942|+40.36233
295.6825417|+40.3665278| 5201670|19424381+4021595|4574.0| 0.271| 0.016| 63.605| 6.201|RGB     | 1.0352| 1.225| 0.039| 8.158| 0.014| 2.703| 0.007| 3.18e-03| 0.007| 3.802| 0.338|                |  0|KCat|Sloan|Simbad|295.68254|+40.36653
295.8097500|+40.3505278| 5202286|19431434+4021019|4721.2| 0.123|-0.028| 43.310| 4.535|RGB(S)  | 1.0346| 1.421| 0.041|10.564| 0.015| 2.543| 0.007| 1.70e-03| 0.007| 3.535| 0.515|                |  0|KCat|Sloan|Simbad|295.80975|+40.35053
296.6614167|+40.3928056| 5206349|19463874+4023341|4915.0|-0.633| 0.086|104.453| 9.800|RGB     | 1.0246| 1.010| 0.036| 5.677| 0.013| 2.934| 0.007| 7.78e-03| 0.007| 3.821| 0.226|                |  0|KCat|Sloan|Simbad|296.66142|+40.39281
296.8771667|+40.3984722| 5207415|19473052+4023545|4787.6|-0.192| 0.081| 52.286| 5.380|RGB     | 1.0334| 1.296| 0.040| 9.148| 0.015| 2.628| 0.007| 2.39e-03| 0.007| 3.595| 0.657|                |  0|KCat|Sloan|Simbad|296.87717|+40.39847
297.0033750|+40.3136111| 5208056|19480081+4018490|4783.9|-0.113| 0.005| 27.564| 3.475|AMB     | 1.0300| 1.105| 0.108|11.633| 0.049| 2.350| 0.010| 9.89e-04| 0.010| 3.763| 0.379|                |  0|KCat|Sloan|Simbad|297.00337|+40.31361
297.0375417|+40.3412778| 5208211|19480901+4020286|4675.6| 0.118| 0.017| 61.737| 6.003|RGB     | 1.0331| 1.330| 0.039| 8.579| 0.014| 2.695| 0.007| 2.97e-03| 0.007| 3.636| 1.325|                |  0|KCat|Sloan|Simbad|297.03754|+40.34128
297.5358750|+40.3396944| 5210624|19500861+4020229|4766.5|-0.007|-0.015| 32.473| 3.918|RC(S)   | 1.0020| 1.241| 0.078|11.373| 0.023| 2.420| 0.010| 1.19e-03| 0.008| 3.569| 0.480|                |  0|KCat|Sloan|Simbad|297.53587|+40.33969
297.7602083|+40.3050833| 5211720|19510245+4018183|4841.1| 0.066| 0.006| 46.778| 4.714|RC      | 1.0034| 1.802| 0.071|11.373| 0.020| 2.582| 0.009| 1.73e-03| 0.008| 3.177| 0.469|                |  0|KCat|Sloan|Simbad|297.76021|+40.30508
297.7607083|+40.3012222| 5211724|19510257+4018044|5052.2|-0.439| 0.058|130.141|11.375|RGB     | 1.0206| 1.139| 0.034| 5.365| 0.012| 3.036| 0.007| 1.04e-02| 0.007| 3.689| 0.491|                |  0|KCat|Sloan|Simbad|297.76071|+40.30122
297.7772083|+40.3113611| 5211806|19510653+4018409|5049.9|-0.017|-0.033|103.963| 8.357|RC      | 0.9933| 2.220| 0.047| 8.380| 0.009| 2.938| 0.007| 5.32e-03| 0.008| 2.955| 0.283|                |  0|KCat|Sloan|Simbad|297.77721|+40.31136
298.1396667|+40.3293889| 5213512|19523352+4019458|4993.3|-0.285| 0.052| 43.187| 4.667|RC      | 1.0002| 1.565| 0.073|10.946| 0.021| 2.554| 0.009| 1.68e-03| 0.008| 3.240| 0.919|                |  0|KCat|Sloan|Simbad|298.13967|+40.32939
298.2618750|+40.3246111| 5214140|19530285+4019286|4757.4|-0.320| 0.211| 88.800| 8.556|RGB     | 1.0301| 0.996| 0.037| 6.164| 0.013| 2.856| 0.007| 6.00e-03| 0.007| 3.961| 0.584|                |  0|KCat|Sloan|Simbad|298.26187|+40.32461
298.5517083|+40.3938611| 5215820|19541241+4023379|4778.6|-0.017| 0.018| 83.491| 7.688|RGB     | 1.0289| 1.284| 0.037| 7.210| 0.013| 2.831| 0.007| 4.83e-03| 0.007| 3.636| 0.351|                |  0|KCat|Sloan|Simbad|298.55171|+40.39386
298.7143333|+40.3127500| 5216733|19545144+4018459|4901.7|-0.094| 0.045| 41.819| 4.540|RC      | 0.9925| 1.592| 0.074|11.271| 0.021| 2.536| 0.010| 1.57e-03| 0.008| 3.255| 2.061|                |  0|KCat|Sloan|Simbad|298.71433|+40.31275
298.9989583|+40.3342500| 5218022|19555975+4020033|4580.9|-0.214| 0.041| 17.077| 2.296|RGB     | 1.0395| 1.245| 0.043|15.863| 0.016| 2.132| 0.007| 4.40e-04| 0.008| 3.620| 0.541|                |  0|KCat|Sloan|Simbad|298.99896|+40.33425
299.0152917|+40.3191944| 5218105|19560367+4019091|4887.6|-0.142| 0.016| 32.334| 3.820|RC      | 1.0036| 1.398| 0.078|12.023| 0.023| 2.424| 0.010| 1.14e-03| 0.008| 3.405| 0.702|                |  0|KCat|Sloan|Simbad|299.01529|+40.31919
299.0551667|+40.3271389| 5218333|19561324+4019377|4664.1| 0.093| 0.010| 54.941| 5.485|RGB     | 1.0339| 1.335| 0.040| 9.120| 0.015| 2.644| 0.007| 2.48e-03| 0.007| 3.623| 0.660|                |  0|KCat|Sloan|Simbad|299.05517|+40.32714
299.1708333|+40.3361944| 5218957|19564100+4020103|4733.1| 0.277| 0.012| 47.399| 4.806|RC      | 1.0014| 1.690| 0.071|11.004| 0.020| 2.583| 0.009| 1.79e-03| 0.008| 3.270| 0.663|                |  0|KCat|Sloan|Simbad|299.17083|+40.33619
299.2738333|+40.3288333| 5219465|19570572+4019438|4967.2|-0.572| 0.241| 30.111| 4.229|RC      | 0.9853| 0.829| 0.079| 9.555| 0.024| 2.396| 0.010| 1.34e-03| 0.008| 3.896| 0.594|                |  0|KCat|Sloan|Simbad|299.27383|+40.32883
299.3191250|+40.3362778| 5219637|19571659+4020106|4944.7| 0.156|-0.026| 56.236| 5.150|RC      | 1.0044| 2.258| 0.067|11.552| 0.018| 2.666| 0.009| 2.07e-03| 0.008| 3.005| 0.610|                |  0|KCat|Sloan|Simbad|299.31912|+40.33628
299.3242500|+40.3723889| 5219666|19571782+4022206|4636.6| 0.414| 0.011| 54.887| 5.113|RGB     | 1.0292| 1.780| 0.040|10.549| 0.015| 2.642| 0.007| 2.14e-03| 0.007| 3.251| 0.657|                |  0|KCat|Sloan|Simbad|299.32425|+40.37239
299.3480417|+40.3721667| 5219779|19572353+4022198|5078.9| 0.172|-0.014|103.003| 8.434|RC      | 1.0029| 2.020| 0.047| 8.019| 0.009| 2.935| 0.007| 5.52e-03| 0.008| 2.973| 0.712|                |  0|KCat|Sloan|Simbad|299.34804|+40.37217
299.3993750|+40.3334444| 5220010|19573585+4020004|4745.0|-0.177| 0.047| 43.761| 4.880|RGB     | 1.0379| 1.088| 0.041| 9.185| 0.015| 2.549| 0.007| 1.98e-03| 0.007| 3.858| 0.800|                |  0|KCat|Sloan|Simbad|299.39937|+40.33344
283.6159583|+40.4267500| 5253296|18542783+4025363|4590.7|-0.225| 0.051| 29.031| 3.510|RGB     | 1.0392| 1.124| 0.042|11.556| 0.016| 2.363| 0.007| 1.03e-03| 0.008| 3.772| 0.294|                |  1|KCat|Sloan|Simbad|283.61596|+40.42675
283.8301250|+40.4257500| 5253782|18551923+4025327|4844.0| 0.010| 0.005| 39.885| 4.496|RC      | 0.9999| 1.370| 0.075|10.737| 0.022| 2.513| 0.010| 1.56e-03| 0.008| 3.449| 0.352|                |  1|KCat|Sloan|Simbad|283.83012|+40.42575
284.3279583|+40.4441389| 5254812|18571871+4026389|4882.9|-0.199| 0.036| 90.038| 8.437|RGB     | 1.0281| 1.150| 0.037| 6.535| 0.013| 2.868| 0.007| 5.81e-03| 0.007| 3.752| 0.281|                |  1|KCat|Sloan|Simbad|284.32796|+40.44414
284.8335417|+40.4386111| 5255835|18592005+4026190|4839.6|-0.627| 0.265| 77.163| 7.808|RGB     | 1.0307| 0.964| 0.038| 6.478| 0.014| 2.799| 0.007| 5.00e-03| 0.007| 3.918| 0.299|                |  1|KCat|Sloan|Simbad|284.83354|+40.43861
284.9214167|+40.4328333| 5256019|18594114+4025582|4866.3|-0.211| 0.082| 29.852| 4.018|RC      | 0.9937| 0.929| 0.079|10.209| 0.024| 2.388| 0.010| 1.23e-03| 0.008| 3.829| 0.374|                |  1|KCat|Sloan|Simbad|284.92142|+40.43283
285.4451667|+40.4259167| 5257167|19014684+4025333|5054.0|-0.683| 0.263| 28.577| 4.069|RC(S)   | 0.9720| 0.896| 0.080|10.153| 0.024| 2.377| 0.010| 1.21e-03| 0.008| 3.800| 0.273|                |  1|KCat|Sloan|Simbad|285.44517|+40.42592
287.8067500|+40.4220556| 5262610|19111362+4025194|4872.8|-0.148| 0.020| 89.048| 7.969|RGB     | 1.0258| 1.406| 0.037| 7.271| 0.013| 2.863| 0.007| 5.16e-03| 0.007| 3.470| 0.196|                |  0|KCat|Sloan|Simbad|287.80675|+40.42206
287.9521250|+40.4579167| 5262973|19114851+4027285|4878.3|-0.274| 0.161| 27.632| 3.789|RGB(S)  | 1.0220| 0.836| 0.042|10.061| 0.016| 2.355| 0.007| 1.16e-03| 0.008| 4.222| 0.244|Ageold          |  0|KCat|Sloan|Simbad|287.95212|+40.45792
287.9667917|+40.4066944| 5263007|19115203+4024241|4785.7|-0.091| 0.031| 32.823| 4.179|RC      | 1.0006| 1.002| 0.078|10.153| 0.023| 2.426| 0.010| 1.35e-03| 0.008| 3.775| 0.153|                |  0|KCat|Sloan|Simbad|287.96679|+40.40669
288.4852500|+40.4415000| 5264406|19135646+4026294|4737.8|-0.309| 0.227| 23.383| 3.407|RC      | 1.0054| 0.792| 0.082|10.722| 0.025| 2.276| 0.010| 9.06e-04| 0.008| 3.958| 0.130|                |  0|KCat|Sloan|Simbad|288.48525|+40.44150
288.5657917|+40.4298333| 5264655|19141579+4025474|4607.1| 0.221| 0.028| 30.469| 3.809|RC      | 1.0063| 1.072| 0.079|11.003| 0.024| 2.385| 0.010| 1.13e-03| 0.008| 3.777| 0.193|                |  0|KCat|Sloan|Simbad|288.56579|+40.42983
288.7749583|+40.4928889| 5265226|19150599+4029344|4553.7| 0.206| 0.037| 64.775| 6.444|RGB     | 1.0357| 1.100| 0.039| 7.669| 0.014| 2.710| 0.007| 3.44e-03| 0.007| 3.953| 0.101|                |  0|KCat|Sloan|Simbad|288.77496|+40.49289
288.7844583|+40.4929722| 5265256|19150827+4029347|4634.7|-0.048| 0.044| 51.942| 5.455|RGB     | 1.0360| 1.133| 0.040| 8.653| 0.015| 2.618| 0.007| 2.47e-03| 0.007| 3.829| 0.073|                |  0|KCat|Sloan|Simbad|288.78446|+40.49297
288.8871250|+40.4980278| 5265577|19153291+4029529|4897.1| 0.007| 0.004|103.890| 8.889|RGB     | 1.0242| 1.462| 0.036| 6.855| 0.013| 2.931| 0.007| 6.40e-03| 0.007| 3.445| 0.269|                |  0|KCat|Sloan|Simbad|288.88712|+40.49803
289.1555000|+40.4037500| 5266369|19163732+4024135|4901.9|-0.314| 0.045| 84.073| 8.029|RGB     | 1.0284| 1.147| 0.037| 6.749| 0.013| 2.839| 0.007| 5.26e-03| 0.007| 3.708| 0.268|                |  0|KCat|Sloan|Simbad|289.15550|+40.40375
289.1750000|+40.4376944| 5266416|19164200+4026157|4778.4|-0.007| 0.023| 31.790| 3.763|RC      | 0.9917| 1.430| 0.078|12.333| 0.023| 2.411| 0.010| 1.08e-03| 0.008| 3.402| 0.233|                |  0|KCat|Sloan|Simbad|289.17500|+40.43769
289.6527917|+40.4887500| 5267939|19183667+4029195|4621.0| 0.268| 0.029| 62.392| 6.086|RGB     | 1.0347| 1.269| 0.039| 8.360| 0.014| 2.697| 0.007| 3.06e-03| 0.007| 3.749| 0.231|                |  0|KCat|Sloan|Simbad|289.65279|+40.48875
290.0201667|+40.4697500| 5269165|19200484+4028111|4734.8|-0.183| 0.072| 30.606| 3.782|RC      | 1.0078| 1.158| 0.079|11.334| 0.024| 2.393| 0.010| 1.12e-03| 0.008| 3.612| 0.587|                |  0|KCat|Sloan|Simbad|290.02017|+40.46975
290.5170417|+40.4210556| 5270933|19220409+4025158|4594.2| 0.374| 0.024| 36.926| 4.164|RC      | 1.0036| 1.344| 0.076|11.203| 0.022| 2.468| 0.010| 1.35e-03| 0.008| 3.546| 0.311|                |  0|KCat|Sloan|Simbad|290.51704|+40.42106
290.5972500|+40.4788056| 5271191|19222334+4028437|4739.9| 0.170| 0.027| 35.667| 4.235|RC      | 1.0017| 1.195| 0.077|10.665| 0.023| 2.460| 0.010| 1.39e-03| 0.008| 3.646| 0.243|                |  0|KCat|Sloan|Simbad|290.59725|+40.47881
290.7404167|+40.4418333| 5271626|19225770+4026306|4757.9| 0.101|-0.016| 25.441| 3.894|RC      | 0.9856| 0.651| 0.081| 9.310| 0.025| 2.314| 0.010| 1.14e-03| 0.008| 4.168| 0.167|Ageold          |  0|KCat|Sloan|Simbad|290.74042|+40.44183
291.1325833|+40.4155278| 5272829|19243182+4024559|4050.0| 0.184| 0.063|  6.034| 1.062|RGB     | 1.0492| 0.962| 0.044|24.190| 0.017| 1.654| 0.007| 9.59e-05| 0.008| 4.151| 0.221|Ageold, SeisUnc |  0|KCat|Sloan|Simbad|291.13258|+40.41553
291.1369583|+40.4487500| 5272843|19243287+4026555|4674.6|-0.154| 0.206| 24.466| 3.327|RC      | 1.0132| 0.948| 0.082|11.509| 0.025| 2.293| 0.010| 8.77e-04| 0.008| 3.826| 0.206|                |  0|KCat|Sloan|Simbad|291.13696|+40.44875
293.8985417|+40.4332222| 5282288|19353565+4025596|4970.3| 0.011| 0.009| 51.697| 5.129|RC      | 1.0002| 1.828| 0.069|10.825| 0.019| 2.631| 0.009| 2.03e-03| 0.008| 3.151| 0.266|                |  0|KCat|Sloan|Simbad|293.89854|+40.43322
294.0435833|+40.4381667| 5282875|19361046+4026174|4949.3|-0.113|-0.020| 45.832| 4.733|RC      | 0.9996| 1.750| 0.072|11.261| 0.020| 2.578| 0.009| 1.73e-03| 0.008| 3.164| 0.177|                |  1|KCat|Sloan|Simbad|294.04358|+40.43817
294.2891667|+40.4223889| 5283798|19370940+4025206|4833.6| 0.180|-0.023| 55.232| 5.346|RC      | 1.0006| 1.808| 0.067|10.490| 0.018| 2.654| 0.009| 2.21e-03| 0.008| 3.189| 0.303|                |  1|KCat|Sloan|Simbad|294.28917|+40.42239
294.3336667|+40.4994444| 5283958|19372008+4029580|4956.7|-0.013|-0.016| 54.407| 5.263|RC      | 1.0031| 1.891| 0.068|10.741| 0.018| 2.653| 0.009| 2.15e-03| 0.008| 3.113| 0.269|                |  1|KCat|Sloan|Simbad|294.33367|+40.49944
294.3800833|+40.4641944| 5284127|19373122+4027511|4630.6| 0.306| 0.039| 33.768| 3.938|RC      | 1.0008| 1.315| 0.077|11.563| 0.023| 2.431| 0.010| 1.20e-03| 0.008| 3.569| 0.385|                |  0|KCat|Sloan|Simbad|294.38008|+40.46419
294.6000000|+40.4492778| 5284948|19382400+4026574|4936.4|-0.101| 0.011|154.249|12.544|RGB     | 1.0199| 1.242| 0.032| 5.176| 0.011| 3.104| 0.007| 1.26e-02| 0.007| 3.650| 0.251|                |  0|KCat|Sloan|Simbad|294.60000|+40.44928
294.7118333|+40.4843889| 5285357|19385084+4029038|4772.1| 0.031| 0.011| 32.146| 4.018|RC      | 1.0008| 1.094| 0.078|10.731| 0.023| 2.416| 0.010| 1.25e-03| 0.008| 3.721| 0.371|                |  1|KCat|Sloan|Simbad|294.71183|+40.48439
294.7433333|+40.4892500| 5285490|19385840+4029213|4890.1|-0.064| 0.017| 87.433| 7.617|RGB     | 1.0244| 1.612| 0.037| 7.849| 0.013| 2.856| 0.007| 4.70e-03| 0.007| 3.293| 0.414|                |  0|KCat|Sloan|Simbad|294.74333|+40.48925
295.1435000|+40.4185556| 5287034|19403444+4025068|4834.3| 0.189| 0.000|152.699|12.172|RGB     | 1.0214| 1.310| 0.032| 5.369| 0.011| 3.095| 0.007| 1.19e-02| 0.007| 3.673| 0.381|                |  0|KCat|Sloan|Simbad|295.14350|+40.41856
295.1542917|+40.4085833| 5287065|19403703+4024309|4836.3| 0.410|-0.006|166.534|12.379|RGB     | 1.0194| 1.602| 0.031| 5.685| 0.010| 3.133| 0.007| 1.23e-02| 0.007| 3.400| 0.388|                |  0|KCat|Sloan|Simbad|295.15429|+40.40858
295.2880833|+40.4838333| 5287610|19410914+4029018|4590.0| 0.063| 0.072| 60.532| 6.171|RGB     | 1.0366| 1.077| 0.039| 7.834| 0.014| 2.682| 0.007| 3.16e-03| 0.007| 3.948| 0.080|                |  1|KCat|Sloan|Simbad|295.28808|+40.48383
295.3125000|+40.4330556| 5287706|19411500+4025590|5153.2|-0.047|-0.018|101.388| 7.920|RC      | 0.9976| 2.586| 0.047| 9.112| 0.009| 2.931| 0.007| 4.82e-03| 0.008| 2.733| 0.382|                |  0|KCat|Sloan|Simbad|295.31250|+40.43306
295.5085833|+40.4665833| 5288607|19420206+4027597|4880.5| 0.156|-0.006| 60.217| 5.716|RC      | 0.9998| 1.825| 0.065|10.069| 0.017| 2.693| 0.009| 2.52e-03| 0.008| 3.168| 0.243|                |  1|KCat|Sloan|Simbad|295.50858|+40.46658
295.5322917|+40.4837778| 5288716|19420775+4029016|4833.0|-0.126| 0.023| 35.805| 4.207|RC      | 0.9976| 1.300| 0.077|11.047| 0.023| 2.465| 0.010| 1.36e-03| 0.008| 3.488| 0.269|                |  1|KCat|Sloan|Simbad|295.53229|+40.48378
295.7242500|+40.4234167| 5289571|19425382+4025243|4638.8|-0.304| 0.041| 22.612| 2.846|RGB     | 1.0381| 1.253| 0.043|13.786| 0.016| 2.257| 0.007| 6.74e-04| 0.008| 3.585| 0.300|                |  0|KCat|Sloan|Simbad|295.72425|+40.42342
295.8331250|+40.4275278| 5290071|19431995+4025391|4967.3|-0.230| 0.037| 38.710| 4.392|RC      | 0.9952| 1.454| 0.075|11.160| 0.022| 2.505| 0.010| 1.48e-03| 0.008| 3.334| 0.455|                |  0|KCat|Sloan|Simbad|295.83312|+40.42753
296.9417500|+40.4396667| 5295280|19474602+4026228|4899.8| 0.283| 0.003|198.939|14.809|RGB     | 1.0181| 1.366| 0.028| 4.788| 0.010| 3.213| 0.007| 1.76e-02| 0.006| 3.628| 0.350|                |  0|KCat|Sloan|Simbad|296.94175|+40.43967
297.0654583|+40.4831944| 5295898|19481571+4028595|4944.4|-0.037| 0.021|141.756|11.336|RGB     | 1.0200| 1.449| 0.033| 5.828| 0.011| 3.068| 0.007| 1.03e-02| 0.007| 3.451| 0.304|                |  0|KCat|Sloan|Simbad|297.06546|+40.48319
297.4203333|+40.4836944| 5297572|19494088+4029013|4817.0| 0.046| 0.133|       |      |REJECT  |       |      |      |      |      |      |      |         |      |      |      |No Seis         |  0|KCat|Sloan|Simbad|297.42033|+40.48369
297.4273750|+40.4952500| 5297605|19494257+4029429|4325.4| 0.062| 0.009|  5.689| 0.874|RGB     | 1.0223| 2.146| 0.044|36.609| 0.017| 1.642| 0.007| 6.16e-05| 0.008| 2.957| 1.630|                |  0|KCat|Sloan|Simbad|297.42737|+40.49525
297.9721667|+40.4528611| 5300269|19515332+4027103|5050.9| 0.143|-0.021|106.916| 8.203|RC(S)   | 0.9995| 2.538| 0.047| 8.834| 0.009| 2.950| 0.007| 5.19e-03| 0.008| 2.790| 0.639|                |  0|KCat|Sloan|Simbad|297.97217|+40.45286
298.0611250|+40.4329722| 5300767|19521467+4025587|4629.0| 0.186| 0.023| 53.308| 5.352|RGB     | 1.0342| 1.329| 0.040| 9.254| 0.015| 2.629| 0.007| 2.37e-03| 0.007| 3.660| 0.321|                |  0|KCat|Sloan|Simbad|298.06112|+40.43297
298.4256667|+40.4003056| 5302674|19534216+4024011|4754.9| 0.165| 0.034| 95.341| 8.517|RGB     | 1.0286| 1.261| 0.036| 6.695| 0.013| 2.887| 0.007| 5.93e-03| 0.007| 3.727| 0.522|                |  0|KCat|Sloan|Simbad|298.42567|+40.40031
298.6436250|+40.4461944| 5303930|19543447+4026463|4191.4| 0.463|-0.003|  8.484| 1.430|RGB     | 1.0298| 0.922| 0.044|19.808| 0.017| 1.809| 0.007| 1.67e-04| 0.008| 4.227| 0.591|Ageold          |  0|KCat|Sloan|Simbad|298.64362|+40.44619
298.7239583|+40.4228056| 5304355|19545375+4025221|4760.3| 0.319|-0.007| 51.643| 5.086|RC      | 1.0010| 1.760| 0.069|10.744| 0.019| 2.621| 0.009| 2.00e-03| 0.008| 3.238| 0.569|                |  0|KCat|Sloan|Simbad|298.72396|+40.42281
298.7543750|+40.4599167| 5304515|19550105+4027357|4864.2|-0.144| 0.032| 37.692| 4.210|RC(S)   | 1.0023| 1.498| 0.076|11.538| 0.022| 2.489| 0.010| 1.37e-03| 0.008| 3.322| 0.409|                |  0|KCat|Sloan|Simbad|298.75437|+40.45992
298.7671250|+40.4183889| 5304582|19550411+4025062|4838.0| 0.076| 0.005| 44.640| 4.655|RC      | 0.9926| 1.718| 0.072|11.370| 0.020| 2.561| 0.009| 1.65e-03| 0.008| 3.221| 0.551|                |  0|KCat|Sloan|Simbad|298.76712|+40.41839
298.9004167|+40.4349167| 5305259|19553610+4026057|4819.1|-0.065| 0.023| 56.321| 5.439|RGB     | 1.0296| 1.589| 0.040| 9.745| 0.015| 2.662| 0.007| 2.42e-03| 0.007| 3.318| 0.589|                |  0|KCat|Sloan|Simbad|298.90042|+40.43492
299.0683750|+40.4762778| 5306095|19561641+4028346|4866.1|-0.322| 0.159| 26.887| 3.789|RC      | 1.0004| 0.835| 0.081|10.201| 0.025| 2.343| 0.010| 1.11e-03| 0.008| 3.905| 0.537|                |  0|KCat|Sloan|Simbad|299.06837|+40.47628
299.1894583|+40.4097222| 5306751|19564547+4024350|4837.9|-0.511| 0.165| 89.804| 8.719|RGB     | 1.0284| 0.986| 0.037| 6.073| 0.013| 2.865| 0.007| 6.21e-03| 0.007| 3.911| 0.472|                |  0|KCat|Sloan|Simbad|299.18946|+40.40972
299.2781250|+40.4708611| 5307203|19570675+4028151|4644.3|-0.202| 0.129| 49.404| 5.356|RGB     | 1.0375| 1.046| 0.040| 8.522| 0.015| 2.597| 0.007| 2.38e-03| 0.007| 3.920| 0.154|                |  0|KCat|Sloan|Simbad|299.27812|+40.47086
299.3115417|+40.4160833| 5307348|19571477+4024579|4887.4| 0.220|-0.020| 59.982| 5.544|RC      | 1.0019| 2.025| 0.065|10.624| 0.017| 2.692| 0.009| 2.38e-03| 0.008| 3.103| 0.559|                |  0|KCat|Sloan|Simbad|299.31154|+40.41608
299.4264583|+40.4104444| 5307930|19574235+4024376|5041.4| 0.244| 0.042| 51.997| 4.484|RC      | 1.0000| 3.255| 0.069|14.354| 0.019| 2.637| 0.009| 1.55e-03| 0.008| 2.662| 0.574|                |  0|KCat|Sloan|Simbad|299.42646|+40.41044
299.4525000|+40.4762778| 5308081|19574860+4028346|4934.7| 0.099|-0.003| 60.416| 5.620|RC      | 1.0060| 1.957| 0.065|10.379| 0.017| 2.697| 0.009| 2.47e-03| 0.008| 3.110| 0.639|                |  0|KCat|Sloan|Simbad|299.45250|+40.47628
299.5772917|+40.4985000| 5308777|19581855+4029546|4839.5| 0.120|-0.015| 85.084| 7.736|RGB     | 1.0286| 1.353| 0.037| 7.307| 0.013| 2.842| 0.007| 4.89e-03| 0.007| 3.608| 0.640|                |  0|KCat|Sloan|Simbad|299.57729|+40.49850
283.0588333|+40.5727222| 5339687|18521412+4034218|4685.0|-0.056| 0.191| 26.330| 3.461|RC      | 1.0091| 1.029| 0.081|11.550| 0.025| 2.325| 0.010| 9.42e-04| 0.008| 3.763| 0.305|                |  1|KCat|Sloan|Simbad|283.05883|+40.57272
283.1195417|+40.5560833| 5339823|18522869+4033219|4826.5|-0.159| 0.119| 40.997| 4.280|RC      | 1.0082| 1.742| 0.074|11.956| 0.021| 2.524| 0.010| 1.44e-03| 0.008| 3.166| 0.168|                |  1|KCat|Sloan|Simbad|283.11954|+40.55608
283.3000833|+40.5024167| 5340189|18531202+4030087|4873.1| 0.121| 0.018|188.030|14.688|RGB     | 1.0189| 1.179| 0.029| 4.581| 0.010| 3.188| 0.007| 1.73e-02| 0.006| 3.813| 0.234|                |  1|KCat|Sloan|Simbad|283.30008|+40.50242
283.6932917|+40.5569444| 5341131|18544639+4033250|4762.2| 0.159|-0.005| 60.895| 5.638|RGB(S)  | 1.0279| 1.720| 0.039| 9.780| 0.014| 2.693| 0.007| 2.59e-03| 0.007| 3.254| 0.301|                |  1|KCat|Sloan|Simbad|283.69329|+40.55694
284.3327083|+40.5900833| 5342486|18571985+4035243|4569.7| 0.300| 0.055| 85.791| 7.970|RGB     | 1.0333| 1.109| 0.037| 6.684| 0.013| 2.833| 0.007| 5.24e-03| 0.007| 3.961| 0.300|                |  1|KCat|Sloan|Simbad|284.33271|+40.59008
284.8386667|+40.5528333| 5343454|18592128+4033102|4894.4|-0.154| 0.026|116.202|10.022|RGB     | 1.0237| 1.268| 0.035| 6.036| 0.012| 2.979| 0.007| 8.13e-03| 0.007| 3.621| 0.201|                |  0|KCat|Sloan|Simbad|284.83867|+40.55283
285.3158750|+40.5413611| 5344460|19011581+4032289|4488.5| 0.405| 0.016| 22.454| 2.696|RGB     | 1.0393| 1.445| 0.043|14.982| 0.016| 2.247| 0.007| 6.06e-04| 0.008| 3.576| 0.313|                |  0|KCat|Sloan|Simbad|285.31587|+40.54136
285.5585833|+40.5836944| 5344943|19021406+4035013|4747.8| 0.310|-0.001|127.524|10.505|RGB     | 1.0247| 1.321| 0.034| 5.928| 0.012| 3.013| 0.007| 8.95e-03| 0.007| 3.691| 0.351|                |  1|KCat|Sloan|Simbad|285.55858|+40.58369
285.6376667|+40.5220000| 5345094|19023304+4031192|4805.1| 0.193| 0.031|149.234|12.075|RGB     | 1.0223| 1.246| 0.032| 5.306| 0.011| 3.084| 0.007| 1.18e-02| 0.007| 3.753| 0.342|                |  1|KCat|Sloan|Simbad|285.63767|+40.52200
287.8331667|+40.5450000| 5350163|19111996+4032420|4707.3| 0.323| 0.004| 75.229| 6.690|RGB     | 1.0287| 1.603| 0.038| 8.519| 0.014| 2.782| 0.007| 3.66e-03| 0.007| 3.393| 0.169|                |  0|KCat|Sloan|Simbad|287.83317|+40.54500
288.7505000|+40.5313611| 5352699|19150012+4031529|4785.8|-0.165| 0.099| 24.464| 3.618|RC      | 0.9888| 0.774| 0.082|10.337| 0.025| 2.298| 0.010| 9.88e-04| 0.008| 4.016| 0.165|                |  0|KCat|Sloan|Simbad|288.75050|+40.53136
288.8821667|+40.5386944| 5353108|19153172+4032193|4812.4| 0.130| 0.035| 24.858| 2.735|RC(S)   | 1.0099| 2.304| 0.082|17.668| 0.025| 2.306| 0.010| 5.89e-04| 0.008| 2.991| 0.206|                |  0|KCat|Sloan|Simbad|288.88217|+40.53869
288.9077917|+40.5808889| 5353178|19153787+4034512|4753.4|-0.075| 0.037| 27.366| 3.603|RC      | 1.0026| 1.031| 0.081|11.301| 0.025| 2.345| 0.010| 1.01e-03| 0.008| 3.761| 0.170|                |  0|KCat|Sloan|Simbad|288.90779|+40.58089
288.9177500|+40.5625000| 5353200|19154026+4033450|4782.1|-0.182| 0.142| 31.062| 4.054|RC      | 0.9980| 0.967| 0.079|10.258| 0.024| 2.401| 0.010| 1.26e-03| 0.008| 3.804| 0.102|                |  0|KCat|Sloan|Simbad|288.91775|+40.56250
288.9474167|+40.5087222| 5353283|19154738+4030314|4545.1|-0.447| 0.160| 20.268| 2.742|RGB     | 1.0432| 0.997| 0.043|13.055| 0.016| 2.205| 0.007| 6.32e-04| 0.008| 3.892| 0.151|                |  0|KCat|Sloan|Simbad|288.94742|+40.50872
289.2146250|+40.5142500| 5354104|19165151+4030513|4746.8| 0.054|-0.018| 57.843| 5.737|RGB     | 1.0332| 1.340| 0.040| 8.864| 0.015| 2.670| 0.007| 2.71e-03| 0.007| 3.608| 0.201|                |  0|KCat|Sloan|Simbad|289.21462|+40.51425
289.8523333|+40.5290833| 5356201|19192456+4031447|4839.2| 0.188| 0.000|209.180|15.760|RGB     | 1.0177| 1.217| 0.028| 4.421| 0.009| 3.232| 0.007| 1.99e-02| 0.006| 3.784| 0.171|                |  0|KCat|Sloan|Simbad|289.85233|+40.52908
290.4469583|+40.5730556| 5358184|19214727+4034230|4605.5| 0.141| 0.031| 62.265| 6.231|RGB     | 1.0357| 1.137| 0.039| 7.930| 0.014| 2.695| 0.007| 3.22e-03| 0.007| 3.888| 0.164|                |  0|KCat|Sloan|Simbad|290.44696|+40.57306
290.7087083|+40.5306944| 5358969|19225009+4031505|4876.0| 0.076| 0.012|212.420|16.008|RGB     | 1.0171| 1.214| 0.028| 4.373| 0.009| 3.241| 0.007| 2.05e-02| 0.006| 3.751| 0.000|                |  0|KCat|Sloan|Simbad|290.70871|+40.53069
290.8036250|+40.5798611| 5359241|19231287+4034475|4901.4|-0.109| 0.025| 56.872| 5.312|RGB     | 1.0221| 1.898| 0.040|10.555| 0.015| 2.669| 0.007| 2.28e-03| 0.007| 3.041| 0.207|                |  0|KCat|Sloan|Simbad|290.80362|+40.57986
290.8797917|+40.5397778| 5359478|19233115+4032232|4808.2| 0.013| 0.023| 30.921| 3.789|RC      | 0.9972| 1.264| 0.079|11.738| 0.024| 2.401| 0.010| 1.10e-03| 0.008| 3.549| 0.275|                |  0|KCat|Sloan|Simbad|290.87979|+40.53978
290.9112917|+40.5972222| 5359568|19233871+4035500|4910.5|-0.011|-0.004|150.894|11.957|RGB     | 1.0196| 1.399| 0.032| 5.560| 0.011| 3.094| 0.007| 1.15e-02| 0.007| 3.503| 0.317|                |  0|KCat|Sloan|Simbad|290.91129|+40.59722
290.9239167|+40.5708056| 5359600|19234174+4034149|4700.6|-0.105| 0.032| 47.114| 4.954|RGB     | 1.0348| 1.276| 0.041| 9.608| 0.015| 2.579| 0.007| 2.03e-03| 0.007| 3.620| 0.290|                |  0|KCat|Sloan|Simbad|290.92392|+40.57081
291.2911667|+40.5114444| 5360757|19250988+4030412|4477.0| 0.278| 0.020| 37.726| 4.178|RGB(S)  | 1.0398| 1.181| 0.041|10.456| 0.015| 2.472| 0.007| 1.46e-03| 0.007| 3.861| 0.210|                |  0|KCat|Sloan|Simbad|291.29117|+40.51144
294.2097083|+40.5031944| 5370902|19365033+4030115|4794.5| 0.168| 0.003|119.588|10.096|RGB     | 1.0248| 1.295| 0.034| 6.046| 0.012| 2.987| 0.007| 8.26e-03| 0.007| 3.685| 0.233|                |  0|KCat|Sloan|Simbad|294.20971|+40.50319
294.2660000|+40.5071111| 5371124|19370384+4030256|4987.9|-0.380| 0.206|223.141|17.419|RGB     | 1.0165| 1.041| 0.028| 3.929| 0.009| 3.267| 0.007| 2.42e-02| 0.006| 3.850| 0.298|                |  0|KCat|Sloan|Simbad|294.26600|+40.50711
294.2799583|+40.5894167| 5371173|19370719+4035219|4634.9|-0.421| 0.229| 45.293| 5.088|RGB     | 1.0389| 0.982| 0.041| 8.624| 0.015| 2.558| 0.007| 2.16e-03| 0.007| 3.952| 0.190|                |  0|KCat|Sloan|Simbad|294.27996|+40.58942
294.2870417|+40.5275556| 5371202|19370889+4031392|4697.7|-0.058| 0.022| 47.740| 5.012|RGB     | 1.0348| 1.266| 0.041| 9.508| 0.015| 2.584| 0.007| 2.08e-03| 0.007| 3.663| 0.317|                |  0|KCat|Sloan|Simbad|294.28704|+40.52756
294.3977083|+40.5665556| 5371626|19373545+4033596|4459.8| 0.144|-0.001| 20.519| 2.529|RGB     | 1.0385| 1.415| 0.043|15.533| 0.016| 2.206| 0.007| 5.33e-04| 0.008| 3.553| 0.218|                |  1|KCat|Sloan|Simbad|294.39771|+40.56656
294.4118333|+40.5987222| 5371676|19373884+4035554|4127.8| 0.166|-0.040|  4.090| 0.705|RGB     | 1.0268| 1.731| 0.044|39.234| 0.017| 1.489| 0.007| 4.05e-05| 0.008| 3.251| 0.427|SeisUnc         |  0|KCat|Sloan|Simbad|294.41183|+40.59872
294.4345417|+40.5248333| 5371756|19374429+4031294|4963.1|-0.121|-0.009|116.706|10.054|RGB     | 1.0233| 1.297| 0.035| 6.071| 0.012| 2.984| 0.007| 8.17e-03| 0.007| 3.587| 0.152|                |  0|KCat|Sloan|Simbad|294.43454|+40.52483
294.6006250|+40.5370000| 5372374|19382415+4032132|4546.9| 0.268| 0.011| 64.197| 6.279|RGB     | 1.0355| 1.187| 0.039| 8.005| 0.014| 2.706| 0.007| 3.26e-03| 0.007| 3.851| 0.344|                |  0|KCat|Sloan|Simbad|294.60062|+40.53700
294.8217917|+40.5723056| 5373278|19391723+4034203|4603.7| 0.183| 0.020| 56.461| 5.758|RGB     | 1.0361| 1.160| 0.040| 8.413| 0.015| 2.653| 0.007| 2.75e-03| 0.007| 3.864| 0.441|                |  0|KCat|Sloan|Simbad|294.82179|+40.57231
295.0342500|+40.5148611| 5374118|19400822+4030535|4938.0| 0.020|-0.025| 60.084| 5.624|RC(S)   | 1.0040| 1.936| 0.065|10.350| 0.017| 2.695| 0.009| 2.46e-03| 0.008| 3.111| 0.366|                |  1|KCat|Sloan|Simbad|295.03425|+40.51486
295.0594583|+40.5866667| 5374221|19401427+4035120|4712.3|-0.225| 0.225| 26.901| 3.376|RC      | 1.0080| 1.227| 0.081|12.463| 0.025| 2.336| 0.010| 8.94e-04| 0.008| 3.528| 0.130|                |  0|KCat|Sloan|Simbad|295.05946|+40.58667
295.5650417|+40.5380278| 5376348|19421561+4032169|4211.8| 0.288| 0.090| 14.437| 2.006|RGB     | 1.0469| 1.106| 0.043|16.612| 0.016| 2.041| 0.007| 3.41e-04| 0.008| 3.963| 0.369|                |  0|KCat|Sloan|Simbad|295.56504|+40.53803
295.5741250|+40.5725000| 5376385|19421779+4034210|4580.7|-0.338| 0.100| 22.037| 2.872|RGB     | 1.0410| 1.086| 0.043|13.041| 0.016| 2.243| 0.007| 6.90e-04| 0.008| 3.792| 0.349|                |  0|KCat|Sloan|Simbad|295.57412|+40.57250
295.6999167|+40.5933611| 5376963|19424798+4035361|4846.3| 0.115| 0.001| 44.115| 4.537|RC      | 1.0065| 1.742| 0.073|11.512| 0.021| 2.557| 0.009| 1.61e-03| 0.008| 3.217| 0.489|                |  0|KCat|Sloan|Simbad|295.69992|+40.59336
296.5538750|+40.5706667| 5380775|19461293+4034144|4758.7| 0.221|-0.018| 64.707| 5.950|AMB     | 1.0142| 1.757| 0.115| 9.587| 0.059| 2.719| 0.009| 2.81e-03| 0.010| 3.244| 0.440|                |  0|KCat|Sloan|Simbad|296.55387|+40.57067
297.0757083|+40.5152222| 5383275|19481817+4030548|4837.4| 0.287|-0.006| 51.089| 4.933|RC      | 0.9977| 1.999| 0.069|11.466| 0.019| 2.620| 0.009| 1.87e-03| 0.008| 3.130| 0.440|                |  0|KCat|Sloan|Simbad|297.07571|+40.51522
297.0948333|+40.5338333| 5383359|19482276+4032018|4734.6| 0.035| 0.047| 32.632| 4.091|RC      | 1.0014| 1.051| 0.078|10.458| 0.023| 2.421| 0.010| 1.30e-03| 0.008| 3.759| 0.341|                |  0|KCat|Sloan|Simbad|297.09483|+40.53383
297.3955000|+40.5031667| 5384584|19493492+4030114|      |      |      | 17.136| 2.135|Bad Teff|       |      |      |      |      |      |      |         |      |      |      |No Seis         |  0|KCat|Sloan|Simbad|297.39550|+40.50317
297.4438333|+40.5209444| 5384777|19494652+4031154|4875.1| 0.010| 0.001|209.637|16.113|RGB     | 1.0172| 1.136| 0.028| 4.259| 0.009| 3.235| 0.007| 2.07e-02| 0.006| 3.840| 0.228|                |  0|KCat|Sloan|Simbad|297.44383|+40.52094
297.6063333|+40.5714167| 5385518|19502552+4034171|4787.3| 0.120| 0.000| 56.631| 5.296|RGB     | 1.0274| 1.795| 0.040|10.345| 0.015| 2.662| 0.007| 2.29e-03| 0.007| 3.185| 0.369|                |  0|KCat|Sloan|Simbad|297.60633|+40.57142
298.4702083|+40.5729444| 5389557|19535285+4034226|4348.3| 0.011| 0.024| 12.093| 1.887|RGB(S)  | 1.0331| 0.917| 0.044|16.396| 0.016| 1.971| 0.007| 2.93e-04| 0.008| 4.185| 0.490|Ageold          |  0|KCat|Sloan|Simbad|298.47021|+40.57294
298.6220417|+40.5566667| 5390372|19542929+4033240|4907.9|-0.243| 0.069|169.397|13.826|RGB     | 1.0186| 1.111| 0.031| 4.677| 0.010| 3.144| 0.007| 1.53e-02| 0.006| 3.786| 0.317|                |  0|KCat|Sloan|Simbad|298.62204|+40.55667
298.6342500|+40.5975000| 5390438|19543222+4035510|4823.2| 0.229|-0.010|       |      |REJECT  |       |      |      |      |      |      |      |         |      |      |      |No Seis         |  0|KCat|Sloan|Simbad|298.63425|+40.59750
298.7874583|+40.5352500| 5391275|19550899+4032069|4611.3| 0.412| 0.033| 72.583| 6.775|RGB     | 1.0334| 1.303| 0.038| 7.859| 0.014| 2.762| 0.007| 3.78e-03| 0.007| 3.733| 0.470|                |  0|KCat|Sloan|Simbad|298.78746|+40.53525
298.9662917|+40.5309444| 5392313|19555191+4031514|4672.3| 0.229| 0.005| 54.685| 5.385|RGB     | 1.0336| 1.423| 0.040| 9.431| 0.015| 2.642| 0.007| 2.39e-03| 0.007| 3.566| 0.450|                |  0|KCat|Sloan|Simbad|298.96629|+40.53094
299.0281250|+40.5861111| 5392657|19560675+4035100|4563.0| 0.381|-0.007| 45.319| 4.518|RGB     | 1.0333| 1.579| 0.041|10.978| 0.015| 2.555| 0.007| 1.68e-03| 0.007| 3.420| 0.268|                |  0|KCat|Sloan|Simbad|299.02812|+40.58611
299.1407083|+40.5079167| 5393304|19563377+4030285|4937.0| 0.090| 0.000| 37.755| 3.567|RC(S)   | 1.0000| 3.016| 0.076|16.298| 0.022| 2.493| 0.010| 9.82e-04| 0.008| 2.603| 0.492|                |  0|KCat|Sloan|Simbad|299.14071|+40.50792
299.1672917|+40.5926111| 5393453|19564015+4035334|4859.8| 0.121| 0.009|127.508|10.505|RGB     | 1.0231| 1.376| 0.034| 6.015| 0.012| 3.018| 0.007| 8.92e-03| 0.007| 3.578| 0.406|                |  0|KCat|Sloan|Simbad|299.16729|+40.59261
299.3561667|+40.5372500| 5394451|19572548+4032141|4616.1| 0.348| 0.021| 56.348| 5.474|RGB     | 1.0338| 1.430| 0.040| 9.344| 0.015| 2.652| 0.007| 2.47e-03| 0.007| 3.586| 0.615|                |  0|KCat|Sloan|Simbad|299.35617|+40.53725
299.4042083|+40.5740278| 5394705|19573701+4034265|5086.0|-0.303| 0.205|  8.337| 1.479|RGB     | 1.0473| 0.955| 0.044|19.375| 0.017| 1.844| 0.007| 1.85e-04| 0.008| 4.019| 0.000|                |  0|KCat|Sloan|Simbad|299.40421|+40.57403
299.5726250|+40.5559167| 5395669|19581743+4033213|4929.9|-0.062|-0.009| 48.370| 4.910|RC      | 0.9925| 1.815| 0.071|11.176| 0.020| 2.600| 0.009| 1.83e-03| 0.008| 3.150| 0.540|                |  0|KCat|Sloan|Simbad|299.57262|+40.55592
299.6091667|+40.5698889| 5395887|19582620+4034116|4667.2|-0.086| 0.063| 46.048| 5.075|RGB     | 1.0391| 1.052| 0.041| 8.840| 0.015| 2.567| 0.007| 2.15e-03| 0.007| 3.945| 0.581|                |  0|KCat|Sloan|Simbad|299.60917|+40.56989
299.6197500|+40.5019722| 5395942|19582874+4030071|4149.7|-0.180| 0.007|  3.401| 0.665|RGB     | 1.0308| 1.248| 0.044|36.484| 0.017| 1.410| 0.007| 3.63e-05| 0.008| 3.641| 0.000|                |  0|KCat|Sloan|Simbad|299.61975|+40.50197
299.6301250|+40.5408056| 5395997|19583123+4032269|4863.4|-0.131| 0.025| 32.547| 3.953|RC      | 1.0030| 1.237| 0.078|11.284| 0.023| 2.425| 0.010| 1.21e-03| 0.008| 3.544| 0.621|                |  0|KCat|Sloan|Simbad|299.63012|+40.54081
283.1018750|+40.6881111| 5426041|18522445+4041172|4614.0| 0.184| 0.009| 50.436| 5.047|RGB(S)  | 1.0336| 1.420| 0.040| 9.840| 0.015| 2.604| 0.007| 2.10e-03| 0.007| 3.559| 0.222|                |  1|KCat|Sloan|Simbad|283.10187|+40.68811
283.6850417|+40.6751667| 5427229|18544441+4040306|4807.4| 0.138| 0.010| 43.565| 4.605|RC      | 0.9964| 1.625| 0.073|11.214| 0.021| 2.549| 0.009| 1.63e-03| 0.008| 3.289| 0.318|                |  1|KCat|Sloan|Simbad|283.68504|+40.67517
284.2775000|+40.6744444| 5428360|18570660+4040280|4714.0| 0.226| 0.013| 95.816| 8.617|RGB     | 1.0297| 1.201| 0.036| 6.531| 0.013| 2.888| 0.007| 6.08e-03| 0.007| 3.818| 0.369|                |  1|KCat|Sloan|Simbad|284.27750|+40.67444
285.1589583|+40.6163333| 5430086|19003815+4036588|4437.6| 0.489|-0.003| 27.893| 3.423|RGB(S)  | 1.0465| 1.019| 0.042|11.321| 0.016| 2.338| 0.007| 9.91e-04| 0.008| 4.114| 0.301|                |  1|KCat|Sloan|Simbad|285.15896|+40.61633
285.4793750|+40.6823333| 5430779|19015505+4040564|4836.5| 0.222|-0.003|129.288|10.462|RGB     | 1.0228| 1.450| 0.034| 6.138| 0.012| 3.023| 0.007| 8.84e-03| 0.007| 3.525| 0.338|                |  1|KCat|Sloan|Simbad|285.47937|+40.68233
285.7525417|+40.6004722| 5431353|19030061+4036017|4489.7|-0.488| 0.239| 18.352| 2.610|RGB     | 1.0463| 0.874| 0.043|12.889| 0.016| 2.159| 0.007| 5.76e-04| 0.008| 4.085| 0.242|                |  1|KCat|Sloan|Simbad|285.75254|+40.60047
287.6845000|+40.6440833| 5435961|19104428+4038387|4655.8| 0.239| 0.009| 33.628| 4.085|RC      | 1.0046| 1.113| 0.078|10.647| 0.023| 2.430| 0.010| 1.30e-03| 0.008| 3.738| 0.198|                |  0|KCat|Sloan|Simbad|287.68450|+40.64408
287.7338333|+40.6422500| 5436082|19105612+4038321|4779.6| 0.076| 0.014| 39.050| 4.334|RC      | 0.9888| 1.525| 0.075|11.489| 0.022| 2.501| 0.010| 1.42e-03| 0.008| 3.345| 0.207|                |  0|KCat|Sloan|Simbad|287.73383|+40.64225
287.8897917|+40.6701944| 5436490|19113355+4040127|4616.8|-0.074| 0.064| 49.215| 5.343|RGB     | 1.0387| 1.031| 0.040| 8.487| 0.015| 2.594| 0.007| 2.38e-03| 0.007| 3.977| 0.162|                |  0|KCat|Sloan|Simbad|287.88979|+40.67019
288.0205833|+40.6478056| 5436814|19120494+4038521|4456.8|-0.361| 0.094| 10.252| 1.625|RGB     | 1.0441| 1.012| 0.044|18.586| 0.017| 1.905| 0.007| 2.22e-04| 0.008| 3.896| 0.164|                |  0|KCat|Sloan|Simbad|288.02058|+40.64781
288.4602083|+40.6905556| 5437909|19135045+4041260|4966.7| 0.046|-0.013|209.782|15.268|RGB     | 1.0170| 1.453| 0.028| 4.793| 0.009| 3.239| 0.007| 1.86e-02| 0.006| 3.472| 0.033|                |  0|KCat|Sloan|Simbad|288.46021|+40.69056
288.8785417|+40.6174444| 5439087|19153085+4037028|4908.3|-0.148| 0.030| 38.766| 4.407|RC      | 0.9979| 1.400| 0.075|10.977| 0.022| 2.503| 0.010| 1.49e-03| 0.008| 3.401| 0.202|                |  0|KCat|Sloan|Simbad|288.87854|+40.61744
288.9660417|+40.6817222| 5439339|19155185+4040542|5097.7| 0.059|-0.025| 99.067| 7.886|RC      | 0.9939| 2.452| 0.048| 9.000| 0.010| 2.919| 0.007| 4.74e-03| 0.008| 2.839| 0.197|                |  0|KCat|Sloan|Simbad|288.96604|+40.68172
288.9790417|+40.6461944| 5439372|19155497+4038463|      |      |      |  6.447| 1.175|Bad Teff|       |      |      |      |      |      |      |         |      |      |      |No Seis         |  0|KCat|Sloan|Simbad|288.97904|+40.64619
289.2540417|+40.6078333| 5440198|19170097+4036282|4734.6| 0.242| 0.004|136.058|11.313|RGB     | 1.0246| 1.188| 0.033| 5.446| 0.011| 3.041| 0.007| 1.04e-02| 0.007| 3.838| 0.166|                |  0|KCat|Sloan|Simbad|289.25404|+40.60783
289.3439583|+40.6676389| 5440488|19172255+4040035|4721.9|-0.050| 0.005| 43.343| 4.536|RGB     | 1.0334| 1.431| 0.041|10.594| 0.015| 2.543| 0.007| 1.70e-03| 0.007| 3.482| 0.203|                |  0|KCat|Sloan|Simbad|289.34396|+40.66764
289.5575417|+40.6616389| 5441150|19181381+4039419|4808.1| 0.049| 0.012| 36.011| 4.245|RC      | 1.0010| 1.248| 0.076|10.808| 0.022| 2.467| 0.010| 1.39e-03| 0.008| 3.576| 0.375|                |  0|KCat|Sloan|Simbad|289.55754|+40.66164
290.3018750|+40.6877500| 5443651|19211245+4041159|4761.5|-0.154| 0.041| 59.411| 6.134|RGB     | 1.0350| 1.109| 0.039| 7.951| 0.014| 2.682| 0.007| 3.11e-03| 0.007| 3.827| 0.220|                |  0|KCat|Sloan|Simbad|290.30187|+40.68775
290.3285000|+40.6169722| 5443741|19211884+4037011|4677.8| 0.105| 0.007| 54.791| 5.523|RGB     | 1.0346| 1.290| 0.040| 8.970| 0.015| 2.643| 0.007| 2.52e-03| 0.007| 3.682| 0.200|                |  0|KCat|Sloan|Simbad|290.32850|+40.61697
290.7072917|+40.6313056| 5444972|19224975+4037527|4075.6| 0.452| 0.040|  8.612| 1.430|RGB     | 1.0301| 0.921| 0.044|19.790| 0.017| 1.810| 0.007| 1.67e-04| 0.008| 4.227| 0.241|Ageold          |  0|KCat|Sloan|Simbad|290.70729|+40.63131
290.9883750|+40.6742778| 5445796|19235721+4040274|4733.1|-0.262| 0.196| 28.091| 3.843|RC      | 0.9958| 0.880| 0.080|10.314| 0.024| 2.356| 0.010| 1.13e-03| 0.008| 3.882| 0.164|                |  0|KCat|Sloan|Simbad|290.98837|+40.67428
291.1347083|+40.6667500| 5446242|19243233+4040003|4326.0|-0.426| 0.147|  7.547| 1.316|RGB     | 1.0479| 0.884| 0.044|20.403| 0.017| 1.765| 0.007| 1.47e-04| 0.008| 4.092| 0.239|                |  0|KCat|Sloan|Simbad|291.13471|+40.66675
291.1705417|+40.6196944| 5446355|19244093+4037109|4318.9|-0.042| 0.045|  8.101| 1.266|RGB     | 1.0387| 1.320| 0.044|24.066| 0.017| 1.796| 0.007| 1.33e-04| 0.008| 3.602| 0.226|                |  0|KCat|Sloan|Simbad|291.17054|+40.61969
291.3522500|+40.6134444| 5446927|19252454+4036484|5060.1|-0.796| 0.175| 22.403| 2.935|RC(S)   | 0.9957| 1.451| 0.083|14.584| 0.026| 2.272| 0.010| 6.59e-04| 0.008| 3.243| 0.173|                |  0|KCat|Sloan|Simbad|291.35225|+40.61344
292.3260417|+40.6912778| 5450049|19291825+4041286|4702.7|-0.051| 0.026| 45.333| 4.913|RGB     | 1.0369| 1.166| 0.041| 9.364| 0.015| 2.562| 0.007| 2.00e-03| 0.007| 3.784| 0.199|                |  0|KCat|Sloan|Simbad|292.32604|+40.69128
292.4417500|+40.6227500| 5450413|19294602+4037219|4377.3|-0.304| 0.083|  4.745| 0.888|RGB     | 1.0398| 1.115| 0.044|28.803| 0.017| 1.566| 0.007| 6.58e-05| 0.008| 3.772| 0.314|                |  0|KCat|Sloan|Simbad|292.44175|+40.62275
292.4500417|+40.6725000| 5450439|19294801+4040210|5082.2|-0.257| 0.005|223.839|16.203|RGB     | 1.0166| 1.443| 0.028| 4.597| 0.009| 3.272| 0.007| 2.10e-02| 0.006| 3.387| 0.000|                |  0|KCat|Sloan|Simbad|292.45004|+40.67250
292.5896250|+40.6963889| 5450937|19302151+4041470|4838.2|-0.139| 0.021| 84.147| 8.013|RGB     | 1.0301| 1.129| 0.037| 6.715| 0.013| 2.837| 0.007| 5.26e-03| 0.007| 3.797| 0.277|                |  0|KCat|Sloan|Simbad|292.58962|+40.69639
292.6875000|+40.6887222| 5451290|19304500+4041194|4892.1|-0.234| 0.060| 32.862| 3.951|RC      | 1.0028| 1.288| 0.078|11.444| 0.023| 2.431| 0.010| 1.21e-03| 0.008| 3.472| 0.429|                |  0|KCat|Sloan|Simbad|292.68750|+40.68872
294.0010000|+40.6267778| 5455901|19360024+4037364|4954.9|-0.186| 0.027| 34.793| 4.220|RC      | 0.9944| 1.239| 0.077|10.873| 0.023| 2.458| 0.010| 1.36e-03| 0.008| 3.528| 0.385|                |  0|KCat|Sloan|Simbad|294.00100|+40.62678
294.0529583|+40.6370556| 5456086|19361271+4038134|4670.4| 0.183| 0.036| 55.595| 5.426|RGB     | 1.0330| 1.453| 0.040| 9.452| 0.015| 2.649| 0.007| 2.43e-03| 0.007| 3.522| 0.334|                |  0|KCat|Sloan|Simbad|294.05296|+40.63706
294.1896250|+40.6874722| 5456612|19364551+4041149|4224.4|-0.032|-0.004|  5.382| 0.930|RGB     | 1.0371| 1.291| 0.044|29.370| 0.017| 1.613| 0.007| 7.18e-05| 0.008| 3.630| 0.433|                |  0|KCat|Sloan|Simbad|294.18962|+40.68747
294.4209167|+40.6088333| 5457518|19374102+4036318|4947.5|-0.047| 0.018|162.005|12.880|RGB     | 1.0193| 1.302| 0.031| 5.168| 0.011| 3.126| 0.007| 1.33e-02| 0.007| 3.612| 0.171|                |  0|KCat|Sloan|Simbad|294.42092|+40.60883
294.4926250|+40.6737778| 5457811|19375823+4040256|4378.2| 0.410| 0.025| 31.215| 3.578|RGB     | 1.0418| 1.193| 0.042|11.617| 0.016| 2.384| 0.007| 1.07e-03| 0.008| 3.867| 0.271|                |  1|KCat|Sloan|Simbad|294.49262|+40.67378
294.6086250|+40.6445278| 5458219|19382607+4038403|4283.6|-0.103| 0.086|  6.919| 1.259|RGB     | 1.0249| 0.877| 0.044|21.273| 0.017| 1.725| 0.007| 1.29e-04| 0.008| 4.213| 0.369|Ageold, SeisUnc |  0|KCat|Sloan|Simbad|294.60862|+40.64453
294.8890417|+40.6330000| 5459287|19393337+4037588|4956.8| 0.172|-0.002| 80.977| 6.786|RC      | 1.0051| 2.238| 0.056| 9.579| 0.013| 2.825| 0.008| 3.59e-03| 0.008| 3.026| 0.374|                |  0|KCat|Sloan|Simbad|294.88904|+40.63300
294.9465833|+40.6429722| 5459494|19394718+4038347|4829.7| 0.315|-0.006| 87.145| 6.941|RGB(S)  | 1.0081| 2.422| 0.037| 9.668| 0.013| 2.852| 0.007| 3.78e-03| 0.007| 2.835| 0.133|                |  0|KCat|Sloan|Simbad|294.94658|+40.64297
294.9655000|+40.6933333| 5459563|19395172+4041360|4328.5|-0.334| 0.247| 11.999| 1.898|RGB     | 1.0345| 0.866| 0.044|16.012| 0.017| 1.967| 0.007| 2.98e-04| 0.008| 4.168| 0.426|Ageold          |  0|KCat|Sloan|Simbad|294.96550|+40.69333
295.0422083|+40.6996944| 5459855|19401013+4041589|4871.6|-0.196| 0.022| 76.354| 7.007|RGB     | 1.0265| 1.479| 0.038| 8.052| 0.014| 2.796| 0.007| 3.99e-03| 0.007| 3.371| 0.083|                |  0|KCat|Sloan|Simbad|295.04221|+40.69969
295.2684167|+40.6130556| 5460741|19410442+4036470|4753.1| 0.188|-0.002| 41.974| 4.464|RGB(S)  | 1.0349| 1.391| 0.041|10.597| 0.015| 2.531| 0.007| 1.65e-03| 0.007| 3.589| 0.410|                |  0|KCat|Sloan|Simbad|295.26842|+40.61306
295.3664167|+40.6324444| 5461146|19412794+4037568|4817.3|-0.131| 0.025| 55.854| 5.616|RGB     | 1.0319| 1.350| 0.040| 9.022| 0.015| 2.658| 0.007| 2.59e-03| 0.007| 3.534| 0.526|                |  0|KCat|Sloan|Simbad|295.36642|+40.63244
295.4337083|+40.6961944| 5461447|19414409+4041463|4650.5|-0.082| 0.024| 21.982| 2.989|RC      | 1.0114| 1.054| 0.083|12.817| 0.026| 2.245| 0.010| 7.06e-04| 0.008| 3.732| 0.416|                |  0|KCat|Sloan|Simbad|295.43371|+40.69619
295.5346250|+40.6043611| 5461921|19420831+4036157|4699.6|-0.225| 0.180| 83.661| 8.123|RGB     | 1.0320| 0.999| 0.037| 6.379| 0.013| 2.828| 0.007| 5.43e-03| 0.007| 3.989| 0.300|                |  1|KCat|Sloan|Simbad|295.53462|+40.60436
295.7306250|+40.6433056| 5462797|19425535+4038359|4592.7|-0.250| 0.037| 11.844| 1.606|RGB     | 1.0289| 1.814| 0.044|22.978| 0.017| 1.974| 0.007| 2.11e-04| 0.008| 3.084| 0.608|                |  0|KCat|Sloan|Simbad|295.73062|+40.64331
296.8946667|+40.6628056| 5468123|19473472+4039461|4794.8|-0.025| 0.038| 95.182| 8.563|RGB     | 1.0274| 1.249| 0.036| 6.655| 0.013| 2.888| 0.007| 5.98e-03| 0.007| 3.675| 0.800|                |  0|KCat|Sloan|Simbad|296.89467|+40.66281
296.9003750|+40.6555000| 5468161|19473609+4039198|4832.3| 0.212| 0.008|109.326| 9.027|RGB     | 1.0239| 1.573| 0.035| 6.954| 0.012| 2.950| 0.007| 6.60e-03| 0.007| 3.397| 0.388|                |  0|KCat|Sloan|Simbad|296.90037|+40.65550
297.3567917|+40.6238333| 5470218|19492563+4037258|4920.6|-0.016| 0.019|168.133|13.593|RGB     | 1.0196| 1.162| 0.031| 4.799| 0.010| 3.141| 0.007| 1.48e-02| 0.006| 3.782| 0.349|                |  0|KCat|Sloan|Simbad|297.35679|+40.62383
297.5466667|+40.6639444| 5471005|19501120+4039502|4311.1| 0.105|-0.005|  8.053| 1.442|RGB     | 1.0046| 0.877| 0.044|19.689| 0.017| 1.793| 0.007| 1.62e-04| 0.008| 4.230| 1.291|Ageold          |  0|KCat|Sloan|Simbad|297.54667|+40.66394
297.6377917|+40.6582222| 5471396|19503307+4039296|4509.2|-0.064| 0.031| 16.121| 2.131|RGB     | 1.0385| 1.383| 0.043|17.278| 0.016| 2.104| 0.007| 3.78e-04| 0.008| 3.532| 0.565|                |  0|KCat|Sloan|Simbad|297.63779|+40.65822
297.9822083|+40.6683056| 5472717|19515573+4040059|4859.9| 0.068| 0.020| 96.631| 8.387|RGB     | 1.0257| 1.460| 0.036| 7.115| 0.013| 2.898| 0.007| 5.71e-03| 0.007| 3.476| 0.582|                |  0|KCat|Sloan|Simbad|297.98221|+40.66831
298.0323750|+40.6369722| 5472964|19520777+4038131|4802.1|-0.001| 0.029|142.237|12.182|RGB     | 1.0239| 1.034| 0.033| 4.952| 0.011| 3.063| 0.007| 1.20e-02| 0.007| 3.985| 0.749|                |  0|KCat|Sloan|Simbad|298.03237|+40.63697
298.0352917|+40.6897500| 5472976|19520847+4041231|4686.9| 0.390| 0.026| 85.016| 7.421|RGB     | 1.0287| 1.518| 0.037| 7.807| 0.013| 2.834| 0.007| 4.50e-03| 0.007| 3.490| 0.379|                |  0|KCat|Sloan|Simbad|298.03529|+40.68975
298.1667917|+40.6583611| 5473628|19524003+4039301|4974.6| 0.202|-0.021| 90.263| 7.536|RC(S)   | 0.9999| 2.093| 0.052| 8.765| 0.011| 2.873| 0.008| 4.38e-03| 0.008| 3.021| 0.856|                |  0|KCat|Sloan|Simbad|298.16679|+40.65836
298.2172083|+40.6940833| 5473840|19525213+4041387|4948.0| 0.304| 0.004| 91.798| 7.544|RC      | 0.9995| 2.177| 0.051| 8.876| 0.011| 2.879| 0.008| 4.39e-03| 0.008| 3.026| 0.519|                |  0|KCat|Sloan|Simbad|298.21721|+40.69408
298.3915000|+40.6436667| 5474712|19533396+4038372|4934.2|-0.333| 0.052| 31.003| 3.997|RC      | 0.9916| 1.094| 0.079|10.836| 0.024| 2.407| 0.010| 1.21e-03| 0.008| 3.635| 0.661|                |  0|KCat|Sloan|Simbad|298.39150|+40.64367
298.4880833|+40.6792500| 5475271|19535714+4040453|4340.9|-0.098| 0.034|  8.270| 1.283|RGB     | 1.0377| 1.348| 0.044|24.041| 0.017| 1.806| 0.007| 1.37e-04| 0.008| 3.545| 0.494|                |  0|KCat|Sloan|Simbad|298.48808|+40.67925
298.6170417|+40.6125556| 5475952|19542809+4036452|4676.2| 0.057|-0.012| 48.641| 4.974|RGB     | 1.0340| 1.375| 0.040| 9.829| 0.015| 2.591| 0.007| 2.04e-03| 0.007| 3.572| 0.349|                |  0|KCat|Sloan|Simbad|298.61704|+40.61256
298.6322917|+40.6414444| 5476034|19543175+4038292|4735.5| 0.100| 0.025| 32.653| 4.091|RC      | 1.0028| 1.047| 0.078|10.434| 0.023| 2.421| 0.010| 1.30e-03| 0.008| 3.771| 0.472|                |  0|KCat|Sloan|Simbad|298.63229|+40.64144
298.9755417|+40.6061111| 5477873|19555413+4036220|4690.8| 0.076|-0.022| 37.440| 3.874|RGB     | 1.0309| 1.732| 0.041|12.564| 0.015| 2.478| 0.007| 1.23e-03| 0.007| 3.222| 0.582|                |  0|KCat|Sloan|Simbad|298.97554|+40.60611
298.9929583|+40.6474722| 5477973|19555831+4038509|4768.6| 0.042| 0.035| 33.431| 4.143|RC      | 1.0021| 1.083| 0.078|10.468| 0.023| 2.433| 0.010| 1.33e-03| 0.008| 3.728| 0.612|                |  0|KCat|Sloan|Simbad|298.99296|+40.64747
299.0000417|+40.6844722| 5478010|19560001+4041041|4854.3|-0.150| 0.062| 35.399| 4.225|RC      | 0.9978| 1.242| 0.077|10.849| 0.023| 2.461| 0.010| 1.37e-03| 0.008| 3.541| 0.498|                |  0|KCat|Sloan|Simbad|299.00004|+40.68447
299.1704583|+40.6780278| 5478864|19564091+4040409|4823.9|-0.154| 0.052| 34.895| 4.119|RC      | 1.0024| 1.281| 0.077|11.113| 0.023| 2.454| 0.010| 1.32e-03| 0.008| 3.501| 0.510|                |  0|KCat|Sloan|Simbad|299.17046|+40.67803
299.2854583|+40.6194167| 5479483|19570851+4037099|4831.2| 0.207|-0.011| 94.295| 8.219|RGB     | 1.0268| 1.451| 0.037| 7.193| 0.013| 2.886| 0.007| 5.50e-03| 0.007| 3.524| 0.660|                |  0|KCat|Sloan|Simbad|299.28546|+40.61942
299.5611667|+40.6265833| 5480957|19581468+4037357|5061.1| 0.154|-0.032|103.770| 8.334|RC      | 0.9952| 2.223| 0.047| 8.388| 0.009| 2.938| 0.007| 5.31e-03| 0.008| 2.998| 0.609|                |  0|KCat|Sloan|Simbad|299.56117|+40.62658
283.2100417|+40.7724167| 5511566|18525041+4046207|5037.9|-0.793| 0.294| 28.616| 4.134|RC      | 0.9773| 0.822| 0.080| 9.724| 0.024| 2.377| 0.010| 1.26e-03| 0.008| 3.880| 0.158|                |  0|KCat|Sloan|Simbad|283.21004|+40.77242
283.8225417|+40.7633333| 5512777|18551741+4045480|4722.1|-0.156| 0.146| 30.785| 3.957|RC      | 0.9934| 1.037| 0.079|10.701| 0.024| 2.395| 0.010| 1.19e-03| 0.008| 3.736| 0.228|                |  1|KCat|Sloan|Simbad|283.82254|+40.76333
283.8788333|+40.7124167| 5512910|18553092+4042447|4942.6|-0.310| 0.159| 38.228| 4.370|RC      | 0.9897| 1.450| 0.075|11.230| 0.022| 2.499| 0.010| 1.44e-03| 0.008| 3.311| 0.384|                |  1|KCat|Sloan|Simbad|283.87883|+40.71242
284.4406250|+40.7147500| 5514024|18574575+4042531|4884.7|-0.226| 0.070|143.338|12.365|RGB     | 1.0222| 1.030| 0.033| 4.901| 0.011| 3.070| 0.007| 1.23e-02| 0.007| 3.905| 0.021|                |  0|KCat|Sloan|Simbad|284.44062|+40.71475
284.4687500|+40.7488333| 5514079|18575250+4044558|4746.5| 0.138|-0.012| 86.815| 7.817|RGB     | 1.0287| 1.338| 0.037| 7.230| 0.013| 2.846| 0.007| 4.99e-03| 0.007| 3.629| 0.317|                |  1|KCat|Sloan|Simbad|284.46875|+40.74883
284.9460000|+40.7577500| 5514974|18594704+4045279|4742.6| 0.049| 0.043| 32.448| 4.097|RC      | 1.0037| 1.020| 0.078|10.329| 0.023| 2.419| 0.010| 1.31e-03| 0.008| 3.788| 0.322|                |  1|KCat|Sloan|Simbad|284.94600|+40.75775
285.1444583|+40.7553333| 5515314|19003467+4045192|4764.3| 0.389| 0.009|135.002|10.832|RGB     | 1.0239| 1.398| 0.033| 5.921| 0.012| 3.039| 0.007| 9.50e-03| 0.007| 3.616| 0.100|                |  1|KCat|Sloan|Simbad|285.14446|+40.75533
285.3843333|+40.7306389| 5515794|19013224+4043503|4911.1| 0.062| 0.005| 52.855| 5.136|RC      | 1.0044| 1.876| 0.069|10.879| 0.019| 2.638| 0.009| 2.06e-03| 0.008| 3.143| 0.300|                |  1|KCat|Sloan|Simbad|285.38433|+40.73064
285.4359583|+40.7770278| 5515939|19014463+4046373|4935.2|-0.371| 0.196| 29.621| 4.117|RC      | 0.9898| 0.854| 0.079| 9.794| 0.024| 2.388| 0.010| 1.28e-03| 0.008| 3.890| 0.242|                |  1|KCat|Sloan|Simbad|285.43596|+40.77703
285.9829167|+40.7494167| 5517118|19035590+4044579|4693.0| 0.222| 0.000| 32.219| 3.874|RC      | 1.0096| 1.202| 0.078|11.280| 0.023| 2.413| 0.010| 1.18e-03| 0.008| 3.659| 0.298|                |  1|KCat|Sloan|Simbad|285.98292|+40.74942
286.0652083|+40.7838611| 5517310|19041565+4047019|4599.9|-0.247| 0.051| 20.208| 2.595|RGB     | 1.0385| 1.276| 0.043|14.748| 0.016| 2.206| 0.007| 5.61e-04| 0.008| 3.587| 0.234|                |  1|KCat|Sloan|Simbad|286.06521|+40.78386
286.1290000|+40.7910556| 5517442|19043096+4047278|4888.3|-0.090| 0.070| 35.958| 4.001|RC      | 1.0054| 1.587| 0.076|12.147| 0.023| 2.470| 0.010| 1.25e-03| 0.008| 3.261| 0.218|                |  1|KCat|Sloan|Simbad|286.12900|+40.79106
287.7266667|+40.7983056| 5521210|19105440+4047539|4509.3|-0.021| 0.014| 23.089| 2.848|RGB     | 1.0393| 1.269| 0.043|13.831| 0.016| 2.260| 0.007| 6.76e-04| 0.008| 3.657| 0.100|                |  0|KCat|Sloan|Simbad|287.72667|+40.79831
287.9240833|+40.7203889| 5521718|19114178+4043134|4605.7|-0.174| 0.189| 56.625| 5.952|RGB     | 1.0372| 1.021| 0.040| 7.881| 0.015| 2.654| 0.007| 2.94e-03| 0.007| 3.954| 0.071|                |  0|KCat|Sloan|Simbad|287.92408|+40.72039
288.0608750|+40.7644167| 5522071|19121461+4045519|4869.1| 0.039|-0.009|114.706| 9.713|RGB     | 1.0240| 1.370| 0.035| 6.324| 0.012| 2.973| 0.007| 7.64e-03| 0.007| 3.569| 0.075|                |  0|KCat|Sloan|Simbad|288.06087|+40.76442
288.2311667|+40.7491111| 5522479|19125548+4044568|4926.1|-0.134| 0.033| 57.942| 5.447|RGB     | 1.0247| 1.812| 0.040|10.203| 0.015| 2.679| 0.007| 2.40e-03| 0.007| 3.103| 0.239|                |  0|KCat|Sloan|Simbad|288.23117|+40.74911
288.2660417|+40.7665556| 5522575|19130385+4045596|4943.2|-0.378| 0.088|115.086| 9.873|RGB     | 1.0216| 1.338| 0.035| 6.217| 0.012| 2.977| 0.007| 7.85e-03| 0.007| 3.480| 0.071|                |  0|KCat|Sloan|Simbad|288.26604|+40.76656
288.3082083|+40.7628611| 5522686|19131397+4045463|4574.9| 0.050| 0.172| 61.131| 6.204|RGB     | 1.0365| 1.081| 0.039| 7.815| 0.014| 2.686| 0.007| 3.19e-03| 0.007| 3.947| 0.518|                |  0|KCat|Sloan|Simbad|288.30821|+40.76286
288.3589583|+40.7991944| 5522822|19132615+4047571|4904.7|-0.490| 0.241| 25.008| 3.533|RC      | 1.0068| 0.878| 0.082|10.822| 0.025| 2.313| 0.010| 9.77e-04| 0.008| 3.844| 0.150|                |  0|KCat|Sloan|Simbad|288.35896|+40.79919
288.8377083|+40.7875833| 5524119|19152105+4047153|4971.1| 0.082| 0.029| 43.238| 4.177|RC      | 1.0114| 2.325| 0.073|13.350| 0.021| 2.553| 0.009| 1.38e-03| 0.008| 2.879| 0.240|                |  0|KCat|Sloan|Simbad|288.83771|+40.78758
288.8719583|+40.7670556| 5524229|19152927+4046014|4940.0|-0.308| 0.058|151.491|12.781|RGB     | 1.0201| 1.092| 0.032| 4.896| 0.011| 3.097| 0.007| 1.31e-02| 0.007| 3.793| 0.032|                |  0|KCat|Sloan|Simbad|288.87196|+40.76706
289.0370417|+40.7399167| 5524720|19160889+4044237|4379.6| 0.213| 0.007| 20.407| 2.577|RGB     | 1.0421| 1.238| 0.043|14.633| 0.016| 2.200| 0.007| 5.57e-04| 0.008| 3.771| 0.235|                |  0|KCat|Sloan|Simbad|289.03704|+40.73992
289.2623333|+40.7186111| 5525400|19170296+4043070|4775.2|-0.146| 0.036| 44.732| 4.685|RGB     | 1.0334| 1.405| 0.041|10.307| 0.015| 2.560| 0.007| 1.81e-03| 0.007| 3.475| 0.199|                |  0|KCat|Sloan|Simbad|289.26233|+40.71861
289.2950417|+40.7167222| 5525484|19171081+4043002|4818.8| 0.152|-0.032|116.845| 9.877|RGB     | 1.0246| 1.330| 0.035| 6.191| 0.012| 2.978| 0.007| 7.91e-03| 0.007| 3.640| 0.242|                |  0|KCat|Sloan|Simbad|289.29504|+40.71672
289.3208333|+40.7168333| 5525572|19171700+4043006|4944.7|-0.483| 0.182| 30.334| 4.210|RC      | 0.9870| 0.851| 0.079| 9.657| 0.024| 2.398| 0.010| 1.33e-03| 0.008| 3.879| 0.150|                |  0|KCat|Sloan|Simbad|289.32083|+40.71683
289.3753750|+40.7847778| 5525753|19173009+4047052|4816.0|-0.071|-0.005| 32.370| 4.040|RC      | 0.9995| 1.115| 0.078|10.767| 0.023| 2.421| 0.010| 1.26e-03| 0.008| 3.681| 0.238|                |  0|KCat|Sloan|Simbad|289.37537|+40.78478
289.4810833|+40.7903889| 5526083|19175546+4047254|4895.7|-0.115| 0.030| 40.751| 4.546|RC      | 1.0013| 1.412| 0.074|10.757| 0.021| 2.524| 0.010| 1.60e-03| 0.008| 3.388| 0.177|                |  0|KCat|Sloan|Simbad|289.48108|+40.79039
289.4958750|+40.7699167| 5526130|19175901+4046117|4985.7|-0.843| 0.276| 23.282| 3.567|RGB(S)  | 0.9934| 0.736| 0.043|10.231| 0.016| 2.285| 0.007| 9.69e-04| 0.008| 4.234| 0.135|Ageold          |  0|KCat|Sloan|Simbad|289.49587|+40.76992
290.2686667|+40.7346389| 5528757|19210448+4044047|4296.5|-0.241| 0.039|  4.487| 0.778|RGB     | 1.0261| 1.634| 0.044|36.032| 0.017| 1.538| 0.007| 4.92e-05| 0.008| 3.227| 0.169|                |  0|KCat|Sloan|Simbad|290.26867|+40.73464
290.8428750|+40.7933611| 5530664|19232229+4047361|4673.1|-0.118| 0.046| 49.552| 5.367|RGB     | 1.0375| 1.057| 0.040| 8.540| 0.015| 2.599| 0.007| 2.39e-03| 0.007| 3.902| 0.132|                |  0|KCat|Sloan|Simbad|290.84287|+40.79336
290.9537500|+40.7471389| 5530982|19234890+4044497|4720.7|-0.255| 0.072| 42.835| 4.843|RGB     | 1.0381| 1.043| 0.041| 9.102| 0.015| 2.538| 0.007| 1.95e-03| 0.007| 3.888| 0.220|                |  0|KCat|Sloan|Simbad|290.95375|+40.74714
291.0528333|+40.7024444| 5531278|19241268+4042088|4523.0| 0.279| 0.034| 29.796| 3.637|RC      | 1.0117| 1.147| 0.079|11.566| 0.024| 2.371| 0.010| 1.05e-03| 0.008| 3.721| 0.175|                |  0|KCat|Sloan|Simbad|291.05283|+40.70244
292.0442500|+40.7609167| 5534253|19281062+4045393|4786.4|-0.012| 0.008| 37.069| 4.288|RC      | 1.0003| 1.303| 0.076|10.898| 0.022| 2.478| 0.010| 1.42e-03| 0.008| 3.507| 0.236|                |  0|KCat|Sloan|Simbad|292.04425|+40.76092
292.0686250|+40.7975833| 5534335|19281647+4047513|4726.1|-0.107| 0.014| 45.443| 4.847|RGB     | 1.0351| 1.258| 0.041| 9.702| 0.015| 2.564| 0.007| 1.94e-03| 0.007| 3.639| 0.192|                |  0|KCat|Sloan|Simbad|292.06862|+40.79758
292.2422500|+40.7686944| 5534910|19285814+4046073|4949.6| 0.279|-0.007|110.067| 8.143|RC      | 1.0012| 2.748| 0.047| 9.107| 0.009| 2.958| 0.007| 5.13e-03| 0.008| 2.752| 0.092|                |  0|KCat|Sloan|Simbad|292.24225|+40.76869
292.2627917|+40.7599444| 5534973|19290307+4045358|4678.1| 0.316|-0.046| 65.001| 6.002|RGB     | 1.0306| 1.569| 0.039| 9.082| 0.014| 2.717| 0.007| 2.95e-03| 0.007| 3.426| 0.201|                |  0|KCat|Sloan|Simbad|292.26279|+40.75994
292.2791667|+40.7440000| 5535029|19290700+4044384|4467.3|-0.171| 0.048| 14.094| 2.042|RGB     | 1.0446| 1.056| 0.043|16.186| 0.016| 2.043| 0.007| 3.51e-04| 0.008| 3.901| 0.269|                |  0|KCat|Sloan|Simbad|292.27917|+40.74400
294.1137500|+40.7045278| 5541499|19362730+4042163|4370.3|-0.027| 0.031| 14.908| 2.097|RGB     | 1.0448| 1.085| 0.043|16.042| 0.016| 2.063| 0.007| 3.71e-04| 0.008| 3.892| 0.319|                |  0|KCat|Sloan|Simbad|294.11375|+40.70453
294.3048333|+40.7962778| 5542222|19371316+4047466|4628.7| 0.214| 0.004| 47.822| 4.809|RGB     | 1.0335| 1.476| 0.041|10.295| 0.015| 2.582| 0.007| 1.91e-03| 0.007| 3.506| 0.360|                |  0|KCat|Sloan|Simbad|294.30483|+40.79628
294.5914167|+40.7403333| 5543289|19382194+4044252|4813.5|-0.386| 0.076| 54.449| 5.837|RGB     | 1.0356| 1.055| 0.040| 8.080| 0.015| 2.647| 0.007| 2.82e-03| 0.007| 3.837| 0.343|                |  0|KCat|Sloan|Simbad|294.59142|+40.74033
294.8957500|+40.7515556| 5544444|19393498+4045056|4750.0| 0.298| 0.019| 90.974| 7.909|RGB     | 1.0276| 1.477| 0.037| 7.420| 0.013| 2.867| 0.007| 5.10e-03| 0.007| 3.519| 0.468|                |  0|KCat|Sloan|Simbad|294.89575|+40.75156
294.8968333|+40.7605000| 5544447|19393524+4045378|4638.6| 0.056| 0.050| 58.087| 5.905|RGB     | 1.0359| 1.156| 0.040| 8.263| 0.015| 2.667| 0.007| 2.89e-03| 0.007| 3.834| 0.368|                |  0|KCat|Sloan|Simbad|294.89683|+40.76050
294.9366667|+40.7384444| 5544606|19394480+4044184|4731.3| 0.123| 0.007| 64.184| 6.192|RGB     | 1.0323| 1.348| 0.039| 8.446| 0.014| 2.714| 0.007| 3.16e-03| 0.007| 3.615| 0.232|                |  0|KCat|Sloan|Simbad|294.93667|+40.73844
294.9813750|+40.7146944| 5544763|19395553+4042529|4895.8| 0.216|-0.017| 71.834| 6.248|RC      | 0.9999| 2.179| 0.060|10.066| 0.014| 2.771| 0.008| 3.01e-03| 0.008| 3.053| 0.268|                |  0|KCat|Sloan|Simbad|294.98137|+40.71469
295.1216250|+40.7253889| 5545303|19402919+4043314|4837.4| 0.090| 0.020| 41.351| 4.542|RC      | 0.9982| 1.472| 0.074|10.938| 0.021| 2.528| 0.010| 1.59e-03| 0.008| 3.383| 0.515|                |  1|KCat|Sloan|Simbad|295.12162|+40.72539
295.1300833|+40.7746111| 5545340|19403122+4046286|4802.3| 0.076|-0.010| 41.343| 4.472|RC      | 0.9938| 1.576| 0.074|11.339| 0.021| 2.527| 0.010| 1.52e-03| 0.008| 3.306| 0.098|                |  0|KCat|Sloan|Simbad|295.13008|+40.77461
295.2341667|+40.7761111| 5545719|19405620+4046340|4864.2| 0.129| 0.010|111.827| 9.287|RGB     | 1.0236| 1.519| 0.035| 6.746| 0.012| 2.961| 0.007| 6.98e-03| 0.007| 3.429| 0.582|                |  0|KCat|Sloan|Simbad|295.23417|+40.77611
295.3410833|+40.7496111| 5546141|19412186+4044586|4663.8| 0.202| 0.010| 80.706| 7.470|RGB     | 1.0315| 1.241| 0.038| 7.255| 0.014| 2.811| 0.007| 4.58e-03| 0.007| 3.763| 0.131|                |  0|KCat|Sloan|Simbad|295.34108|+40.74961
295.4773750|+40.7518611| 5546749|19415457+4045067|4715.6| 0.269| 0.008| 37.841| 4.001|RC(S)   | 1.0157| 1.682| 0.076|12.300| 0.022| 2.484| 0.010| 1.28e-03| 0.008| 3.283| 0.298|                |  0|KCat|Sloan|Simbad|295.47737|+40.75186
295.5471667|+40.7536111| 5547077|19421132+4045130|4864.2| 0.073| 0.002| 53.332| 5.067|RC      | 1.0150| 1.924| 0.068|10.993| 0.019| 2.640| 0.009| 2.04e-03| 0.008| 3.120| 0.273|                |  0|KCat|Sloan|Simbad|295.54717|+40.75361
296.4886667|+40.7633056| 5551189|19455728+4045479|4941.1| 0.100|-0.023| 64.500| 5.885|RC(S)   | 1.0000| 2.032| 0.063|10.233| 0.016| 2.726| 0.009| 2.67e-03| 0.008| 3.082| 0.618|                |  0|KCat|Sloan|Simbad|296.48867|+40.76331
296.7182500|+40.7057500| 5552283|19465238+4042207|4840.0| 0.300| 0.000|128.097|10.311|RGB     | 1.0229| 1.495| 0.034| 6.262| 0.012| 3.019| 0.007| 8.59e-03| 0.007| 3.496| 0.382|                |  0|KCat|Sloan|Simbad|296.71825|+40.70575
296.8694583|+40.7246944| 5553045|19472867+4043289|4708.9| 0.104| 0.019| 32.694| 4.122|RC      | 1.0019| 1.015| 0.078|10.282| 0.023| 2.420| 0.010| 1.32e-03| 0.008| 3.803| 0.584|                |  0|KCat|Sloan|Simbad|296.86946|+40.72469
296.9193750|+40.7031389| 5553307|19474065+4042113|4841.2| 0.083|-0.010|       |      |REJECT  |       |      |      |      |      |      |      |         |      |      |      |No Seis         |  0|KCat|Sloan|Simbad|296.91937|+40.70314
297.0518333|+40.7760556| 5553963|19481244+4046338|4223.3| 0.141| 0.006|  7.601| 1.152|RGB     | 1.0354| 1.557| 0.044|27.136| 0.017| 1.763| 0.007| 1.10e-04| 0.008| 3.407| 0.990|                |  0|KCat|Sloan|Simbad|297.05183|+40.77606
297.6092500|+40.7260000| 5556683|19502622+4043336|4965.1|-0.447| 0.078| 30.489| 4.087|RC      | 0.9942| 0.951| 0.079|10.171| 0.024| 2.401| 0.010| 1.28e-03| 0.008| 3.771| 0.764|                |  0|KCat|Sloan|Simbad|297.60925|+40.72600
297.6227917|+40.7193611| 5556743|19502947+4043097|5105.3|-0.238| 0.041|126.572| 9.976|RGB     | 1.0139| 1.847| 0.034| 6.909| 0.012| 3.026| 0.007| 7.90e-03| 0.007| 3.045| 0.748|                |  0|KCat|Sloan|Simbad|297.62279|+40.71936
297.6246667|+40.7328333| 5556764|19502992+4043582|4927.6| 0.095|-0.023| 51.926| 5.053|RC(S)   | 1.0056| 1.900| 0.069|11.037| 0.019| 2.631| 0.009| 1.99e-03| 0.008| 3.139| 0.855|                |  0|KCat|Sloan|Simbad|297.62467|+40.73283
297.8257500|+40.7380556| 5557807|19511818+4044170|4934.3|-0.060| 0.002| 49.504| 4.754|RC      | 1.0027| 2.129| 0.070|11.962| 0.019| 2.611| 0.009| 1.75e-03| 0.008| 3.022| 0.301|                |  0|KCat|Sloan|Simbad|297.82575|+40.73806
297.8259167|+40.7628611| 5557808|19511822+4045463|4818.2|-0.098| 0.018| 37.601| 4.321|RC      | 0.9950| 1.361| 0.076|11.037| 0.022| 2.486| 0.010| 1.43e-03| 0.008| 3.433| 0.447|                |  0|KCat|Sloan|Simbad|297.82592|+40.76286
297.8896667|+40.7600278| 5558110|19513352+4045361|5084.5| 0.033|-0.071| 80.376| 6.931|RC      | 1.0000| 2.133| 0.056| 9.326| 0.013| 2.828| 0.008| 3.71e-03| 0.008| 3.032| 0.548|                |  0|KCat|Sloan|Simbad|297.88967|+40.76003
297.9737917|+40.7855833| 5558488|19515371+4047081|4859.8|-0.121| 0.039| 34.860| 4.193|RC      | 0.9990| 1.219| 0.077|10.828| 0.023| 2.455| 0.010| 1.35e-03| 0.008| 3.562| 0.371|                |  0|KCat|Sloan|Simbad|297.97379|+40.78558
298.5295417|+40.7816389| 5560983|19540709+4046539|4497.4| 0.144| 0.024| 24.581| 3.027|RGB     | 1.0418| 1.185| 0.043|12.960| 0.016| 2.286| 0.007| 7.68e-04| 0.008| 3.821| 0.465|                |  0|KCat|Sloan|Simbad|298.52954|+40.78164
298.8920000|+40.7316111| 5562913|19553408+4043538|4995.3|-0.038| 0.161| 56.204| 5.230|RC      | 1.0027| 2.166| 0.067|11.289| 0.018| 2.668| 0.009| 2.12e-03| 0.008| 3.014| 0.657|                |  0|KCat|Sloan|Simbad|298.89200|+40.73161
298.9232917|+40.7886667| 5563078|19554159+4047192|4579.0| 0.459| 0.033| 36.189| 4.005|RGB(S)  | 1.0394| 1.279| 0.042|11.048| 0.015| 2.458| 0.007| 1.34e-03| 0.007| 3.768| 0.692|                |  0|KCat|Sloan|Simbad|298.92329|+40.78867
299.0815000|+40.7408056| 5563915|19561956+4044269|4927.9| 0.228| 0.000| 54.827| 4.833|RC      | 1.0050| 2.679| 0.068|12.754| 0.018| 2.655| 0.009| 1.82e-03| 0.008| 2.769| 0.513|                |  0|KCat|Sloan|Simbad|299.08150|+40.74081
299.2678333|+40.7201667| 5564915|19570428+4043126|4817.5|-0.047| 0.009| 82.068| 7.488|RGB     | 1.0280| 1.376| 0.038| 7.514| 0.014| 2.825| 0.007| 4.58e-03| 0.007| 3.534| 0.491|                |  0|KCat|Sloan|Simbad|299.26783|+40.72017
299.2688333|+40.7365833| 5564922|19570452+4044117|4871.3| 0.241| 0.002|148.768|11.517|RGB     | 1.0204| 1.534| 0.032| 5.876| 0.011| 3.086| 0.007| 1.07e-02| 0.007| 3.439| 0.580|                |  0|KCat|Sloan|Simbad|299.26883|+40.73658
299.2969583|+40.7455556| 5565067|19571127+4044440|4864.1|-0.295| 0.067|120.995|10.795|RGB     | 1.0242| 1.051| 0.034| 5.395| 0.012| 2.996| 0.007| 9.44e-03| 0.007| 3.875| 0.299|                |  0|KCat|Sloan|Simbad|299.29696|+40.74556
299.4108333|+40.7693889| 5565654|19573860+4046098|4843.2| 0.105|-0.017| 91.405| 7.888|RGB     | 1.0254| 1.572| 0.037| 7.599| 0.013| 2.873| 0.007| 5.05e-03| 0.007| 3.372| 0.567|                |  0|KCat|Sloan|Simbad|299.41083|+40.76939
299.4809167|+40.7565556| 5566037|19575542+4045236|4704.1| 0.056| 0.023| 31.502| 3.927|RC      | 0.9994| 1.111| 0.079|10.962| 0.024| 2.404| 0.010| 1.19e-03| 0.008| 3.707| 0.383|                |  0|KCat|Sloan|Simbad|299.48092|+40.75656
299.4883750|+40.7906111| 5566078|19575721+4047262|4279.0| 0.284| 0.008| 10.171| 1.420|RGB     | 1.0361| 1.645| 0.044|24.034| 0.017| 1.892| 0.007| 1.67e-04| 0.008| 3.357| 0.631|                |  0|KCat|Sloan|Simbad|299.48837|+40.79061
299.5012083|+40.7008333| 5566146|19580029+4042030|4876.4|-0.005|-0.004| 75.821| 6.771|RGB     | 1.0250| 1.673| 0.038| 8.592| 0.014| 2.793| 0.007| 3.72e-03| 0.007| 3.239| 0.581|                |  0|KCat|Sloan|Simbad|299.50121|+40.70083
299.5277917|+40.7378333| 5566273|19580667+4044162|4849.7| 0.004|-0.006| 39.947| 4.311|RC      | 1.0011| 1.623| 0.075|11.677| 0.022| 2.514| 0.010| 1.44e-03| 0.008| 3.256| 0.472|                |  0|KCat|Sloan|Simbad|299.52779|+40.73783
299.5967083|+40.7159722| 5566644|19582321+4042575|4730.4| 0.146| 0.003| 53.403| 5.171|RGB     | 1.0311| 1.603| 0.040|10.098| 0.015| 2.634| 0.007| 2.19e-03| 0.007| 3.358| 0.619|                |  0|KCat|Sloan|Simbad|299.59671|+40.71597
299.6011667|+40.7498889| 5566669|19582428+4044596|4732.8| 0.263|-0.022| 55.632| 5.312|RGB     | 1.0309| 1.629| 0.040| 9.974| 0.015| 2.652| 0.007| 2.31e-03| 0.007| 3.359| 0.694|                |  0|KCat|Sloan|Simbad|299.60117|+40.74989
282.6780833|+40.8839722| 5596344|18504274+4053023|4886.3|-0.222| 0.074| 33.719| 4.007|RC      | 0.9977| 1.340| 0.077|11.526| 0.023| 2.442| 0.010| 1.23e-03| 0.008| 3.429| 0.279|                |  1|KCat|Sloan|Simbad|282.67808|+40.88397
283.1503750|+40.8691944| 5597397|18523609+4052091|4621.9|-0.275| 0.183| 45.208| 5.069|RGB     | 1.0388| 0.987| 0.041| 8.664| 0.015| 2.557| 0.007| 2.14e-03| 0.007| 3.974| 0.228|                |  1|KCat|Sloan|Simbad|283.15037|+40.86919
283.4376667|+40.8648333| 5597965|18534504+4051534|4795.7|-0.096| 0.018| 55.078| 5.559|RGB     | 1.0326| 1.336| 0.040| 9.048| 0.015| 2.651| 0.007| 2.54e-03| 0.007| 3.553| 0.242|                |  1|KCat|Sloan|Simbad|283.43767|+40.86483
283.7800000|+40.8187500| 5598645|18550720+4049075|5028.4|-0.183| 0.052|       |      |REJECT  |       |      |      |      |      |      |      |         |      |      |      |No Seis         |  0|KCat|Sloan|Simbad|283.78000|+40.81875
283.8457917|+40.8699722| 5598789|18552299+4052119|4914.1| 0.053|-0.030| 56.753| 5.454|RC(S)   | 1.0000| 1.861| 0.067|10.455| 0.018| 2.669| 0.009| 2.30e-03| 0.008| 3.148| 0.301|                |  1|KCat|Sloan|Simbad|283.84579|+40.86997
284.3441250|+40.8879722| 5599763|18572259+4053167|4594.4| 0.285| 0.002| 31.146| 3.794|RC      | 1.0074| 1.153| 0.079|11.296| 0.024| 2.394| 0.010| 1.13e-03| 0.008| 3.718| 0.302|                |  1|KCat|Sloan|Simbad|284.34412|+40.88797
284.8488750|+40.8161667| 5600739|18592373+4048582|4854.8| 0.163| 0.009|187.232|14.386|RGB     | 1.0187| 1.258| 0.029| 4.748| 0.010| 3.185| 0.007| 1.66e-02| 0.006| 3.724| 0.422|                |  1|KCat|Sloan|Simbad|284.84887|+40.81617
285.3691667|+40.8367778| 5601827|19012860+4050124|4813.2|-0.015| 0.026| 78.821| 7.253|RGB     | 1.0284| 1.381| 0.038| 7.683| 0.014| 2.807| 0.007| 4.30e-03| 0.007| 3.529| 0.269|                |  1|KCat|Sloan|Simbad|285.36917|+40.83678
285.4869583|+40.8066944| 5602062|19015687+4048241|4773.2|-0.054| 0.103|107.693| 9.783|RGB     | 1.0279| 1.053| 0.035| 5.751| 0.013| 2.941| 0.007| 7.81e-03| 0.007| 3.939| 0.229|                |  1|KCat|Sloan|Simbad|285.48696|+40.80669
285.7035417|+40.8344167| 5602545|19024885+4050039|4897.4|-0.206| 0.041| 36.407| 4.218|RC      | 0.9934| 1.403| 0.076|11.344| 0.022| 2.476| 0.010| 1.36e-03| 0.008| 3.376| 0.274|                |  1|KCat|Sloan|Simbad|285.70354|+40.83442
285.7727500|+40.8312222| 5602690|19030546+4049524|4615.2|-0.576| 0.230| 30.991| 3.880|RGB     | 1.0412| 0.916| 0.042|10.086| 0.016| 2.393| 0.007| 1.26e-03| 0.008| 3.986| 0.117|                |  1|KCat|Sloan|Simbad|285.77275|+40.83122
288.7530833|+40.8204444| 5610200|19150074+4049136|4961.2| 0.153|-0.032| 95.413|11.646|RGB(S)  |       |      |      |      |      | 2.897| 0.007|         |      |      | 0.198|No Fdnu         |  0|KCat|Sloan|Simbad|288.75308|+40.82044
288.7583333|+40.8662222| 5610212|19150200+4051584|4792.5| 0.012| 0.017| 93.190| 8.517|RGB     | 1.0288| 1.191| 0.037| 6.567| 0.013| 2.879| 0.007| 5.93e-03| 0.007| 3.776| 0.153|                |  0|KCat|Sloan|Simbad|288.75833|+40.86622
289.0801250|+40.8953889| 5611192|19161923+4053434|5111.4| 0.060|-0.002| 99.650| 7.950|RC      | 0.9938| 2.427| 0.048| 8.922| 0.010| 2.922| 0.007| 4.82e-03| 0.008| 2.856| 0.281|                |  0|KCat|Sloan|Simbad|289.08012|+40.89539
289.2707083|+40.8579167| 5611769|19170497+4051285|4675.8|-0.022| 0.037| 45.167| 4.684|RGB     | 1.0337| 1.401| 0.041|10.296| 0.015| 2.559| 0.007| 1.81e-03| 0.007| 3.514| 0.233|                |  0|KCat|Sloan|Simbad|289.27071|+40.85792
289.5343333|+40.8546389| 5612549|19180824+4051167|4868.6|-0.301| 0.053| 27.451| 3.667|RC      | 1.0046| 0.997| 0.080|11.032| 0.025| 2.352| 0.010| 1.05e-03| 0.008| 3.733| 0.096|                |  0|KCat|Sloan|Simbad|289.53433|+40.85464
289.6965417|+40.8694167| 5613099|19184717+4052099|4745.8| 0.366| 0.009|177.626|13.924|RGB     | 1.0212| 1.172| 0.030| 4.730| 0.010| 3.157| 0.007| 1.56e-02| 0.006| 3.882| 0.281|                |  0|KCat|Sloan|Simbad|289.69654|+40.86942
289.7448750|+40.8066111| 5613241|19185877+4048238|4691.8| 0.081| 0.004| 68.244| 6.647|RGB     | 1.0335| 1.199| 0.039| 7.741| 0.014| 2.739| 0.007| 3.64e-03| 0.007| 3.778| 0.233|                |  0|KCat|Sloan|Simbad|289.74487|+40.80661
290.3821667|+40.8776389| 5615439|19213172+4052395|4644.6|-0.205| 0.064| 15.368| 2.322|RGB     | 1.0369| 0.894| 0.043|14.120| 0.016| 2.089| 0.007| 4.48e-04| 0.008| 4.157| 0.149|Ageold          |  0|KCat|Sloan|Simbad|290.38217|+40.87764
290.6460833|+40.8563056| 5616250|19223506+4051227|4030.7|-0.082| 0.092|  3.961| 0.773|RGB     | 1.0394| 0.997| 0.044|30.435| 0.017| 1.470| 0.007| 4.98e-05| 0.008| 4.014| 0.202|                |  0|KCat|Sloan|Simbad|290.64608|+40.85631
290.7286250|+40.8665000| 5616489|19225487+4051594|4797.3|-0.342| 0.256| 28.302| 3.854|RC      | 0.9951| 0.910| 0.080|10.417| 0.024| 2.362| 0.010| 1.14e-03| 0.008| 3.830| 0.165|                |  0|KCat|Sloan|Simbad|290.72862|+40.86650
290.8322917|+40.8890556| 5616851|19231975+4053206|4857.2|-0.061| 0.022| 67.807| 6.226|AMB     | 1.0113| 1.759| 0.095| 9.322| 0.062| 2.744| 0.008| 3.06e-03| 0.010| 3.178| 0.132|                |  0|KCat|Sloan|Simbad|290.83229|+40.88906
290.9805000|+40.8237778| 5617324|19235532+4049256|4924.4|-0.033|-0.014|164.782|12.550|RGB     | 1.0180| 1.517| 0.031| 5.537| 0.011| 3.132| 0.007| 1.26e-02| 0.007| 3.377| 0.147|                |  0|KCat|Sloan|Simbad|290.98050|+40.82378
292.0042500|+40.8371667| 5620596|19280102+4050138|4931.2|-0.178| 0.011| 39.863| 4.340|RC      | 1.0001| 1.616| 0.075|11.615| 0.022| 2.516| 0.010| 1.46e-03| 0.008| 3.233| 0.194|                |  0|KCat|Sloan|Simbad|292.00425|+40.83717
292.0160000|+40.8655000| 5620636|19280384+4051558|4753.2| 0.356| 0.001|155.857|12.299|RGB     | 1.0224| 1.297| 0.032| 5.312| 0.011| 3.101| 0.007| 1.22e-02| 0.007| 3.726| 0.236|                |  0|KCat|Sloan|Simbad|292.01600|+40.86550
292.0221667|+40.8261667| 5620654|19280532+4049342|4092.1| 0.093| 0.087|  6.587| 1.144|RGB     | 1.0492| 0.942| 0.044|22.858| 0.017| 1.694| 0.007| 1.11e-04| 0.008| 4.157| 0.242|Ageold, SeisUnc |  0|KCat|Sloan|Simbad|292.02217|+40.82617
292.0290000|+40.8249722| 5620671|19280696+4049299|4185.9|-0.111| 0.123|  4.338| 0.827|RGB     | 1.0416| 1.049| 0.044|29.557| 0.017| 1.518| 0.007| 5.73e-05| 0.008| 3.936| 0.378|SeisUnc         |  0|KCat|Sloan|Simbad|292.02900|+40.82497
292.0441667|+40.8135556| 5620720|19281060+4048488|4935.8|-0.003|-0.007| 55.660| 5.336|RC(S)   | 1.0030| 1.905| 0.067|10.669| 0.018| 2.662| 0.009| 2.21e-03| 0.008| 3.108| 0.218|                |  0|KCat|Sloan|Simbad|292.04417|+40.81356
292.4705000|+40.8846111| 5622103|19295292+4053046|4817.8|-0.368| 0.236| 27.936| 3.814|RC      | 0.9962| 0.915| 0.080|10.500| 0.024| 2.357| 0.010| 1.11e-03| 0.008| 3.824| 0.230|                |  0|KCat|Sloan|Simbad|292.47050|+40.88461
292.6626667|+40.8551111| 5622780|19303904+4051184|4594.6| 0.244| 0.017| 55.518| 5.621|RGB     | 1.0359| 1.212| 0.040| 8.676| 0.015| 2.645| 0.007| 2.62e-03| 0.007| 3.813| 0.315|                |  0|KCat|Sloan|Simbad|292.66267|+40.85511
292.7558750|+40.8017778| 5623097|19310141+4048064|4840.8| 0.335| 0.004|244.593|17.292|RGB     | 1.0170| 1.347| 0.028| 4.301| 0.009| 3.300| 0.007| 2.39e-02| 0.006| 3.658| 0.102|                |  0|KCat|Sloan|Simbad|292.75587|+40.80178
292.8481667|+40.8489722| 5623391|19312356+4050563|5021.4|-0.142| 0.032|134.666|10.783|RGB     | 1.0191| 1.558| 0.033| 6.176| 0.012| 3.049| 0.007| 9.32e-03| 0.007| 3.310| 0.006|                |  0|KCat|Sloan|Simbad|292.84817|+40.84897
292.8644583|+40.8356111| 5623444|19312747+4050082|4750.3| 0.006| 0.126|132.275|11.419|RGB     | 1.0250| 1.055| 0.033| 5.201| 0.012| 3.029| 0.007| 1.06e-02| 0.007| 3.970| 0.244|                |  0|KCat|Sloan|Simbad|292.86446|+40.83561
292.8988750|+40.8480278| 5623569|19313573+4050529|4659.3| 0.024| 0.133| 30.158| 3.886|RC      | 1.0010| 0.996| 0.079|10.634| 0.024| 2.383| 0.010| 1.17e-03| 0.008| 3.820| 0.347|                |  0|KCat|Sloan|Simbad|292.89887|+40.84803
294.4786250|+40.8316667| 5629080|19375487+4049540|5098.0|-0.224| 0.039|       |      |REJECT  |       |      |      |      |      |      |      |         |      |      |      |No Seis         |  0|KCat|Sloan|Simbad|294.47862|+40.83167
294.6865833|+40.8183889| 5629783|19384478+4049062|4356.1| 0.116|-0.002| 11.815| 1.781|RGB(S)  | 1.0479| 1.022| 0.044|17.500| 0.017| 1.961| 0.007| 2.69e-04| 0.008| 4.037| 0.427|                |  0|KCat|Sloan|Simbad|294.68658|+40.81839
294.7844167|+40.8069444| 5630175|19390826+4048250|4661.3|-0.185| 0.060| 44.272| 4.950|RGB     | 1.0388| 1.032| 0.041| 8.934| 0.015| 2.550| 0.007| 2.04e-03| 0.007| 3.941| 0.320|                |  0|KCat|Sloan|Simbad|294.78442|+40.80694
294.8658750|+40.8974167| 5630500|19392781+4053507|4816.4| 0.037| 0.001| 55.897| 5.437|RGB     | 1.0308| 1.547| 0.040| 9.652| 0.015| 2.658| 0.007| 2.43e-03| 0.007| 3.389| 0.513|                |  0|KCat|Sloan|Simbad|294.86587|+40.89742
296.3646250|+40.8532778| 5636780|19452751+4051118|4389.1|-0.400| 0.175| 12.168| 1.816|RGB     | 1.0434| 1.064| 0.044|17.559| 0.016| 1.976| 0.007| 2.77e-04| 0.008| 3.821| 0.303|                |  0|KCat|Sloan|Simbad|296.36462|+40.85328
296.4233750|+40.8924444| 5637036|19454161+4053328|4941.4|-0.035| 0.026| 61.061| 5.711|RC(S)   | 1.0007| 1.938| 0.065|10.271| 0.017| 2.702| 0.009| 2.52e-03| 0.008| 3.092| 0.612|                |  0|KCat|Sloan|Simbad|296.42337|+40.89244
296.4976250|+40.8286389| 5637392|19455943+4049431|4825.2|-0.062| 0.023| 82.590| 7.678|RGB     | 1.0291| 1.266| 0.038| 7.182| 0.014| 2.828| 0.007| 4.82e-03| 0.007| 3.658| 0.317|                |  0|KCat|Sloan|Simbad|296.49762|+40.82864
296.8154167|+40.8191389| 5638865|19471570+4049089|4705.1| 0.272|-0.014| 44.876| 4.682|RC      | 0.9992| 1.592| 0.072|10.994| 0.020| 2.558| 0.009| 1.69e-03| 0.008| 3.326| 0.649|                |  0|KCat|Sloan|Simbad|296.81542|+40.81914
296.9313750|+40.8577500| 5639438|19474353+4051279|4896.8| 0.243| 0.013|180.806|13.170|RGB     | 1.0172| 1.644| 0.030| 5.510| 0.010| 3.172| 0.007| 1.39e-02| 0.006| 3.329| 0.278|                |  0|KCat|Sloan|Simbad|296.93137|+40.85775
297.2175417|+40.8742222| 5640843|19485221+4052272|4835.9|-0.163| 0.050| 31.355| 3.956|RC      | 0.9885| 1.159| 0.079|11.143| 0.024| 2.408| 0.010| 1.18e-03| 0.008| 3.619| 0.346|                |  0|KCat|Sloan|Simbad|297.21754|+40.87422
297.3216667|+40.8480278| 5641322|19491720+4050529|4576.1| 0.390| 0.012| 52.069| 5.115|RGB     | 1.0341| 1.460| 0.040| 9.842| 0.015| 2.616| 0.007| 2.16e-03| 0.007| 3.557| 0.213|                |  0|KCat|Sloan|Simbad|297.32167|+40.84803
298.2212500|+40.8073611| 5645576|19525310+4048265|4672.5| 0.417| 0.040|125.479|10.548|RGB     | 1.0270| 1.198| 0.034| 5.712| 0.012| 3.003| 0.007| 9.06e-03| 0.007| 3.857| 0.466|                |  0|KCat|Sloan|Simbad|298.22125|+40.80736
298.2832917|+40.8138611| 5645845|19530799+4048499|4688.6|-0.209| 0.156| 69.413| 6.965|RGB     | 1.0342| 1.043| 0.039| 7.161| 0.014| 2.746| 0.007| 4.01e-03| 0.007| 3.924| 0.298|                |  0|KCat|Sloan|Simbad|298.28329|+40.81386
298.6587083|+40.8533056| 5647719|19543809+4051119|4936.0| 0.104|-0.012|165.082|12.422|RGB     | 1.0180| 1.595| 0.031| 5.669| 0.011| 3.134| 0.007| 1.24e-02| 0.007| 3.341| 0.771|                |  0|KCat|Sloan|Simbad|298.65871|+40.85331
299.1909167|+40.8226389| 5650420|19564582+4049215|4755.0|-0.271| 0.050| 33.610| 3.770|RGB     | 1.0343| 1.408| 0.042|11.913| 0.016| 2.434| 0.007| 1.17e-03| 0.007| 3.445| 0.581|                |  0|KCat|Sloan|Simbad|299.19092|+40.82264
299.3485833|+40.8461389| 5651262|19572366+4050461|4874.2| 0.048|-0.010| 41.124| 4.268|RC(S)   | 1.0087| 1.801| 0.074|12.108| 0.021| 2.527| 0.010| 1.43e-03| 0.008| 3.177| 0.688|                |  0|KCat|Sloan|Simbad|299.34858|+40.84614
299.8670000|+40.8058056| 5653970|19592808+4048209|4900.8|-0.002| 0.003|112.286| 9.439|RGB     | 1.0229| 1.461| 0.035| 6.591| 0.012| 2.965| 0.007| 7.20e-03| 0.007| 3.442| 0.520|                |  0|KCat|Sloan|Simbad|299.86700|+40.80581
282.6625000|+40.9260000| 5682548|18503900+4055336|4565.6|-0.097| 0.079| 30.951| 3.690|RGB     | 1.0406| 1.100| 0.042|11.087| 0.016| 2.390| 0.007| 1.14e-03| 0.008| 3.873| 0.264|                |  1|KCat|Sloan|Simbad|282.66250|+40.92600
283.8748750|+40.9831111| 5685000|18552997+4058592|4915.2|-0.306| 0.091| 29.897| 3.945|RC      | 0.9879| 1.044| 0.079|10.786| 0.024| 2.391| 0.010| 1.17e-03| 0.008| 3.681| 0.368|                |  1|KCat|Sloan|Simbad|283.87487|+40.98311
283.9918750|+40.9293056| 5685237|18555805+4055455|4901.4|-0.193| 0.029|105.415| 9.401|RGB     | 1.0251| 1.218| 0.036| 6.211| 0.013| 2.937| 0.007| 7.17e-03| 0.007| 3.670| 0.324|                |  1|KCat|Sloan|Simbad|283.99187|+40.92931
284.0140417|+40.9738889| 5685279|18560337+4058260|4394.3|-0.411| 0.170|  7.641| 1.361|RGB     | 1.0455| 0.829| 0.044|19.555| 0.017| 1.774| 0.007| 1.56e-04| 0.008| 4.186| 0.242|Ageold          |  1|KCat|Sloan|Simbad|284.01404|+40.97389
284.4080833|+40.9230278| 5686036|18573794+4055229|4709.2|-0.208| 0.076| 38.168| 4.300|RGB     | 1.0371| 1.188| 0.041|10.295| 0.015| 2.488| 0.007| 1.54e-03| 0.007| 3.704| 0.276|                |  1|KCat|Sloan|Simbad|284.40808|+40.92303
285.6945000|+40.9344444| 5688694|19024668+4056040|4639.7|-0.009| 0.010| 47.603| 5.120|RGB     | 1.0373| 1.121| 0.041| 8.986| 0.015| 2.580| 0.007| 2.18e-03| 0.007| 3.845| 0.267|                |  1|KCat|Sloan|Simbad|285.69450|+40.93444
285.9967500|+40.9097222| 5689343|19035922+4054350|5058.4| 0.125|-0.024| 97.263| 8.030|RC      | 0.9997| 2.084| 0.049| 8.390| 0.010| 2.909| 0.007| 4.98e-03| 0.008| 2.982| 0.204|                |  1|KCat|Sloan|Simbad|285.99675|+40.90972
286.1365833|+40.9421111| 5689606|19043278+4056316|4735.6| 0.051| 0.005| 45.263| 4.549|RGB     | 1.0316| 1.629| 0.041|11.056| 0.015| 2.563| 0.007| 1.70e-03| 0.007| 3.312| 0.269|                |  1|KCat|Sloan|Simbad|286.13658|+40.94211
286.2009167|+40.9238333| 5689750|19044822+4055258|4606.1| 0.149| 0.045| 31.855| 3.935|RC      | 1.0002| 1.101| 0.078|10.911| 0.023| 2.404| 0.010| 1.20e-03| 0.008| 3.735| 0.196|                |  1|KCat|Sloan|Simbad|286.20092|+40.92383
287.7158333|+40.9209167| 5693324|19105180+4055153|4934.0| 0.282| 0.044| 64.377| 5.870|RC      | 1.0066| 1.984| 0.063|10.125| 0.016| 2.725| 0.009| 2.70e-03| 0.008| 3.131| 0.267|                |  0|KCat|Sloan|Simbad|287.71583|+40.92092
287.7722917|+40.9437500| 5693454|19110535+4056375|4811.3|-0.106| 0.070|122.796|10.894|RGB     | 1.0256| 1.037| 0.034| 5.333| 0.012| 3.000| 0.007| 9.64e-03| 0.007| 3.957| 0.101|                |  0|KCat|Sloan|Simbad|287.77229|+40.94375
288.0000833|+40.9353889| 5694017|19120002+4056074|4813.2| 0.291| 0.003|183.626|14.338|RGB     | 1.0202| 1.181| 0.029| 4.654| 0.010| 3.175| 0.007| 1.65e-02| 0.006| 3.857| 0.121|                |  0|KCat|Sloan|Simbad|288.00008|+40.93539
288.2556667|+40.9604167| 5694720|19130136+4057375|4620.9| 0.115|-0.011| 31.234| 3.370|RGB     | 1.0323| 1.709| 0.042|13.715| 0.016| 2.396| 0.007| 9.34e-04| 0.008| 3.252| 0.152|                |  0|KCat|Sloan|Simbad|288.25567|+40.96042
288.9385417|+40.9078333| 5696539|19154525+4054282|4811.5|-0.563| 0.222| 64.320| 6.755|RGB     | 1.0336| 0.977| 0.039| 7.153| 0.014| 2.719| 0.007| 3.76e-03| 0.007| 3.897| 0.099|                |  0|KCat|Sloan|Simbad|288.93854|+40.90783
289.4626667|+40.9267778| 5698093|19175104+4055364|4796.2| 0.240| 0.002|184.470|14.414|RGB     | 1.0199| 1.167| 0.029| 4.620| 0.010| 3.176| 0.007| 1.67e-02| 0.006| 3.864| 0.099|                |  0|KCat|Sloan|Simbad|289.46267|+40.92678
289.4815833|+40.9465833| 5698156|19175558+4056477|4719.2|-1.320| 0.331|  9.756| 1.530|RGB     | 1.0301| 1.274| 0.044|21.077| 0.017| 1.896| 0.007| 1.92e-04| 0.008| 3.412| 0.287|SeisUnc         |  0|KCat|Sloan|Simbad|289.48158|+40.94658
290.3548333|+40.9944444| 5701051|19212516+4059400|4587.3| 0.363| 0.018| 36.683| 4.004|RGB(S)  | 1.0377| 1.346| 0.041|11.250| 0.015| 2.465| 0.007| 1.33e-03| 0.007| 3.682| 0.379|                |  0|KCat|Sloan|Simbad|290.35483|+40.99444
290.7125000|+40.9731111| 5702180|19225100+4058232|4981.4|-0.158| 0.049| 46.085| 4.775|RC      | 0.9990| 1.737| 0.072|11.170| 0.020| 2.582| 0.009| 1.76e-03| 0.008| 3.170| 0.120|                |  0|KCat|Sloan|Simbad|290.71250|+40.97311
290.7820833|+40.9631111| 5702382|19230770+4057472|4858.0| 0.071| 0.008| 41.164| 4.498|RC      | 0.9919| 1.559| 0.074|11.267| 0.021| 2.527| 0.010| 1.54e-03| 0.008| 3.318| 0.240|                |  0|KCat|Sloan|Simbad|290.78208|+40.96311
291.1047917|+40.9490278| 5703348|19242515+4056565|4845.4|-0.103| 0.036| 36.350| 4.273|RC      | 0.9965| 1.289| 0.076|10.910| 0.022| 2.473| 0.010| 1.40e-03| 0.008| 3.500| 0.125|                |  0|KCat|Sloan|Simbad|291.10479|+40.94903
292.0873333|+40.9925556| 5706341|19282096+4059332|5091.8|-0.028| 0.018| 87.333| 7.079|RC      | 0.9908| 2.614| 0.053| 9.901| 0.011| 2.864| 0.008| 3.80e-03| 0.008| 2.725| 0.126|                |  0|KCat|Sloan|Simbad|292.08733|+40.99256
292.2115833|+40.9129444| 5706724|19285078+4054466|4841.6| 0.066|-0.001| 98.293| 8.528|RGB     | 1.0258| 1.428| 0.036| 6.985| 0.013| 2.904| 0.007| 5.91e-03| 0.007| 3.509| 0.218|                |  0|KCat|Sloan|Simbad|292.21158|+40.91294
292.2212500|+40.9122778| 5706760|19285310+4054442|4759.4| 0.114|-0.004| 39.012| 4.299|RC      | 0.9954| 1.519| 0.075|11.486| 0.022| 2.499| 0.010| 1.41e-03| 0.008| 3.359| 0.193|                |  0|KCat|Sloan|Simbad|292.22125|+40.91228
292.3310417|+40.9057500| 5707115|19291945+4054207|4700.9|-0.151| 0.155| 89.471| 8.516|RGB     | 1.0311| 1.015| 0.037| 6.218| 0.013| 2.857| 0.007| 5.95e-03| 0.007| 3.963| 0.088|                |  0|KCat|Sloan|Simbad|292.33104|+40.90575
292.4180000|+40.9739167| 5707416|19294032+4058261|4605.6|-0.300| 0.156| 49.349| 5.491|RGB     | 1.0389| 0.927| 0.040| 8.044| 0.015| 2.594| 0.007| 2.51e-03| 0.007| 4.071| 0.117|                |  0|KCat|Sloan|Simbad|292.41800|+40.97392
292.4605417|+40.9511111| 5707560|19295053+4057040|4564.8| 0.325| 0.018| 31.513| 3.879|RC      | 1.0038| 1.098| 0.079|10.975| 0.024| 2.398| 0.010| 1.17e-03| 0.008| 3.765| 0.165|                |  0|KCat|Sloan|Simbad|292.46054|+40.95111
292.9795417|+40.9083056| 5709265|19315509+4054299|4747.0|-0.134| 0.043| 46.383| 5.009|RGB     | 1.0359| 1.177| 0.041| 9.276| 0.015| 2.574| 0.007| 2.08e-03| 0.007| 3.738| 0.353|                |  0|KCat|Sloan|Simbad|292.97954|+40.90831
293.0772083|+40.9726944| 5709564|19321853+4058217|4685.9|-0.190| 0.165| 27.083| 3.704|RC      | 0.9972| 0.895| 0.081|10.621| 0.025| 2.337| 0.010| 1.05e-03| 0.008| 3.881| 0.027|                |  0|KCat|Sloan|Simbad|293.07721|+40.97269
293.1072083|+40.9941389| 5709667|19322573+4059389|4790.2| 0.065| 0.014| 91.485| 8.120|RGB     | 1.0273| 1.371| 0.037| 7.113| 0.013| 2.871| 0.007| 5.37e-03| 0.007| 3.571| 0.261|                |  0|KCat|Sloan|Simbad|293.10721|+40.99414
294.8722917|+40.9957222| 5715911|19392935+4059446|5171.8|-0.078|-0.036| 85.440| 7.266|RC      | 0.9990| 2.184| 0.054| 9.114| 0.012| 2.858| 0.008| 4.07e-03| 0.008| 3.000| 0.542|                |  0|KCat|Sloan|Simbad|294.87229|+40.99572
295.1773750|+40.9975556| 5717058|19404257+4059512|4935.1|-0.019|-0.013| 54.393| 5.344|RC      | 0.9997| 1.791| 0.068|10.466| 0.018| 2.652| 0.009| 2.20e-03| 0.008| 3.156| 0.423|                |  0|KCat|Sloan|Simbad|295.17737|+40.99756
295.3171667|+40.9749444| 5717541|19411612+4058298|4918.9| 0.057|-0.024|173.285|13.168|RGB     | 1.0183| 1.452| 0.030| 5.283| 0.010| 3.154| 0.007| 1.39e-02| 0.006| 3.476| 0.168|                |  0|KCat|Sloan|Simbad|295.31717|+40.97494
296.2634583|+40.9283056| 5721762|19450323+4055419|4701.8| 0.229| 0.001| 37.314| 4.034|RC      | 1.0082| 1.601| 0.076|12.093| 0.022| 2.477| 0.010| 1.28e-03| 0.008| 3.322| 0.377|                |  0|KCat|Sloan|Simbad|296.26346|+40.92831
296.3070833|+40.9790278| 5721975|19451370+4058445|4951.4| 0.147|-0.015| 82.159| 6.901|RC      | 1.0027| 2.203| 0.055| 9.437| 0.012| 2.831| 0.008| 3.70e-03| 0.008| 3.037| 0.579|                |  0|KCat|Sloan|Simbad|296.30708|+40.97903
296.3151250|+40.9361389| 5722012|19451563+4056101|4859.3| 0.153|-0.012| 51.357| 5.055|RC      | 1.0001| 1.837| 0.069|10.950| 0.019| 2.623| 0.009| 1.97e-03| 0.008| 3.180| 0.514|                |  0|KCat|Sloan|Simbad|296.31512|+40.93614
296.3700417|+40.9721111| 5722272|19452881+4058196|4805.7|-0.108| 0.013| 45.803| 4.696|RGB     | 1.0319| 1.518| 0.041|10.570| 0.015| 2.571| 0.007| 1.81e-03| 0.007| 3.361| 0.693|                |  0|KCat|Sloan|Simbad|296.37004|+40.97211
296.4894583|+40.9731111| 5722826|19455747+4058232|4804.4| 0.113| 0.001| 39.845| 4.482|RC      | 1.0012| 1.359| 0.075|10.722| 0.022| 2.511| 0.010| 1.55e-03| 0.008| 3.486| 0.415|                |  0|KCat|Sloan|Simbad|296.48946|+40.97311
296.7217083|+40.9667778| 5723909|19465321+4058004|4728.0| 0.243|-0.029| 40.774| 4.388|RC      | 1.0028| 1.538| 0.074|11.320| 0.021| 2.517| 0.010| 1.49e-03| 0.008| 3.371| 0.241|                |  0|KCat|Sloan|Simbad|296.72171|+40.96678
296.9400417|+40.9190000| 5724947|19474561+4055084|4289.7| 0.146|-0.014| 10.237| 1.496|RGB     | 1.0403| 1.341| 0.044|21.622| 0.017| 1.896| 0.007| 1.87e-04| 0.008| 3.633| 0.377|                |  0|KCat|Sloan|Simbad|296.94004|+40.91900
297.3506667|+40.9175556| 5726892|19492416+4055032|4727.6| 0.338|-0.019| 46.610| 4.674|RC      | 1.0043| 1.773| 0.071|11.370| 0.020| 2.575| 0.009| 1.70e-03| 0.008| 3.247| 0.382|                |  0|KCat|Sloan|Simbad|297.35067|+40.91756
297.3639167|+40.9156667| 5726966|19492734+4054564|4252.4|-0.174| 0.176|  6.252| 1.192|RGB     | 1.0176| 0.819| 0.044|21.665| 0.017| 1.680| 0.007| 1.14e-04| 0.008| 4.244| 0.600|Ageold          |  0|KCat|Sloan|Simbad|297.36392|+40.91567
297.6432500|+40.9602222| 5728401|19503438+4057368|4787.0| 0.045|-0.010| 35.414| 4.088|RC      | 0.9924| 1.420| 0.077|11.637| 0.023| 2.459| 0.010| 1.27e-03| 0.008| 3.431| 0.413|                |  0|KCat|Sloan|Simbad|297.64325|+40.96022
297.6727917|+40.9507222| 5728553|19504147+4057026|4851.8|-0.060| 0.119| 35.380| 3.799|RC(S)   | 1.0016| 1.867| 0.077|13.306| 0.023| 2.461| 0.010| 1.12e-03| 0.008| 3.124| 0.795|                |  0|KCat|Sloan|Simbad|297.67279|+40.95072
297.7047500|+40.9880833| 5728738|19504914+4059171|4669.7| 0.268| 0.004| 36.734| 4.167|RC      | 0.9989| 1.378| 0.076|11.326| 0.022| 2.469| 0.010| 1.34e-03| 0.008| 3.507| 0.609|                |  0|KCat|Sloan|Simbad|297.70475|+40.98808
298.0598333|+40.9386667| 5730384|19521436+4056192|4677.6| 0.189| 0.010| 34.975| 4.148|RC      | 1.0018| 1.200| 0.077|10.826| 0.023| 2.448| 0.010| 1.33e-03| 0.008| 3.647| 0.347|                |  0|KCat|Sloan|Simbad|298.05983|+40.93867
298.1303333|+40.9807500| 5730703|19523128+4058507|4885.7| 0.037| 0.010| 50.330| 4.947|RC      | 1.0016| 1.889| 0.070|11.201| 0.019| 2.616| 0.009| 1.90e-03| 0.008| 3.137| 0.580|                |  0|KCat|Sloan|Simbad|298.13033|+40.98075
298.1843333|+40.9184722| 5730952|19524424+4055065|4847.3|-0.037|-0.017| 42.822| 4.206|RGB(S)  | 1.0232| 2.020| 0.041|12.582| 0.015| 2.544| 0.007| 1.43e-03| 0.007| 2.989| 0.369|                |  0|KCat|Sloan|Simbad|298.18433|+40.91847
298.2689583|+40.9523333| 5731385|19530455+4057084|4882.8|-0.290| 0.060| 30.503| 4.087|RC      | 0.9930| 0.934| 0.079|10.116| 0.024| 2.398| 0.010| 1.27e-03| 0.008| 3.821| 0.636|                |  0|KCat|Sloan|Simbad|298.26896|+40.95233
298.3479167|+40.9416111| 5731766|19532350+4056298|4865.6| 0.109| 0.012| 50.595| 5.061|RC      | 0.9954| 1.785| 0.070|10.871| 0.019| 2.617| 0.009| 1.96e-03| 0.008| 3.197| 0.663|                |  0|KCat|Sloan|Simbad|298.34792|+40.94161
298.3650833|+40.9014167| 5731852|19532762+4054051|4833.9| 0.226|-0.005|249.845|17.828|RGB     | 1.0166| 1.270| 0.028| 4.133| 0.009| 3.309| 0.007| 2.54e-02| 0.006| 3.723| 0.387|                |  0|KCat|Sloan|Simbad|298.36508|+40.90142
298.3732083|+40.9696944| 5731891|19532957+4058109|4818.4| 0.001|-0.027| 55.332| 5.275|AMB     | 1.0153| 1.803| 0.193|10.471| 0.050| 2.654| 0.009| 2.22e-03| 0.010| 3.161| 0.723|                |  0|KCat|Sloan|Simbad|298.37321|+40.96969
298.4758333|+40.9214167| 5732418|19535420+4055171|4734.3|-0.075| 0.017| 31.354| 3.973|RC      | 0.9964| 1.069| 0.079|10.762| 0.024| 2.403| 0.010| 1.21e-03| 0.008| 3.722| 0.614|                |  0|KCat|Sloan|Simbad|298.47583|+40.92142
298.5717083|+40.9915833| 5732922|19541721+4059297|4761.0|-0.104| 0.026| 26.868| 3.301|AMB     | 1.0229| 1.285| 0.118|12.720| 0.066| 2.337| 0.010| 8.80e-04| 0.010| 3.568| 0.699|                |  0|KCat|Sloan|Simbad|298.57171|+40.99158
298.6869167|+40.9481111| 5733555|19544486+4056532|4923.6| 0.006| 0.008| 53.982| 4.740|RC      | 1.0000| 2.814| 0.068|13.177| 0.018| 2.648| 0.009| 1.74e-03| 0.008| 2.608| 0.629|                |  0|KCat|Sloan|Simbad|298.68692|+40.94811
298.7757500|+40.9611111| 5733975|19550618+4057400|5124.7| 0.040|-0.032| 91.515| 7.353|RC      | 0.9926| 2.590| 0.051| 9.612| 0.011| 2.886| 0.008| 4.11e-03| 0.008| 2.762| 0.783|                |  0|KCat|Sloan|Simbad|298.77575|+40.96111
298.8002500|+40.9325000| 5734092|19551206+4055570|4980.1| 0.303|-0.009| 60.394| 5.139|RC      | 1.0000| 2.903| 0.065|12.616| 0.017| 2.699| 0.009| 2.04e-03| 0.008| 2.689| 0.889|                |  0|KCat|Sloan|Simbad|298.80025|+40.93250
298.8134167|+40.9795278| 5734154|19551522+4058463|3970.4| 0.260| 0.097|  4.689| 0.736|RGB     | 1.0213| 2.110| 0.044|40.847| 0.017| 1.540| 0.007| 4.36e-05| 0.008| 3.012| 0.794|SeisUnc         |  0|KCat|Sloan|Simbad|298.81342|+40.97953
298.9591250|+40.9011667| 5734838|19555019+4054042|4839.7| 0.222|-0.002| 56.994| 5.440|RC      | 0.9972| 1.882| 0.067|10.531| 0.018| 2.668| 0.009| 2.27e-03| 0.008| 3.169| 0.337|                |  0|KCat|Sloan|Simbad|298.95912|+40.90117
299.1437917|+40.9798889| 5735779|19563451+4058476|4989.7|-0.271| 0.048| 35.550| 4.234|RC(S)   | 0.9956| 1.311| 0.077|11.046| 0.023| 2.469| 0.010| 1.37e-03| 0.008| 3.455| 0.756|                |  0|KCat|Sloan|Simbad|299.14379|+40.97989
299.2056250|+40.9108056| 5736093|19564935+4054389|5082.8| 0.065|-0.019|108.373| 8.497|RC      | 0.9976| 2.336| 0.047| 8.405| 0.009| 2.957| 0.007| 5.55e-03| 0.008| 2.888| 0.717|                |  0|KCat|Sloan|Simbad|299.20562|+40.91081
299.3476250|+40.9099167| 5736841|19572343+4054357|5178.4|-0.202| 0.057| 64.256| 5.755|RC      | 0.9805| 2.550| 0.063|11.352| 0.016| 2.734| 0.009| 2.46e-03| 0.008| 2.755| 0.611|                |  0|KCat|Sloan|Simbad|299.34762|+40.90992
299.3539167|+40.9565833| 5736877|19572494+4057237|4948.1|-0.201| 0.044| 33.831| 4.203|RC      | 0.9957| 1.148| 0.077|10.619| 0.023| 2.446| 0.010| 1.35e-03| 0.008| 3.605| 0.724|                |  0|KCat|Sloan|Simbad|299.35392|+40.95658
299.3756250|+40.9617500| 5736976|19573015+4057423|4722.4|-0.171| 0.188| 28.399| 3.787|RC      | 0.9992| 0.948| 0.080|10.654| 0.024| 2.360| 0.010| 1.11e-03| 0.008| 3.825| 0.627|                |  0|KCat|Sloan|Simbad|299.37562|+40.96175
299.7979167|+40.9125556| 5739098|19591150+4054452|4991.8| 0.288| 0.001| 74.903| 6.294|RC      | 1.0029| 2.440| 0.058|10.380| 0.014| 2.793| 0.008| 3.08e-03| 0.008| 2.929| 0.876|                |  0|KCat|Sloan|Simbad|299.79792|+40.91256
282.8535000|+41.0067778| 5768075|18512484+4100244|4670.2| 0.483| 0.032|118.019| 9.726|RGB     | 1.0266| 1.380| 0.035| 6.324| 0.012| 2.976| 0.007| 7.70e-03| 0.007| 3.646| 0.346|                |  1|KCat|Sloan|Simbad|282.85350|+41.00678
283.2677917|+41.0967778| 5768953|18530427+4105484|4477.1|-0.078| 0.087| 11.037| 1.687|RGB     | 1.0452| 1.090| 0.044|18.572| 0.017| 1.938| 0.007| 2.40e-04| 0.008| 3.884| 0.278|                |  1|KCat|Sloan|Simbad|283.26779|+41.09678
283.4191250|+41.0366111| 5769244|18534059+4102118|4719.5| 0.240| 0.019|138.515|11.707|RGB     | 1.0253| 1.085| 0.033| 5.162| 0.011| 3.048| 0.007| 1.11e-02| 0.007| 3.981| 0.095|                |  0|KCat|Sloan|Simbad|283.41912|+41.03661
283.7866667|+41.0944444| 5770031|18550880+4105400|4912.1|-0.170| 0.020| 34.949| 4.246|RC      | 0.9970| 1.196| 0.077|10.682| 0.023| 2.458| 0.010| 1.38e-03| 0.008| 3.583| 0.229|                |  1|KCat|Sloan|Simbad|283.78667|+41.09444
284.0740000|+41.0517222| 5770637|18561776+4103062|4755.9|-0.092| 0.025| 42.105| 4.544|RGB     | 1.0350| 1.309| 0.041|10.262| 0.015| 2.532| 0.007| 1.71e-03| 0.007| 3.598| 0.298|                |  1|KCat|Sloan|Simbad|284.07400|+41.05172
284.2199583|+41.0209167| 5770923|18565279+4101153|5038.1| 0.042|-0.004| 81.128| 7.023|RC      | 0.9963| 2.082| 0.056| 9.192| 0.013| 2.830| 0.008| 3.78e-03| 0.008| 3.029| 0.352|                |  1|KCat|Sloan|Simbad|284.21996|+41.02092
284.5450833|+41.0881111| 5771513|18581082+4105172|5041.6|-0.459| 0.103| 30.076| 4.349|RC      | 0.9840| 0.759| 0.079| 9.114| 0.024| 2.399| 0.010| 1.41e-03| 0.008| 3.984| 0.302|                |  1|KCat|Sloan|Simbad|284.54508|+41.08811
285.1428750|+41.0620000| 5772710|19003429+4103432|4587.1| 0.352| 0.021| 32.485| 3.876|RC      | 1.0058| 1.205| 0.078|11.313| 0.023| 2.412| 0.010| 1.17e-03| 0.008| 3.676| 0.272|                |  1|KCat|Sloan|Simbad|285.14287|+41.06200
285.3077500|+41.0119444| 5773063|19011386+4100430|4742.9|-0.096| 0.045| 48.178| 5.106|RGB     | 1.0353| 1.223| 0.040| 9.282| 0.015| 2.590| 0.007| 2.16e-03| 0.007| 3.708| 0.292|                |  1|KCat|Sloan|Simbad|285.30775|+41.01194
286.0075417|+41.0869444| 5774558|19040181+4105130|4798.4|-0.077| 0.025| 49.662| 5.254|RGB     | 1.0353| 1.216| 0.040| 9.088| 0.015| 2.606| 0.007| 2.28e-03| 0.007| 3.723| 0.303|                |  1|KCat|Sloan|Simbad|286.00754|+41.08694
286.0135833|+41.0508611| 5774568|19040326+4103031|4765.9| 0.294|-0.003|110.796| 9.541|RGB     | 1.0270| 1.269| 0.035| 6.227| 0.012| 2.953| 0.007| 7.41e-03| 0.007| 3.750| 0.239|                |  1|KCat|Sloan|Simbad|286.01358|+41.05086
286.1393333|+41.0507222| 5774861|19043344+4103026|4682.9|-0.031| 0.090| 28.397| 3.607|RC      | 0.9963| 1.150| 0.080|11.759| 0.024| 2.358| 0.010| 9.97e-04| 0.008| 3.649| 0.239|                |  1|KCat|Sloan|Simbad|286.13933|+41.05072
288.1427917|+41.0904722| 5779724|19123427+4105257|4294.0|-0.299| 0.164|  6.194| 1.150|RGB     | 1.0374| 0.864| 0.044|22.306| 0.017| 1.678| 0.007| 1.10e-04| 0.008| 4.164| 0.103|Ageold          |  0|KCat|Sloan|Simbad|288.14279|+41.09047
288.3045833|+41.0476944| 5780142|19131310+4102517|4654.0|-0.065| 0.126| 28.729| 3.699|RGB(S)  | 1.0363| 0.912| 0.042|10.426| 0.016| 2.362| 0.007| 1.14e-03| 0.008| 4.162| 0.082|Ageold          |  0|KCat|Sloan|Simbad|288.30458|+41.04769
288.3999167|+41.0375000| 5780424|19133598+4102150|4375.3| 0.344| 0.012|  9.830| 1.424|RGB     | 1.0391| 1.497| 0.044|23.198| 0.017| 1.882| 0.007| 1.69e-04| 0.008| 3.513| 0.341|                |  0|KCat|Sloan|Simbad|288.39992|+41.03750
288.4662083|+41.0194722| 5780614|19135189+4101101|4985.7|-0.121| 0.028|170.719|13.505|RGB     | 1.0183| 1.280| 0.030| 4.982| 0.010| 3.151| 0.007| 1.46e-02| 0.006| 3.603| 0.203|                |  0|KCat|Sloan|Simbad|288.46621|+41.01947
288.5373333|+41.0970833| 5780782|19140896+4105495|4345.0| 0.199|-0.007| 10.401| 1.603|RGB     | 1.0478| 1.058| 0.044|18.985| 0.017| 1.905| 0.007| 2.18e-04| 0.008| 4.009| 0.228|                |  0|KCat|Sloan|Simbad|288.53733|+41.09708
288.5550833|+41.0896111| 5780828|19141322+4105226|4545.2| 0.345| 0.031| 60.255| 6.014|RGB     | 1.0365| 1.160| 0.039| 8.170| 0.014| 2.678| 0.007| 3.00e-03| 0.007| 3.902| 0.238|                |  0|KCat|Sloan|Simbad|288.55508|+41.08961
288.8989583|+41.0600000| 5781782|19153575+4103360|4823.1|-0.030| 0.014| 37.435| 4.267|RC      | 0.9990| 1.392| 0.076|11.184| 0.022| 2.484| 0.010| 1.40e-03| 0.008| 3.430| 0.196|                |  0|KCat|Sloan|Simbad|288.89896|+41.06000
288.9445417|+41.0660000| 5781901|19154669+4103576|4570.6| 0.245| 0.014| 43.982| 4.731|RGB     | 1.0379| 1.182| 0.041| 9.638| 0.015| 2.543| 0.007| 1.86e-03| 0.007| 3.852| 0.208|                |  0|KCat|Sloan|Simbad|288.94454|+41.06600
289.0207083|+41.0430833| 5782127|19160497+4102351|4800.2|-0.088| 0.031| 28.923| 3.586|RC      | 1.0034| 1.255| 0.080|12.099| 0.024| 2.371| 0.010| 1.00e-03| 0.008| 3.535| 0.196|                |  0|KCat|Sloan|Simbad|289.02071|+41.04308
289.2011667|+41.0289722| 5782671|19164828+4101443|4511.9| 0.006|-0.005| 21.295| 2.636|RGB     | 1.0380| 1.365| 0.043|14.932| 0.016| 2.225| 0.007| 5.78e-04| 0.008| 3.554| 0.242|                |  0|KCat|Sloan|Simbad|289.20117|+41.02897
289.2372500|+41.0848611| 5782792|19165694+4105055|4720.4| 0.063| 0.021| 32.083| 4.022|RC      | 1.0010| 1.065| 0.078|10.627| 0.023| 2.413| 0.010| 1.25e-03| 0.008| 3.746| 0.213|                |  0|KCat|Sloan|Simbad|289.23725|+41.08486
289.6580833|+41.0478333| 5784094|19183794+4102522|4602.5| 0.017| 0.013| 23.782| 2.825|RGB     | 1.0362| 1.495| 0.043|14.715| 0.016| 2.277| 0.007| 6.62e-04| 0.008| 3.439| 0.378|                |  0|KCat|Sloan|Simbad|289.65808|+41.04783
290.0083750|+41.0688056| 5785268|19200201+4104077|4726.8| 0.250| 0.006| 94.289| 8.316|RGB     | 1.0286| 1.330| 0.037| 6.925| 0.013| 2.881| 0.007| 5.65e-03| 0.007| 3.670| 0.352|                |  0|KCat|Sloan|Simbad|290.00837|+41.06881
290.0942083|+41.0118056| 5785573|19202261+4100425|4322.8|-0.284| 0.208|  7.431| 1.346|RGB     | 1.0260| 0.839| 0.044|20.027| 0.017| 1.758| 0.007| 1.47e-04| 0.008| 4.209| 0.140|Ageold          |  0|KCat|Sloan|Simbad|290.09421|+41.01181
290.1323750|+41.0669444| 5785710|19203177+4104010|4452.5|-0.474| 0.235| 14.858| 2.183|RGB     | 1.0461| 0.936| 0.043|14.855| 0.016| 2.066| 0.007| 4.03e-04| 0.008| 3.983| 0.164|                |  0|KCat|Sloan|Simbad|290.13237|+41.06694
290.6651667|+41.0245833| 5787509|19223964+4101285|4590.2| 0.210|-0.003| 30.910| 3.813|RC      | 1.0049| 1.114| 0.079|11.148| 0.024| 2.390| 0.010| 1.13e-03| 0.008| 3.738| 0.098|                |  0|KCat|Sloan|Simbad|290.66517|+41.02458
290.9490417|+41.0873611| 5788354|19234777+4105145|4907.0|-0.247| 0.032| 36.793| 4.321|RC      | 0.9985| 1.292| 0.076|10.821| 0.022| 2.481| 0.010| 1.44e-03| 0.008| 3.471| 0.152|                |  0|KCat|Sloan|Simbad|290.94904|+41.08736
291.8539583|+41.0240833| 5791045|19272495+4101267|4650.6| 0.196| 0.041|109.492| 9.710|RGB     | 1.0289| 1.092| 0.035| 5.847| 0.012| 2.943| 0.007| 7.71e-03| 0.007| 3.960| 0.238|                |  0|KCat|Sloan|Simbad|291.85396|+41.02408
291.8792917|+41.0810556| 5791135|19273103+4104518|4784.7| 0.348|-0.005| 44.007| 4.345|RC      | 1.0024| 2.050| 0.073|12.544| 0.021| 2.553| 0.009| 1.46e-03| 0.008| 3.114| 0.412|                |  0|KCat|Sloan|Simbad|291.87929|+41.08106
292.1188333|+41.0106944| 5791844|19282852+4100385|4879.8| 0.051|-0.007| 53.440| 5.242|RC      | 0.9998| 1.803| 0.068|10.625| 0.018| 2.641| 0.009| 2.12e-03| 0.008| 3.174| 0.192|                |  0|KCat|Sloan|Simbad|292.11883|+41.01069
292.1337500|+41.0828889| 5791889|19283210+4104584|4887.2| 0.197|-0.020|123.147| 9.736|RGB     | 1.0203| 1.713| 0.034| 6.819| 0.012| 3.004| 0.007| 7.62e-03| 0.007| 3.261| 0.106|                |  0|KCat|Sloan|Simbad|292.13375|+41.08289
292.2995833|+41.0655556| 5792421|19291190+4103560|4897.0|-0.114|-0.016| 44.240| 4.672|RC      | 0.9969| 1.648| 0.073|11.153| 0.021| 2.560| 0.009| 1.67e-03| 0.008| 3.213| 0.203|                |  0|KCat|Sloan|Simbad|292.29958|+41.06556
292.6060417|+41.0928889| 5793427|19302545+4105344|4901.1|-0.170| 0.013|103.032| 8.860|RGB     | 1.0234| 1.451| 0.036| 6.857| 0.013| 2.928| 0.007| 6.35e-03| 0.007| 3.421| 0.128|                |  0|KCat|Sloan|Simbad|292.60604|+41.09289
292.6705417|+41.0684167| 5793628|19304093+4104063|4831.4|-0.118| 0.029| 49.439| 4.514|RC(S)   | 1.0033| 2.522| 0.070|13.096| 0.019| 2.605| 0.009| 1.58e-03| 0.008| 2.752| 0.250|                |  0|KCat|Sloan|Simbad|292.67054|+41.06842
292.8331250|+41.0856667| 5794100|19311995+4105084|4676.8| 0.146| 0.009| 34.811| 4.140|RC      | 1.0018| 1.192| 0.077|10.817| 0.023| 2.446| 0.010| 1.33e-03| 0.008| 3.647| 0.315|                |  0|KCat|Sloan|Simbad|292.83312|+41.08567
293.1624583|+41.0762778| 5795250|19323899+4104346|4713.1|-0.001| 0.007| 50.689| 5.170|RGB     | 1.0340| 1.349| 0.040| 9.517| 0.015| 2.611| 0.007| 2.21e-03| 0.007| 3.568| 0.240|                |  0|KCat|Sloan|Simbad|293.16246|+41.07628
293.2408750|+41.0430278| 5795475|19325781+4102349|5120.4|-0.313| 0.041|205.906|15.624|RGB     | 1.0173| 1.310| 0.028| 4.559| 0.009| 3.238| 0.007| 1.95e-02| 0.006| 3.504| 0.000|                |  0|KCat|Sloan|Simbad|293.24087|+41.04303
293.2860417|+41.0523889| 5795626|19330865+4103086|4995.8|-0.712| 0.251| 37.634| 4.452|RC      | 0.9915| 1.296| 0.076|10.671| 0.022| 2.494| 0.010| 1.50e-03| 0.008| 3.380| 0.027|                |  0|KCat|Sloan|Simbad|293.28604|+41.05239
294.8840833|+41.0416667| 5801446|19393218+4102300|4825.5|-0.358| 0.223| 26.609| 3.674|RC      | 0.9966| 0.919| 0.081|10.778| 0.025| 2.336| 0.010| 1.03e-03| 0.008| 3.820| 0.511|                |  0|KCat|Sloan|Simbad|294.88408|+41.04167
295.2597500|+41.0236667| 5802797|19410234+4101252|4887.3| 0.018| 0.018|131.610|10.902|RGB     | 1.0224| 1.319| 0.033| 5.789| 0.012| 3.033| 0.007| 9.59e-03| 0.007| 3.622| 0.392|                |  0|KCat|Sloan|Simbad|295.25975|+41.02367
296.1196250|+41.0548056| 5806522|19442871+4103173|4613.6| 0.182| 0.039| 58.379| 5.916|RGB     | 1.0357| 1.156| 0.040| 8.255| 0.015| 2.668| 0.007| 2.90e-03| 0.007| 3.871| 0.198|                |  0|KCat|Sloan|Simbad|296.11962|+41.05481
296.5223333|+41.0355278| 5808398|19460536+4102079|4710.3| 0.381| 0.024|128.372|10.450|RGB     | 1.0249| 1.359| 0.034| 6.004| 0.012| 3.014| 0.007| 8.86e-03| 0.007| 3.660| 0.276|                |  0|KCat|Sloan|Simbad|296.52233|+41.03553
296.5294167|+41.0618056| 5808438|19460706+4103425|5138.0|-0.891| 0.294| 31.974| 3.174|RC(S)   | 1.0000| 3.101| 0.078|17.780| 0.023| 2.430| 0.010| 7.78e-04| 0.008| 2.478| 0.490|                |  0|KCat|Sloan|Simbad|296.52942|+41.06181
296.7547917|+41.0358056| 5809445|19470115+4102089|4918.3| 0.049| 0.010| 36.784| 3.767|RC      | 1.0063| 2.174| 0.076|14.031| 0.022| 2.481| 0.010| 1.11e-03| 0.008| 3.035| 0.817|                |  0|KCat|Sloan|Simbad|296.75479|+41.03581
296.9607083|+41.0175556| 5810333|19475057+4101032|4701.4|-0.105| 0.152| 29.715| 3.926|RC      | 0.9965| 0.944| 0.079|10.404| 0.024| 2.378| 0.010| 1.18e-03| 0.008| 3.834| 0.170|                |  0|KCat|Sloan|Simbad|296.96071|+41.01756
297.0022500|+41.0991111| 5810513|19480054+4105568|5017.6| 0.079|-0.026|189.690|14.256|RGB     | 1.0176| 1.432| 0.029| 4.990| 0.010| 3.198| 0.007| 1.62e-02| 0.006| 3.496| 0.409|                |  0|KCat|Sloan|Simbad|297.00225|+41.09911
297.2778750|+41.0264444| 5811766|19490669+4101352|4720.2| 0.082|-0.003| 44.657| 4.400|RGB     | 1.0285| 1.800| 0.041|11.707| 0.015| 2.556| 0.007| 1.58e-03| 0.007| 3.169| 0.284|                |  0|KCat|Sloan|Simbad|297.27787|+41.02644
297.5030000|+41.0112500| 5812955|19500072+4100405|4803.2|-0.579| 0.203| 69.298| 7.168|RGB     | 1.0324| 0.965| 0.039| 6.854| 0.014| 2.751| 0.007| 4.23e-03| 0.007| 3.914| 0.359|                |  0|KCat|Sloan|Simbad|297.50300|+41.01125
297.7479583|+41.0626667| 5814204|19505951+4103456|4640.6| 0.336|-0.018| 51.680| 5.080|RGB(S)  | 1.0333| 1.502| 0.040| 9.986| 0.015| 2.616| 0.007| 2.13e-03| 0.007| 3.504| 0.352|                |  0|KCat|Sloan|Simbad|297.74796|+41.06267
298.1941250|+41.0145833| 5816145|19524659+4100525|4775.7| 0.255|-0.024| 47.291| 4.847|RC(S)   | 0.9997| 1.655| 0.071|10.879| 0.020| 2.584| 0.009| 1.81e-03| 0.008| 3.283| 0.636|                |  0|KCat|Sloan|Simbad|298.19412|+41.01458
298.3596667|+41.0197222| 5816923|19532632+4101110|4834.2| 0.076|-0.028| 73.538| 6.518|RGB     | 1.0249| 1.754| 0.038| 8.955| 0.014| 2.778| 0.007| 3.45e-03| 0.007| 3.197| 0.662|                |  0|KCat|Sloan|Simbad|298.35967|+41.01972
298.3762083|+41.0504167| 5817028|19533029+4103015|5020.3|-0.263| 0.110| 30.898| 3.426|RC      | 1.0035| 1.964| 0.079|14.479| 0.024| 2.410| 0.010| 9.13e-04| 0.008| 3.043| 0.705|                |  0|KCat|Sloan|Simbad|298.37621|+41.05042
299.0190000|+41.0568889| 5820359|19560456+4103248|4860.3| 0.046| 0.041|124.180|10.209|RGB     | 1.0227| 1.428| 0.034| 6.208| 0.012| 3.007| 0.007| 8.42e-03| 0.007| 3.506| 0.698|                |  0|KCat|Sloan|Simbad|299.01900|+41.05689
299.3671667|+41.0265833| 5822232|19572812+4101357|4669.7| 0.239| 0.000| 33.665| 3.963|RC      | 0.9969| 1.306| 0.078|11.519| 0.023| 2.431| 0.010| 1.20e-03| 0.008| 3.565| 0.686|                |  0|KCat|Sloan|Simbad|299.36717|+41.02658
299.5005833|+41.0783889| 5822936|19580014+4104422|4778.2|-0.152| 0.022| 42.618| 4.515|RGB     | 1.0336| 1.410| 0.041|10.574| 0.015| 2.539| 0.007| 1.68e-03| 0.007| 3.474| 0.435|                |  0|KCat|Sloan|Simbad|299.50058|+41.07839
282.9172500|+41.1248889| 5854149|18514014+4107296|4765.4| 0.172| 0.006| 40.005| 4.342|RC      | 1.0000| 1.549| 0.075|11.449| 0.022| 2.511| 0.010| 1.46e-03| 0.008| 3.350| 0.315|                |  1|KCat|Sloan|Simbad|282.91725|+41.12489
283.6095833|+41.1443611| 5855568|18542630+4108397|4837.6|-0.275| 0.167| 36.157| 4.261|RC      | 0.9940| 1.292| 0.076|10.957| 0.022| 2.470| 0.010| 1.38e-03| 0.008| 3.468| 0.168|                |  1|KCat|Sloan|Simbad|283.60958|+41.14436
284.1771667|+41.1040833| 5856737|18564252+4106147|4744.7| 0.094| 0.090|142.476|12.021|RGB     | 1.0239| 1.077| 0.033| 5.064| 0.011| 3.061| 0.007| 1.17e-02| 0.007| 3.954| 0.227|                |  1|KCat|Sloan|Simbad|284.17717|+41.10408
284.2755000|+41.1051667| 5856931|18570612+4106186|4233.0| 0.071| 0.093|  7.202| 1.224|RGB     | 1.0484| 0.993| 0.044|22.255| 0.017| 1.740| 0.007| 1.27e-04| 0.008| 4.072| 0.241|                |  1|KCat|Sloan|Simbad|284.27550|+41.10517
284.6100833|+41.1998056| 5857548|18582642+4111593|4872.1|-0.213| 0.061| 32.182| 4.118|RC      | 0.9971| 1.043| 0.078|10.416| 0.023| 2.421| 0.010| 1.30e-03| 0.008| 3.704| 0.245|                |  1|KCat|Sloan|Simbad|284.61008|+41.19981
284.6422917|+41.1731111| 5857618|18583415+4110232|4702.6| 0.303| 0.005| 71.117| 6.327|RGB(S)  | 1.0275| 1.698| 0.038| 9.019| 0.014| 2.758| 0.007| 3.26e-03| 0.007| 3.304| 0.271|                |  1|KCat|Sloan|Simbad|284.64229|+41.17311
284.7011667|+41.1371667| 5857724|18584828+4108138|4386.4|-0.305| 0.213| 16.166| 2.320|RGB     | 1.0470| 0.921| 0.043|14.182| 0.016| 2.099| 0.007| 4.56e-04| 0.008| 4.076| 0.233|                |  1|KCat|Sloan|Simbad|284.70117|+41.13717
284.8518750|+41.1456667| 5858034|18592445+4108444|4908.5|-0.128| 0.061| 38.141| 4.403|RC      | 0.9945| 1.357| 0.075|10.894| 0.022| 2.496| 0.010| 1.48e-03| 0.008| 3.437| 0.299|                |  1|KCat|Sloan|Simbad|284.85187|+41.14567
285.1623333|+41.1178889| 5858641|19003896+4107044|4243.1| 0.038| 0.022|  8.857| 1.395|RGB     | 1.0445| 1.114| 0.044|21.242| 0.017| 1.831| 0.007| 1.64e-04| 0.008| 3.884| 0.274|                |  1|KCat|Sloan|Simbad|285.16233|+41.11789
285.3081667|+41.1516944| 5858947|19011396+4109061|5002.2|-0.809| 0.227|169.017|14.487|RGB     | 1.0176| 0.946| 0.031| 4.299| 0.010| 3.147| 0.007| 1.68e-02| 0.006| 3.897| 0.075|                |  1|KCat|Sloan|Simbad|285.30817|+41.15169
285.5715833|+41.1232222| 5859492|19021718+4107236|4626.2| 0.286| 0.001| 35.411| 4.056|RC      | 1.0048| 1.324| 0.077|11.333| 0.023| 2.451| 0.010| 1.28e-03| 0.008| 3.562| 0.240|                |  1|KCat|Sloan|Simbad|285.57158|+41.12322
285.8396250|+41.1195278| 5860093|19032151+4107103|4649.2|-0.399| 0.170| 50.352| 5.556|RGB     | 1.0384| 0.955| 0.040| 8.063| 0.015| 2.605| 0.007| 2.57e-03| 0.007| 3.988| 0.051|                |  1|KCat|Sloan|Simbad|285.83962|+41.11953
288.4588333|+41.1081667| 5866138|19135012+4106294|4998.1| 0.148|-0.035| 88.049| 7.271|RC      | 1.0028| 2.231| 0.053| 9.151| 0.011| 2.864| 0.008| 4.10e-03| 0.008| 3.026| 0.098|                |  0|KCat|Sloan|Simbad|288.45883|+41.10817
288.6120417|+41.1560000| 5866537|19142689+4109216|4802.1| 0.144| 0.024|103.269| 8.964|RGB     | 1.0266| 1.336| 0.036| 6.604| 0.013| 2.924| 0.007| 6.54e-03| 0.007| 3.636| 0.204|                |  0|KCat|Sloan|Simbad|288.61204|+41.15600
288.6957917|+41.1947778| 5866737|19144699+4111412|4866.8|-0.239| 0.031| 66.477| 6.517|RGB     | 1.0302| 1.283| 0.039| 8.042| 0.014| 2.736| 0.007| 3.48e-03| 0.007| 3.575| 0.127|                |  0|KCat|Sloan|Simbad|288.69579|+41.19478
288.7643333|+41.1986111| 5866945|19150344+4111550|4789.0| 0.230| 0.015| 91.090| 8.035|RGB     | 1.0280| 1.407| 0.037| 7.221| 0.013| 2.869| 0.007| 5.27e-03| 0.007| 3.577| 0.227|                |  0|KCat|Sloan|Simbad|288.76433|+41.19861
288.7698333|+41.1641389| 5866965|19150476+4109509|4088.5|-0.437| 0.213|  3.277| 0.658|RGB     | 1.0273| 1.155| 0.044|35.897| 0.017| 1.391| 0.007| 3.53e-05| 0.008| 3.675| 0.147|                |  0|KCat|Sloan|Simbad|288.76983|+41.16414
288.9243750|+41.1555000| 5867450|19154185+4109198|4720.0| 0.413| 0.008|165.864|13.128|RGB     | 1.0226| 1.191| 0.031| 4.942| 0.010| 3.126| 0.007| 1.39e-02| 0.007| 3.864| 0.199|                |  0|KCat|Sloan|Simbad|288.92437|+41.15550
289.1034167|+41.1937222| 5867990|19162482+4111374|4803.1| 0.070|-0.006| 87.443| 7.920|RGB     | 1.0283| 1.323| 0.037| 7.141| 0.013| 2.852| 0.007| 5.12e-03| 0.007| 3.627| 0.174|                |  0|KCat|Sloan|Simbad|289.10342|+41.19372
289.5387083|+41.1075000| 5869293|19180929+4106270|4590.4| 0.077| 0.012| 51.580| 5.382|RGB     | 1.0367| 1.151| 0.040| 8.775| 0.015| 2.613| 0.007| 2.40e-03| 0.007| 3.841| 0.172|                |  0|KCat|Sloan|Simbad|289.53871|+41.10750
289.6088750|+41.1241944| 5869538|19182613+4107271|5014.4|-0.162| 0.035|201.383|15.541|RGB     | 1.0172| 1.214| 0.028| 4.460| 0.009| 3.224| 0.007| 1.93e-02| 0.006| 3.680| 0.265|                |  0|KCat|Sloan|Simbad|289.60887|+41.12419
289.6759167|+41.1698889| 5869785|19184222+4110116|4992.1| 0.015|-0.027|227.089|16.945|RGB     | 1.0167| 1.226| 0.028| 4.225| 0.009| 3.275| 0.007| 2.29e-02| 0.006| 3.716| 0.331|                |  0|KCat|Sloan|Simbad|289.67592|+41.16989
290.4543333|+41.1507222| 5872236|19214904+4109026|4840.2|-0.204| 0.056| 31.947| 4.109|RC      | 0.9969| 1.020| 0.078|10.355| 0.023| 2.416| 0.010| 1.30e-03| 0.008| 3.733| 0.120|                |  0|KCat|Sloan|Simbad|290.45433|+41.15072
290.5352917|+41.1353333| 5872509|19220847+4108072|4803.6|-0.017| 0.023| 38.454| 4.354|RC      | 0.9981| 1.388| 0.075|11.031| 0.022| 2.495| 0.010| 1.46e-03| 0.008| 3.435| 0.279|                |  0|KCat|Sloan|Simbad|290.53529|+41.13533
291.9503333|+41.1081111| 5876758|19274808+4106292|4914.5|-0.260| 0.006| 34.481| 4.153|RC      | 0.9895| 1.295| 0.077|11.189| 0.023| 2.453| 0.010| 1.30e-03| 0.008| 3.467| 0.319|                |  0|KCat|Sloan|Simbad|291.95033|+41.10811
292.7237500|+41.1515833| 5879112|19305370+4109057|4932.1|-0.427| 0.171| 28.406| 4.000|RC      | 0.9872| 0.853| 0.080| 9.997| 0.024| 2.369| 0.010| 1.20e-03| 0.008| 3.876| 0.262|                |  0|KCat|Sloan|Simbad|292.72375|+41.15158
292.7718750|+41.1528333| 5879265|19310525+4109102|4243.0| 0.159| 0.010|       |      |REJECT  |       |      |      |      |      |      |      |         |      |      |      |No Seis         |  0|KCat|Sloan|Simbad|292.77187|+41.15283
292.9077917|+41.1366667| 5879728|19313787+4108120|4879.2|-0.115| 0.031| 36.527| 3.904|RC      | 1.0002| 1.869| 0.076|13.083| 0.022| 2.476| 0.010| 1.18e-03| 0.008| 3.104| 0.278|                |  0|KCat|Sloan|Simbad|292.90779|+41.13667
292.9509167|+41.1000000| 5879876|19314822+4106000|4708.5| 0.030|-0.003| 30.768| 3.891|RC(S)   | 0.9967| 1.087| 0.079|10.969| 0.024| 2.394| 0.010| 1.16e-03| 0.008| 3.731| 0.453|SeisUnc         |  0|KCat|Sloan|Simbad|292.95092|+41.10000
293.5083333|+41.1950556| 5881733|19340200+4111422|4296.5| 0.047| 0.022|       |      |REJECT  |       |      |      |      |      |      |      |         |      |      |      |No Seis         |  0|KCat|Sloan|Simbad|293.50833|+41.19506
293.5875833|+41.1031389| 5882005|19342102+4106113|4816.4|-0.092| 0.017| 80.579| 7.442|RGB     | 1.0282| 1.334| 0.038| 7.465| 0.014| 2.817| 0.007| 4.52e-03| 0.007| 3.560| 0.074|                |  0|KCat|Sloan|Simbad|293.58758|+41.10314
293.6452917|+41.1324444| 5882210|19343487+4107568|4914.1| 0.017|-0.005|137.757|11.076|RGB     | 1.0206| 1.442| 0.033| 5.907| 0.011| 3.054| 0.007| 9.87e-03| 0.007| 3.474| 0.278|                |  0|KCat|Sloan|Simbad|293.64529|+41.13244
296.1744583|+41.1976111| 5891971|19444187+4111514|5103.2|-0.813| 0.306| 30.921| 4.487|RC(S)   | 0.9719| 0.779| 0.079| 9.078| 0.024| 2.414| 0.010| 1.47e-03| 0.008| 3.928| 0.385|                |  0|KCat|Sloan|Simbad|296.17446|+41.19761
296.1783750|+41.1845278| 5891982|19444281+4111043|4823.8|-0.398| 0.044| 40.080| 4.458|RGB     | 1.0351| 1.244| 0.041|10.218| 0.015| 2.514| 0.007| 1.64e-03| 0.007| 3.578| 0.230|                |  0|KCat|Sloan|Simbad|296.17837|+41.18453
296.2703750|+41.1607222| 5892369|19450489+4109386|4839.6|-0.023| 0.009| 39.224| 4.483|RC(S)   | 1.0006| 1.312| 0.075|10.601| 0.022| 2.505| 0.010| 1.55e-03| 0.008| 3.494| 0.167|                |  0|KCat|Sloan|Simbad|296.27037|+41.16072
296.5749167|+41.1543889| 5893765|19461798+4109158|4805.3|-0.105| 0.018| 65.062| 6.408|RGB     | 1.0318| 1.255| 0.039| 8.063| 0.014| 2.724| 0.007| 3.38e-03| 0.007| 3.638| 0.148|                |  0|KCat|Sloan|Simbad|296.57492|+41.15439
296.6120417|+41.1480278| 5893926|19462689+4108529|4698.9| 0.023| 0.005| 46.501| 4.796|RGB     | 1.0339| 1.400| 0.041|10.132| 0.015| 2.573| 0.007| 1.90e-03| 0.007| 3.542| 0.203|                |  0|KCat|Sloan|Simbad|296.61204|+41.14803
296.6958750|+41.1753056| 5894271|19464701+4110311|4866.6|-0.256| 0.162|168.089|14.082|RGB     | 1.0198| 0.991| 0.031| 4.444| 0.010| 3.139| 0.007| 1.59e-02| 0.006| 3.964| 0.092|                |  0|KCat|Sloan|Simbad|296.69587|+41.17531
297.1927917|+41.1613611| 5896480|19484627+4109409|4864.9|-0.094| 0.037| 35.310| 4.229|RC      | 1.0001| 1.221| 0.077|10.761| 0.023| 2.461| 0.010| 1.38e-03| 0.008| 3.564| 0.234|                |  0|KCat|Sloan|Simbad|297.19279|+41.16136
297.8000833|+41.1616944| 5899383|19511202+4109421|5004.9|-0.021| 0.022| 48.579| 4.587|RC(S)   | 1.0106| 2.298| 0.071|12.499| 0.020| 2.606| 0.009| 1.66e-03| 0.008| 2.868| 0.414|                |  0|KCat|Sloan|Simbad|297.80008|+41.16169
297.8480000|+41.1068611| 5899642|19512352+4106247|4962.8|-0.121|-0.011|119.321|10.001|RGB     | 1.0218| 1.424| 0.034| 6.292| 0.012| 2.994| 0.007| 8.06e-03| 0.007| 3.448| 0.418|                |  0|KCat|Sloan|Simbad|297.84800|+41.10686
298.6989167|+41.1018333| 5903484|19544774+4106066|4658.8| 0.208|-0.015| 29.679| 3.376|RC(S)   | 1.0026| 1.656| 0.079|13.822| 0.024| 2.376| 0.010| 8.85e-04| 0.008| 3.284| 0.763|                |  0|KCat|Sloan|Simbad|298.69892|+41.10183
299.0848750|+41.1722500| 5905457|19562037+4110201|4984.1| 0.042|-0.008|       |      |REJECT  |       |      |      |      |      |      |      |         |      |      |      |No Seis         |  0|KCat|Sloan|Simbad|299.08487|+41.17225
299.1131667|+41.1174722| 5905600|19562716+4107029|4441.1|-0.090| 0.152| 25.321| 3.257|RGB(S)  | 1.0460| 0.933| 0.042|11.365| 0.016| 2.297| 0.007| 8.96e-04| 0.008| 4.128| 0.462|                |  0|KCat|Sloan|Simbad|299.11317|+41.11747
299.1231250|+41.1265000| 5905655|19562955+4107354|4380.3|-0.056| 0.009| 13.352| 1.911|RGB     | 1.0436| 1.140| 0.044|17.364| 0.016| 2.016| 0.007| 3.07e-04| 0.008| 3.817| 0.573|                |  0|KCat|Sloan|Simbad|299.12312|+41.12650
299.1436667|+41.1204167| 5905736|19563448+4107135|4788.7| 0.230| 0.001| 90.807| 7.875|RGB     | 1.0268| 1.517| 0.037| 7.512| 0.013| 2.868| 0.007| 5.05e-03| 0.007| 3.459| 0.661|                |  0|KCat|Sloan|Simbad|299.14367|+41.12042
299.1831667|+41.1258056| 5905907|19564396+4107329|4890.0|-0.490| 0.134|120.568|10.947|RGB     | 1.0236| 0.994| 0.034| 5.248| 0.012| 2.995| 0.007| 9.69e-03| 0.007| 3.898| 0.127|                |  0|KCat|Sloan|Simbad|299.18317|+41.12581
299.2658750|+41.1075000| 5906289|19570381+4106270|4377.3| 0.066|-0.014|  9.621| 1.381|RGB     | 1.0349| 1.615| 0.044|24.350| 0.017| 1.873| 0.007| 1.58e-04| 0.008| 3.329| 0.818|                |  0|KCat|Sloan|Simbad|299.26587|+41.10750
282.6083333|+41.2493611| 5937398|18502600+4114577|4767.6|-0.013| 0.127|118.395|10.507|RGB     | 1.0266| 1.055| 0.035| 5.492| 0.012| 2.982| 0.007| 8.98e-03| 0.007| 3.968| 0.257|                |  1|KCat|Sloan|Simbad|282.60833|+41.24936
283.0789167|+41.2804444| 5938430|18521894+4116496|4607.0|-0.037| 0.154| 58.446| 5.934|RGB     | 1.0358| 1.144| 0.040| 8.208| 0.015| 2.668| 0.007| 2.92e-03| 0.007| 3.814| 0.207|                |  1|KCat|Sloan|Simbad|283.07892|+41.28044
283.8413750|+41.2320000| 5940060|18552193+4113552|4624.6|-0.223| 0.175| 52.408| 5.679|RGB     | 1.0382| 0.979| 0.040| 8.014| 0.015| 2.621| 0.007| 2.68e-03| 0.007| 4.024| 0.000|                |  1|KCat|Sloan|Simbad|283.84137|+41.23200
283.8450417|+41.2998056| 5940068|18552281+4117593|4641.0| 0.084| 0.066| 90.130| 8.356|RGB     | 1.0312| 1.098| 0.037| 6.464| 0.013| 2.858| 0.007| 5.73e-03| 0.007| 3.922| 0.219|                |  1|KCat|Sloan|Simbad|283.84504|+41.29981
284.1052917|+41.2990000| 5940587|18562527+4117564|4910.6|-0.177|-0.008|102.984| 9.034|RGB     | 1.0242| 1.340| 0.036| 6.588| 0.013| 2.928| 0.007| 6.61e-03| 0.007| 3.534| 0.265|                |  1|KCat|Sloan|Simbad|284.10529|+41.29900
285.4858750|+41.2445278| 5943345|19015661+4114403|4895.4| 0.102|-0.010| 49.714| 4.692|RC      | 1.0055| 2.221| 0.070|12.216| 0.019| 2.611| 0.009| 1.72e-03| 0.008| 3.011| 0.214|                |  0|KCat|Sloan|Simbad|285.48587|+41.24453
285.5342500|+41.2057778| 5943448|19020822+4112208|4607.6|-0.086| 0.048| 38.017| 4.339|RGB     | 1.0389| 1.088| 0.041| 9.928| 0.015| 2.481| 0.007| 1.57e-03| 0.007| 3.891| 0.190|                |  1|KCat|Sloan|Simbad|285.53425|+41.20578
286.0266250|+41.2970000| 5944493|19040639+4117492|5040.7|-0.302| 0.050| 31.794| 3.939|RC      | 0.9952| 1.274| 0.078|11.483| 0.023| 2.423| 0.010| 1.19e-03| 0.008| 3.465| 0.519|                |  1|KCat|Sloan|Simbad|286.02662|+41.29700
288.7185417|+41.2622222| 5950668|19145245+4115440|4278.7| 0.124| 0.017| 11.457| 1.692|RGB     | 1.0450| 1.127| 0.044|18.743| 0.017| 1.944| 0.007| 2.41e-04| 0.008| 3.888| 0.231|                |  0|KCat|Sloan|Simbad|288.71854|+41.26222
289.4302917|+41.2650000| 5952890|19174327+4115540|4623.7|-0.136| 0.076| 49.721| 5.275|RGB     | 1.0366| 1.130| 0.040| 8.837| 0.015| 2.598| 0.007| 2.31e-03| 0.007| 3.801| 0.089|                |  0|KCat|Sloan|Simbad|289.43029|+41.26500
289.5946667|+41.2359444| 5953450|19182272+4114094|5054.2|-0.678|-0.036|141.105|12.690|RGB     | 1.0201| 0.940| 0.033| 4.679| 0.011| 3.071| 0.007| 1.29e-02| 0.007| 3.930| 0.124|                |  0|KCat|Sloan|Simbad|289.59467|+41.23594
289.6790417|+41.2810000| 5953709|19184297+4116516|5089.0|-0.069| 0.034| 90.282| 7.293|RC      | 0.9914| 2.556| 0.052| 9.630| 0.011| 2.878| 0.008| 4.04e-03| 0.008| 2.756| 0.329|                |  0|KCat|Sloan|Simbad|289.67904|+41.28100
290.0221667|+41.2850556| 5954815|19200532+4117062|4793.5| 0.248| 0.011|157.233|12.521|RGB     | 1.0217| 1.259| 0.031| 5.199| 0.011| 3.106| 0.007| 1.26e-02| 0.007| 3.750| 0.447|                |  0|KCat|Sloan|Simbad|290.02217|+41.28506
290.4272500|+41.2156667| 5956105|19214254+4112564|4826.5| 0.188|-0.008| 52.538| 5.117|RC      | 1.0004| 1.852| 0.069|10.889| 0.019| 2.632| 0.009| 2.02e-03| 0.008| 3.180| 0.097|                |  0|KCat|Sloan|Simbad|290.42725|+41.21567
290.7178333|+41.2473056| 5956977|19225228+4114503|4786.4|-0.345| 0.237| 58.436| 5.754|RGB     | 1.0297| 1.401| 0.040| 9.000| 0.015| 2.676| 0.007| 2.71e-03| 0.007| 3.421| 0.087|                |  0|KCat|Sloan|Simbad|290.71783|+41.24731
291.5973750|+41.2580833| 5959615|19262337+4115291|4726.2| 0.092| 0.024| 28.708| 3.562|RC      | 1.0010| 1.244| 0.080|12.136| 0.024| 2.365| 0.010| 9.82e-04| 0.008| 3.589| 0.222|                |  0|KCat|Sloan|Simbad|291.59737|+41.25808
291.9092083|+41.2592500| 5960552|19273821+4115333|4703.7|-0.253| 0.152| 50.910| 5.498|RGB     | 1.0375| 1.051| 0.040| 8.388| 0.015| 2.612| 0.007| 2.51e-03| 0.007| 3.876| 0.439|                |  0|KCat|Sloan|Simbad|291.90921|+41.25925
291.9598333|+41.2679722| 5960710|19275036+4116047|4250.0| 0.274| 0.030| 12.608| 1.637|RGB(S)  | 1.0342| 1.765| 0.044|22.404| 0.016| 1.984| 0.007| 2.21e-04| 0.008| 3.251| 0.571|SeisUnc         |  0|KCat|Sloan|Simbad|291.95983|+41.26797
292.0632083|+41.2483333| 5961015|19281517+4114540|4939.6|-0.008| 0.085| 44.870| 4.330|RC      | 1.0094| 2.246| 0.072|12.901| 0.020| 2.568| 0.009| 1.48e-03| 0.008| 2.924| 0.390|                |  0|KCat|Sloan|Simbad|292.06321|+41.24833
292.3749583|+41.2234722| 5961985|19292999+4113245|4917.2| 0.288| 0.001|       |      |REJECT  |       |      |      |      |      |      |      |         |      |      |      |No Seis         |  0|KCat|Sloan|Simbad|292.37496|+41.22347
292.3880000|+41.2304722| 5962031|19293312+4113497|4333.3|-0.260| 0.203| 12.618| 1.868|RGB     | 1.0452| 1.032| 0.044|17.039| 0.016| 1.989| 0.007| 2.94e-04| 0.008| 3.900| 0.231|                |  0|KCat|Sloan|Simbad|292.38800|+41.23047
292.5184167|+41.2241667| 5962451|19300442+4113270|4801.7| 0.060| 0.010| 92.117| 8.183|RGB     | 1.0273| 1.362| 0.037| 7.060| 0.013| 2.874| 0.007| 5.46e-03| 0.007| 3.581| 0.225|                |  0|KCat|Sloan|Simbad|292.51842|+41.22417
292.5255000|+41.2177222| 5962470|19300612+4113038|4847.0|-0.052| 0.009| 36.607| 4.348|RC      | 0.9993| 1.215| 0.076|10.553| 0.022| 2.476| 0.010| 1.46e-03| 0.008| 3.583| 0.305|                |  0|KCat|Sloan|Simbad|292.52550|+41.21772
292.9322917|+41.2939722| 5963732|19314375+4117383|4539.2|-0.290| 0.066|  8.980| 1.534|RGB     | 1.0433| 0.883| 0.044|18.465| 0.017| 1.851| 0.007| 1.98e-04| 0.008| 4.138| 0.410|                |  0|KCat|Sloan|Simbad|292.93229|+41.29397
293.0174167|+41.2170278| 5964042|19320418+4113013|4819.2|-0.350| 0.064| 50.679| 5.453|RGB     | 1.0355| 1.120| 0.040| 8.624| 0.015| 2.616| 0.007| 2.46e-03| 0.007| 3.746| 0.370|                |  0|KCat|Sloan|Simbad|293.01742|+41.21703
293.1707917|+41.2803333| 5964634|19324099+4116492|4964.7|-0.903| 0.282| 27.914| 3.763|RC      | 0.9946| 1.014| 0.080|10.974| 0.024| 2.363| 0.010| 1.08e-03| 0.008| 3.643| 0.374|                |  0|KCat|Sloan|Simbad|293.17079|+41.28033
293.2910000|+41.2150833| 5965040|19330984+4112543|4773.9| 0.186| 0.000| 43.494| 4.384|RC      | 1.0148| 1.811| 0.073|11.866| 0.021| 2.547| 0.009| 1.53e-03| 0.008| 3.198| 0.309|                |  0|KCat|Sloan|Simbad|293.29100|+41.21508
293.6940833|+41.2059722| 5966386|19344658+4112215|4895.8| 0.031|-0.019| 54.528| 5.254|RC      | 1.0021| 1.889| 0.068|10.757| 0.018| 2.651| 0.009| 2.14e-03| 0.008| 3.136| 0.415|                |  0|KCat|Sloan|Simbad|293.69408|+41.20597
293.9164583|+41.2419722| 5967194|19353995+4114311|4771.4| 0.319|-0.001|166.609|13.041|RGB     | 1.0213| 1.267| 0.031| 5.071| 0.010| 3.130| 0.007| 1.37e-02| 0.007| 3.754| 0.239|                |  0|KCat|Sloan|Simbad|293.91646|+41.24197
296.1870417|+41.2715833| 5976238|19444489+4116177|4817.6| 0.107|-0.015| 48.428| 4.877|RC      | 0.9948| 1.792| 0.071|11.162| 0.020| 2.596| 0.009| 1.82e-03| 0.008| 3.194| 0.345|                |  0|KCat|Sloan|Simbad|296.18704|+41.27158
296.3035417|+41.2664722| 5976798|19451285+4115593|4953.2|-0.042|-0.003| 52.170| 5.092|RC      | 1.0041| 1.894| 0.069|10.980| 0.019| 2.634| 0.009| 2.02e-03| 0.008| 3.112| 0.578|                |  0|KCat|Sloan|Simbad|296.30354|+41.26647
296.4272500|+41.2132222| 5977341|19454254+4112476|5049.8| 0.093|-0.050| 96.309| 7.644|RC      | 0.9934| 2.520| 0.049| 9.276| 0.010| 2.905| 0.007| 4.45e-03| 0.008| 2.807| 0.547|                |  0|KCat|Sloan|Simbad|296.42725|+41.21322
296.4674167|+41.2690833| 5977508|19455218+4116087|4720.5| 0.267|-0.009| 45.140| 4.602|RC      | 1.0007| 1.734| 0.072|11.430| 0.020| 2.561| 0.009| 1.64e-03| 0.008| 3.251| 0.587|                |  0|KCat|Sloan|Simbad|296.46742|+41.26908
297.3107500|+41.2392500| 5981329|19491458+4114213|4880.4|-0.105| 0.031| 39.218| 4.373|RC      | 1.0048| 1.443| 0.075|11.093| 0.022| 2.507| 0.010| 1.49e-03| 0.008| 3.366| 0.489|                |  0|KCat|Sloan|Simbad|297.31075|+41.23925
297.3792500|+41.2382500| 5981666|19493102+4114177|5064.4| 0.127|-0.031| 91.354| 7.570|RC      | 1.0013| 2.176| 0.051| 8.844| 0.011| 2.882| 0.008| 4.44e-03| 0.008| 3.008| 0.186|                |  0|KCat|Sloan|Simbad|297.37925|+41.23825
297.3853750|+41.2054444| 5981697|19493249+4112196|4864.6|-0.175| 0.048| 36.426| 4.273|RC      | 0.9960| 1.307| 0.076|10.963| 0.022| 2.474| 0.010| 1.40e-03| 0.008| 3.482| 0.474|                |  0|KCat|Sloan|Simbad|297.38537|+41.20544
297.5982917|+41.2231111| 5982708|19502359+4113232|4961.4| 0.121|-0.019| 58.897| 5.023|RC(S)   | 1.0000| 2.932| 0.066|12.850| 0.017| 2.687| 0.009| 1.95e-03| 0.008| 2.645| 0.622|                |  0|KCat|Sloan|Simbad|297.59829|+41.22311
297.7128333|+41.2649167| 5983251|19505108+4115537|3962.0| 0.363| 0.033|  4.908| 0.905|RGB     | 1.0425| 0.974| 0.044|27.145| 0.017| 1.559| 0.007| 6.87e-05| 0.008| 4.164| 1.367|Ageold, SeisUnc |  0|KCat|Sloan|Simbad|297.71283|+41.26492
297.7235000|+41.2431944| 5983299|19505364+4114355|4902.2| 0.144|-0.026| 63.431| 5.803|RC      | 1.0020| 2.003| 0.064|10.265| 0.016| 2.717| 0.009| 2.61e-03| 0.008| 3.099| 0.202|                |  0|KCat|Sloan|Simbad|297.72350|+41.24319
298.1642083|+41.2340278| 5985218|19523941+4114025|4388.8| 0.002|-0.041| 10.340| 1.389|RGB(S)  | 1.0262| 2.033| 0.044|26.335| 0.017| 1.905| 0.007| 1.57e-04| 0.008| 2.989| 0.793|                |  0|KCat|Sloan|Simbad|298.16421|+41.23403
299.3055000|+41.2635000| 5990753|19571332+4115486|5029.4| 0.234|-0.026| 97.284| 7.625|RC(S)   | 0.9962| 2.578| 0.049| 9.345| 0.010| 2.908| 0.007| 4.46e-03| 0.008| 2.797| 0.486|                |  0|KCat|Sloan|Simbad|299.30550|+41.26350
284.3813333|+41.3354444| 6023638|18573152+4120076|4645.8| 0.046| 0.054| 58.877| 6.024|RGB     | 1.0364| 1.112| 0.040| 8.046| 0.015| 2.673| 0.007| 3.01e-03| 0.007| 3.892| 0.259|                |  1|KCat|Sloan|Simbad|284.38133|+41.33544
284.7485417|+41.3511944| 6024360|18585965+4121043|4866.3|-0.194| 0.057| 31.901| 3.992|RC      | 0.9969| 1.148| 0.078|10.981| 0.023| 2.417| 0.010| 1.22e-03| 0.008| 3.607| 0.304|                |  0|KCat|Sloan|Simbad|284.74854|+41.35119
285.1020417|+41.3153611| 6025031|19002449+4118553|4576.2| 0.240| 0.018| 58.118| 5.931|RGB     | 1.0370| 1.111| 0.040| 8.124| 0.015| 2.664| 0.007| 2.92e-03| 0.007| 3.947| 0.276|                |  1|KCat|Sloan|Simbad|285.10204|+41.31536
285.3877083|+41.3340278| 6025641|19013305+4120025|4757.9| 0.370| 0.014|121.341| 9.864|RGB     | 1.0245| 1.470| 0.034| 6.406| 0.012| 2.992| 0.007| 7.88e-03| 0.007| 3.535| 0.348|                |  1|KCat|Sloan|Simbad|285.38771|+41.33403
285.6491250|+41.3480000| 6026188|19023579+4120528|4594.7|-0.015| 0.037| 52.713| 5.626|RGB     | 1.0378| 1.026| 0.040| 8.193| 0.015| 2.622| 0.007| 2.63e-03| 0.007| 3.983| 0.123|                |  0|KCat|Sloan|Simbad|285.64912|+41.34800
286.0025000|+41.3312222| 6026983|19040060+4119524|4707.1| 0.252| 0.018| 84.776| 7.702|RGB     | 1.0302| 1.298| 0.037| 7.221| 0.013| 2.834| 0.007| 4.86e-03| 0.007| 3.710| 0.416|                |  1|KCat|Sloan|Simbad|286.00250|+41.33122
288.5622917|+41.3120000| 6032639|19141495+4118432|4861.8| 0.018|-0.023| 45.176| 4.699|RC      | 0.9898| 1.746| 0.072|11.381| 0.020| 2.568| 0.009| 1.67e-03| 0.008| 3.201| 0.315|                |  0|KCat|Sloan|Simbad|288.56229|+41.31200
289.0244583|+41.3016667| 6033938|19160587+4118060|4803.3| 0.074| 0.005|162.679|13.271|RGB     | 1.0214| 1.110| 0.031| 4.796| 0.011| 3.121| 0.007| 1.42e-02| 0.007| 3.891| 0.100|                |  0|KCat|Sloan|Simbad|289.02446|+41.30167
289.1067917|+41.3103056| 6034166|19162563+4118371|4686.8| 0.363| 0.011|106.596| 9.002|RGB     | 1.0270| 1.391| 0.036| 6.673| 0.013| 2.933| 0.007| 6.60e-03| 0.007| 3.623| 0.202|                |  0|KCat|Sloan|Simbad|289.10679|+41.31031
289.4682083|+41.3318611| 6035199|19175237+4119547|4900.5|-0.383| 0.152|       |      |REJECT  |       |      |      |      |      |      |      |         |      |      |      |No Seis         |  0|KCat|Sloan|Simbad|289.46821|+41.33186
290.1043750|+41.3835556| 6037102|19202505+4123008|4660.5|-0.059| 0.037| 49.058| 5.277|RGB     | 1.0373| 1.094| 0.040| 8.736| 0.015| 2.594| 0.007| 2.31e-03| 0.007| 3.883| 0.132|                |  0|KCat|Sloan|Simbad|290.10437|+41.38356
290.2610417|+41.3770833| 6037660|19210265+4122375|4716.0|-0.080| 0.096| 30.241| 3.991|RC      | 0.9998| 0.924| 0.079|10.196| 0.024| 2.387| 0.010| 1.23e-03| 0.008| 3.870| 0.131|                |  0|KCat|Sloan|Simbad|290.26104|+41.37708
290.2973750|+41.3418333| 6037811|19211137+4120306|4897.7|-0.106| 0.024| 41.174| 4.508|RC      | 0.9989| 1.522| 0.074|11.109| 0.021| 2.529| 0.010| 1.57e-03| 0.008| 3.299| 0.240|                |  0|KCat|Sloan|Simbad|290.29737|+41.34183
290.3145000|+41.3655833| 6037858|19211548+4121561|4755.4| 0.150|-0.013| 43.642| 4.574|RC      | 0.9980| 1.641| 0.073|11.288| 0.021| 2.548| 0.009| 1.61e-03| 0.008| 3.283| 0.102|                |  0|KCat|Sloan|Simbad|290.31450|+41.36558
290.4490417|+41.3126944| 6038302|19214777+4118457|4630.8| 0.219| 0.022| 61.927| 6.121|RGB     | 1.0352| 1.214| 0.039| 8.204| 0.014| 2.694| 0.007| 3.10e-03| 0.007| 3.805| 0.232|                |  0|KCat|Sloan|Simbad|290.44904|+41.31269
291.4297917|+41.3980278| 6041223|19254315+4123529|4613.8| 0.122| 0.033| 53.723| 5.516|RGB     | 1.0360| 1.191| 0.040| 8.733| 0.015| 2.632| 0.007| 2.52e-03| 0.007| 3.806| 0.098|                |  0|KCat|Sloan|Simbad|291.42979|+41.39803
291.5527917|+41.3656111| 6041575|19261267+4121562|4479.1|-0.360| 0.158| 16.239| 2.347|RGB     | 1.0463| 0.922| 0.043|14.083| 0.016| 2.106| 0.007| 4.66e-04| 0.008| 4.034| 0.090|                |  0|KCat|Sloan|Simbad|291.55279|+41.36561
292.0705000|+41.3906111| 6043187|19281692+4123262|4656.1| 0.091| 0.008| 62.928| 6.247|RGB     | 1.0347| 1.186| 0.039| 8.032| 0.014| 2.702| 0.007| 3.23e-03| 0.007| 3.801| 0.132|                |  0|KCat|Sloan|Simbad|292.07050|+41.39061
292.3486667|+41.3709167| 6044054|19292368+4122153|4717.0|-0.436| 0.208| 71.441| 7.264|RGB     | 1.0332| 0.973| 0.038| 6.809| 0.014| 2.760| 0.007| 4.35e-03| 0.007| 3.956| 0.000|                |  0|KCat|Sloan|Simbad|292.34867|+41.37092
292.6607083|+41.3116944| 6045141|19303857+4118421|4660.3|-1.736| 0.227|  2.343| 0.527|RGB     | 1.0027| 1.369| 0.045|44.723| 0.017| 1.273| 0.007| 2.16e-05| 0.008| 3.286| 0.141|                |  0|KCat|Sloan|Simbad|292.66071|+41.31169
292.7062083|+41.3179167| 6045299|19304949+4119045|4501.0| 0.298| 0.060| 26.784| 3.421|RC      | 0.9980| 1.117| 0.081|12.050| 0.025| 2.324| 0.010| 9.00e-04| 0.008| 3.746| 0.097|                |  0|KCat|Sloan|Simbad|292.70621|+41.31792
292.7718333|+41.3928333| 6045509|19310524+4123342|4543.4| 0.486|-0.014| 66.694| 6.432|RGB     | 1.0360| 1.205| 0.039| 7.914| 0.014| 2.722| 0.007| 3.43e-03| 0.007| 3.858| 0.374|                |  0|KCat|Sloan|Simbad|292.77183|+41.39283
293.3447083|+41.3513611| 6047339|19332273+4121049|4593.9|-0.165| 0.013| 20.838| 2.602|RGB     | 1.0368| 1.391| 0.043|15.171| 0.016| 2.219| 0.007| 5.62e-04| 0.008| 3.493| 0.217|                |  0|KCat|Sloan|Simbad|293.34471|+41.35136
293.4402500|+41.3900556| 6047683|19334566+4123242|4836.7|-0.104| 0.031| 34.691| 4.021|RC      | 0.9959| 1.428| 0.077|11.760| 0.023| 2.452| 0.010| 1.24e-03| 0.008| 3.382| 0.272|                |  0|KCat|Sloan|Simbad|293.44025|+41.39006
293.7362500|+41.3926667| 6048671|19345670+4123336|4246.9|-0.101| 0.167|  7.087| 1.279|RGB     | 1.0249| 0.873| 0.044|21.019| 0.017| 1.734| 0.007| 1.33e-04| 0.008| 4.218| 0.273|Ageold          |  0|KCat|Sloan|Simbad|293.73625|+41.39267
293.7903333|+41.3675000| 6048862|19350968+4122030|4991.2|-0.203| 0.060| 37.821| 4.120|RC      | 1.0097| 1.665| 0.076|12.067| 0.022| 2.496| 0.010| 1.34e-03| 0.008| 3.188| 0.418|                |  0|KCat|Sloan|Simbad|293.79033|+41.36750
293.9413750|+41.3059444| 6049399|19354593+4118214|4144.6|-0.562| 0.228|  3.181| 0.641|RGB     | 1.0241| 1.206| 0.044|37.103| 0.017| 1.381| 0.007| 3.33e-05| 0.008| 3.574| 0.351|                |  0|KCat|Sloan|Simbad|293.94137|+41.30594
293.9605833|+41.3069167| 6049459|19355054+4118249|4607.4| 0.092|-0.044| 18.437| 2.259|RGB     | 1.0336| 1.723| 0.043|17.936| 0.016| 2.167| 0.007| 4.21e-04| 0.008| 3.236| 0.289|                |  0|KCat|Sloan|Simbad|293.96058|+41.30692
296.0569167|+41.3816944| 6057532|19441366+4122541|4803.0| 0.164|-0.010| 48.075| 4.853|RC(S)   | 0.9971| 1.764| 0.071|11.122| 0.020| 2.592| 0.009| 1.81e-03| 0.008| 3.220| 0.518|                |  0|KCat|Sloan|Simbad|296.05692|+41.38169
296.1869583|+41.3181389| 6058104|19444487+4119053|4988.2|-0.242| 0.053|175.432|14.030|RGB     | 1.0180| 1.195| 0.030| 4.748| 0.010| 3.162| 0.007| 1.58e-02| 0.006| 3.672| 0.368|                |  0|KCat|Sloan|Simbad|296.18696|+41.31814
296.3269583|+41.3159444| 6058700|19451847+4118574|4775.9| 0.000| 0.028| 53.536| 5.329|RGB     | 1.0319| 1.448| 0.040| 9.564| 0.015| 2.638| 0.007| 2.34e-03| 0.007| 3.464| 0.616|                |  0|KCat|Sloan|Simbad|296.32696|+41.31594
296.3807500|+41.3283889| 6058941|19453138+4119422|4900.2|-0.314| 0.066| 99.105| 9.210|RGB     | 1.0265| 1.093| 0.036| 6.067| 0.013| 2.911| 0.007| 6.90e-03| 0.007| 3.785| 0.388|                |  0|KCat|Sloan|Simbad|296.38075|+41.32839
296.8333750|+41.3791944| 6060867|19472001+4122451|4790.7|-0.063| 0.010| 65.574| 6.280|RGB     | 1.0304| 1.394| 0.039| 8.472| 0.014| 2.726| 0.007| 3.23e-03| 0.007| 3.516| 0.197|                |  0|KCat|Sloan|Simbad|296.83337|+41.37919
296.8437083|+41.3660556| 6060903|19472249+4121578|4852.7|-0.215| 0.049| 34.150| 4.085|RC      | 0.9899| 1.316| 0.077|11.371| 0.023| 2.446| 0.010| 1.26e-03| 0.008| 3.452| 0.242|                |  0|KCat|Sloan|Simbad|296.84371|+41.36606
297.0413333|+41.3908056| 6061867|19480992+4123269|4843.4|-0.171| 0.038|111.947| 9.965|RGB     | 1.0254| 1.134| 0.035| 5.832| 0.012| 2.961| 0.007| 8.06e-03| 0.007| 3.790| 0.221|                |  0|KCat|Sloan|Simbad|297.04133|+41.39081
297.4705417|+41.3250278| 6063745|19495293+4119301|4722.3|-0.186| 0.137| 72.520| 7.236|RGB     | 1.0335| 1.034| 0.038| 6.964| 0.014| 2.767| 0.007| 4.32e-03| 0.007| 3.936| 0.451|                |  0|KCat|Sloan|Simbad|297.47054|+41.32503
298.0887500|+41.3625833| 6066204|19522130+4121453|3851.8| 0.116| 0.020|       |      |REJECT  |       |      |      |      |      |      |      |         |      |      |      |No Seis         |  0|KCat|Sloan|Simbad|298.08875|+41.36258
298.3377500|+41.3921389| 6067314|19532106+4123317|4981.6| 0.121|-0.046| 88.110| 7.518|RC      | 1.0002| 1.967| 0.053| 8.597| 0.011| 2.863| 0.008| 4.37e-03| 0.008| 3.025| 0.207|                |  0|KCat|Sloan|Simbad|298.33775|+41.39214
298.5177917|+41.3360556| 6067958|19540427+4120098|4277.9| 0.313| 0.014| 17.405| 2.302|RGB     | 1.0452| 1.150| 0.043|15.365| 0.016| 2.126| 0.007| 4.47e-04| 0.008| 3.906| 1.177|                |  0|KCat|Sloan|Simbad|298.51779|+41.33606
298.5277083|+41.3030833| 6067987|19540665+4118111|4883.8|-0.066| 0.002| 38.285| 4.144|RC      | 1.0134| 1.610| 0.075|11.858| 0.022| 2.497| 0.010| 1.36e-03| 0.008| 3.261| 0.301|                |  0|KCat|Sloan|Simbad|298.52771|+41.30308
299.0202500|+41.3733611| 6070366|19560486+4122241|5060.8| 0.092|-0.018| 69.920| 5.942|RC      | 0.9840| 2.753| 0.061|11.373| 0.015| 2.766| 0.008| 2.64e-03| 0.008| 2.730| 0.370|                |  0|KCat|Sloan|Simbad|299.02025|+41.37336
299.0327500|+41.3307500| 6070419|19560786+4119507|4883.7|-0.173| 0.031|112.749| 9.709|RGB     | 1.0236| 1.311| 0.035| 6.236| 0.012| 2.966| 0.007| 7.63e-03| 0.007| 3.573| 0.277|                |  0|KCat|Sloan|Simbad|299.03275|+41.33075
282.5796250|+41.4303611| 6100524|18501911+4125493|4738.6|-0.241| 0.152| 85.737| 8.308|RGB     | 1.0311| 0.998| 0.037| 6.287| 0.013| 2.840| 0.007| 5.67e-03| 0.007| 3.957| 0.156|                |  1|KCat|Sloan|Simbad|282.57962|+41.43036
282.7172917|+41.4096111| 6100831|18505215+4124346|4719.2|-0.193| 0.153| 26.418| 3.583|RC      | 1.0042| 0.933| 0.081|10.960| 0.025| 2.328| 0.010| 1.00e-03| 0.008| 3.831| 0.196|                |  1|KCat|Sloan|Simbad|282.71729|+41.40961
282.9859167|+41.4539722| 6101471|18515662+4127143|4886.5|-0.106| 0.032|104.516| 9.189|RGB     | 1.0250| 1.295| 0.036| 6.437| 0.013| 2.933| 0.007| 6.85e-03| 0.007| 3.590| 0.218|                |  1|KCat|Sloan|Simbad|282.98592|+41.45397
283.7879167|+41.4868611| 6103082|18550910+4129127|4909.0| 0.026|-0.018|223.129|16.417|RGB     | 1.0169| 1.286| 0.028| 4.384| 0.009| 3.263| 0.007| 2.15e-02| 0.006| 3.658| 0.202|                |  1|KCat|Sloan|Simbad|283.78792|+41.48686
284.1914167|+41.4677222| 6103934|18564594+4128038|4824.7| 0.120|-0.034| 98.768| 8.391|RGB     | 1.0247| 1.544| 0.036| 7.252| 0.013| 2.906| 0.007| 5.71e-03| 0.007| 3.401| 0.073|                |  1|KCat|Sloan|Simbad|284.19142|+41.46772
284.6444167|+41.4748889| 6104786|18583466+4128296|4934.3|-0.272| 0.079|167.927|13.846|RGB     | 1.0189| 1.083| 0.031| 4.633| 0.010| 3.141| 0.007| 1.54e-02| 0.006| 3.826| 0.169|                |  1|KCat|Sloan|Simbad|284.64442|+41.47489
285.6426667|+41.4413889| 6106895|19023424+4126290|4823.4|-0.168| 0.061| 31.136| 3.884|RC      | 0.9974| 1.173| 0.079|11.261| 0.024| 2.404| 0.010| 1.16e-03| 0.008| 3.606| 0.307|                |  1|KCat|Sloan|Simbad|285.64267|+41.44139
288.6514167|+41.4038611| 6113813|19143634+4124139|5096.5| 0.044|-0.020|175.240|12.625|RGB     | 1.0104| 1.933| 0.030| 6.009| 0.010| 3.167| 0.007| 1.26e-02| 0.006| 3.062| 0.287|                |  0|KCat|Sloan|Simbad|288.65142|+41.40386
288.7614583|+41.4244722| 6114108|19150275+4125281|4623.8| 0.337| 0.031| 87.271| 7.972|RGB     | 1.0320| 1.193| 0.037| 6.853| 0.013| 2.843| 0.007| 5.23e-03| 0.007| 3.856| 0.200|                |  0|KCat|Sloan|Simbad|288.76146|+41.42447
288.9039167|+41.4014722| 6114507|19153694+4124053|4483.6|-0.017| 0.056| 24.086| 3.012|RGB     | 1.0419| 1.131| 0.043|12.802| 0.016| 2.277| 0.007| 7.60e-04| 0.008| 3.831| 0.153|                |  0|KCat|Sloan|Simbad|288.90392|+41.40147
289.2769583|+41.4116667| 6115575|19170647+4124420|4625.9| 0.234|-0.029| 48.257| 4.841|RGB     | 1.0335| 1.475| 0.040|10.249| 0.015| 2.586| 0.007| 1.93e-03| 0.007| 3.509| 0.150|                |  0|KCat|Sloan|Simbad|289.27696|+41.41167
289.5920000|+41.4115833| 6116517|19182208+4124417|4612.0| 0.449| 0.026|116.323|10.072|RGB     | 1.0294| 1.115| 0.035| 5.744| 0.012| 2.967| 0.007| 8.30e-03| 0.007| 3.971| 0.246|                |  0|KCat|Sloan|Simbad|289.59200|+41.41158
289.7230417|+41.4769167| 6116940|19185353+4128369|4682.4| 0.022|-0.022| 41.662| 4.222|RGB(S)  | 1.0310| 1.688| 0.041|11.762| 0.015| 2.524| 0.007| 1.46e-03| 0.007| 3.252| 0.152|                |  0|KCat|Sloan|Simbad|289.72304|+41.47692
289.7968333|+41.4748889| 6117196|19191124+4128296|4711.6| 0.108| 0.091|115.877|10.232|RGB     | 1.0276| 1.076| 0.035| 5.624| 0.012| 2.970| 0.007| 8.54e-03| 0.007| 3.960| 0.152|                |  0|KCat|Sloan|Simbad|289.79683|+41.47489
289.8941250|+41.4807778| 6117517|19193459+4128508|4687.5| 0.298| 0.000|117.952|10.094|RGB     | 1.0271| 1.192| 0.035| 5.872| 0.012| 2.977| 0.007| 8.30e-03| 0.007| 3.847| 0.069|                |  0|KCat|Sloan|Simbad|289.89412|+41.48078
290.1847083|+41.4543889| 6118479|19204433+4127158|4792.5| 0.025|-0.020| 62.361| 5.942|RGB     | 1.0299| 1.500| 0.039| 9.011| 0.014| 2.705| 0.007| 2.89e-03| 0.007| 3.429| 0.165|                |  0|KCat|Sloan|Simbad|290.18471|+41.45439
290.2487500|+41.4204167| 6118670|19205970+4125135|4829.2| 0.052| 0.011|131.873|11.106|RGB     | 1.0234| 1.206| 0.033| 5.545| 0.012| 3.031| 0.007| 9.97e-03| 0.007| 3.761| 0.083|                |  0|KCat|Sloan|Simbad|290.24875|+41.42042
290.2825417|+41.4370556| 6118789|19210781+4126134|4557.7| 0.234| 0.002| 47.012| 4.999|RGB     | 1.0376| 1.155| 0.041| 9.221| 0.015| 2.571| 0.007| 2.08e-03| 0.007| 3.884| 0.164|                |  0|KCat|Sloan|Simbad|290.28254|+41.43706
290.5741250|+41.4898333| 6119774|19221779+4129234|4848.0| 0.006| 0.006|111.844| 9.619|RGB     | 1.0247| 1.308| 0.035| 6.265| 0.012| 2.961| 0.007| 7.50e-03| 0.007| 3.610| 0.198|                |  0|KCat|Sloan|Simbad|290.57412|+41.48983
291.5097917|+41.4424722| 6122562|19260235+4126329|4825.7|-0.286| 0.170| 32.922| 4.020|RC      | 1.0048| 1.175| 0.078|10.955| 0.023| 2.429| 0.010| 1.26e-03| 0.008| 3.565| 0.131|                |  0|KCat|Sloan|Simbad|291.50979|+41.44247
291.5349167|+41.4158333| 6122627|19260838+4124570|4836.7| 0.141|-0.019| 42.232| 4.456|RC      | 1.0016| 1.669| 0.073|11.524| 0.021| 2.537| 0.010| 1.54e-03| 0.008| 3.264| 0.224|                |  0|KCat|Sloan|Simbad|291.53492|+41.41583
291.5494167|+41.4429722| 6122692|19261186+4126347|4663.9| 0.009| 0.043| 44.554| 4.787|RGB     | 1.0368| 1.214| 0.041| 9.655| 0.015| 2.553| 0.007| 1.90e-03| 0.007| 3.752| 0.191|                |  0|KCat|Sloan|Simbad|291.54942|+41.44297
291.6377500|+41.4480833| 6122976|19263306+4126531|4081.5|-0.149| 0.007|  2.531| 0.488|RGB     | 1.0162| 1.823| 0.044|51.322| 0.017| 1.278| 0.007| 1.90e-05| 0.008| 3.100| 0.273|SeisUnc         |  0|KCat|Sloan|Simbad|291.63775|+41.44808
291.7140417|+41.4622778| 6123202|19265137+4127442|4587.3| 0.151| 0.006| 53.834| 5.450|RGB     | 1.0350| 1.251| 0.040| 8.955| 0.015| 2.631| 0.007| 2.46e-03| 0.007| 3.739| 0.100|                |  0|KCat|Sloan|Simbad|291.71404|+41.46228
292.0460417|+41.4136389| 6124244|19281105+4124491|4347.2|-0.256| 0.050|  5.233| 1.056|RGB     | 1.0173| 0.806| 0.044|23.370| 0.017| 1.607| 0.007| 8.91e-05| 0.008| 4.245| 0.163|Ageold, SeisUnc |  0|KCat|Sloan|Simbad|292.04604|+41.41364
292.5402083|+41.4996111| 6125862|19300965+4129586|4778.9| 0.006|-0.003| 37.159| 4.184|RC      | 0.9989| 1.453| 0.076|11.497| 0.022| 2.479| 0.010| 1.35e-03| 0.008| 3.378| 0.238|                |  0|KCat|Sloan|Simbad|292.54021|+41.49961
292.5509583|+41.4769167| 6125893|19301223+4128369|4270.6| 0.183| 0.048|  7.502| 1.193|RGB     | 1.0404| 1.300| 0.044|24.888| 0.017| 1.760| 0.007| 1.19e-04| 0.008| 3.692| 0.300|SeisUnc         |  0|KCat|Sloan|Simbad|292.55096|+41.47692
292.6441667|+41.4975000| 6126168|19303460+4129510|4767.3|-0.462| 0.240| 24.752| 3.547|RC      | 0.9969| 0.835| 0.082|10.683| 0.025| 2.302| 0.010| 9.65e-04| 0.008| 3.898| 0.200|                |  0|KCat|Sloan|Simbad|292.64417|+41.49750
292.7913333|+41.4735000| 6126628|19310992+4128246|4722.4|-0.211| 0.003| 39.505| 4.386|RGB     | 1.0359| 1.227| 0.041|10.278| 0.015| 2.503| 0.007| 1.59e-03| 0.007| 3.641| 0.313|                |  0|KCat|Sloan|Simbad|292.79133|+41.47350
292.8453333|+41.4488056| 6126808|19312288+4126557|4791.8| 0.211| 0.007|162.099|13.050|RGB     | 1.0217| 1.169| 0.031| 4.934| 0.011| 3.119| 0.007| 1.37e-02| 0.007| 3.853| 0.131|                |  0|KCat|Sloan|Simbad|292.84533|+41.44881
293.1583750|+41.4138611| 6127825|19323801+4124499|4998.8| 0.044|-0.017|106.876| 8.486|RC      | 0.9950| 2.219| 0.047| 8.284| 0.009| 2.948| 0.007| 5.50e-03| 0.008| 2.976| 0.134|                |  0|KCat|Sloan|Simbad|293.15837|+41.41386
293.3110417|+41.4970278| 6128337|19331465+4129493|4687.1| 0.174| 0.013| 67.552| 6.554|RGB     | 1.0338| 1.227| 0.039| 7.874| 0.014| 2.734| 0.007| 3.54e-03| 0.007| 3.772| 0.129|                |  0|KCat|Sloan|Simbad|293.31104|+41.49703
293.3394583|+41.4207500| 6128428|19332147+4125147|4814.7| 0.152|-0.008| 46.807| 4.748|RC      | 1.0001| 1.761| 0.071|11.257| 0.020| 2.581| 0.009| 1.74e-03| 0.008| 3.218| 0.243|                |  0|KCat|Sloan|Simbad|293.33946|+41.42075
293.4397917|+41.4276944| 6128774|19334555+4125397|4986.4|-0.118|-0.012| 45.227| 4.791|RC      | 0.9973| 1.634| 0.072|10.933| 0.020| 2.574| 0.009| 1.76e-03| 0.008| 3.225| 0.232|                |  0|KCat|Sloan|Simbad|293.43979|+41.42769
293.4813750|+41.4980833| 6128903|19335553+4129531|4636.4|-0.153| 0.149| 74.713| 7.329|RGB     | 1.0330| 1.048| 0.038| 6.937| 0.014| 2.776| 0.007| 4.43e-03| 0.007| 3.914| 0.076|                |  0|KCat|Sloan|Simbad|293.48137|+41.49808
293.6011667|+41.4908889| 6129293|19342428+4129272|4395.1|-0.048| 0.025| 16.242| 2.156|RGB     | 1.0402| 1.290| 0.043|16.733| 0.016| 2.102| 0.007| 3.88e-04| 0.008| 3.635| 0.321|                |  0|KCat|Sloan|Simbad|293.60117|+41.49089
293.6363333|+41.4166389| 6129411|19343272+4124599|5079.1| 0.028|-0.019| 87.414| 7.182|RC      | 0.9887| 2.487| 0.053| 9.658| 0.011| 2.864| 0.008| 3.89e-03| 0.008| 2.850| 0.269|                |  0|KCat|Sloan|Simbad|293.63633|+41.41664
293.6876250|+41.4341389| 6129581|19344503+4126029|4806.6| 0.114| 0.008| 47.195| 4.817|RC      | 0.9924| 1.753| 0.071|11.190| 0.020| 2.584| 0.009| 1.76e-03| 0.008| 3.211| 0.368|                |  0|KCat|Sloan|Simbad|293.68762|+41.43414
293.6991667|+41.4021944| 6129632|19344780+4124079|5067.3|-0.122| 0.019|154.478|11.089|RGB     | 0.9880| 2.413| 0.032| 7.161| 0.011| 3.111| 0.007| 9.27e-03| 0.007| 2.754| 0.123|                |  0|KCat|Sloan|Simbad|293.69917|+41.40219
293.9229167|+41.4580556| 6130405|19354150+4127290|4678.2| 0.072|-0.003| 50.535| 5.110|RGB     | 1.0338| 1.386| 0.040| 9.680| 0.015| 2.608| 0.007| 2.16e-03| 0.007| 3.562| 0.237|                |  0|KCat|Sloan|Simbad|293.92292|+41.45806
294.0279583|+41.4399444| 6130752|19360671+4126238|5127.8| 0.016| 0.006| 89.790| 7.445|RC      | 0.9901| 2.353| 0.052| 9.248| 0.011| 2.878| 0.008| 4.20e-03| 0.008| 2.913| 0.298|                |  0|KCat|Sloan|Simbad|294.02796|+41.43994
294.3434583|+41.4574722| 6131884|19372243+4127269|4874.2|-0.543| 0.192| 27.018| 3.703|RGB(S)  | 1.0335| 0.818| 0.042|10.064| 0.016| 2.345| 0.007| 1.13e-03| 0.008| 4.186| 0.274|Ageold          |  0|KCat|Sloan|Simbad|294.34346|+41.45747
296.2347500|+41.4083333| 6139471|19445634+4124300|5053.9| 0.051|-0.022|245.975|16.897|RGB     | 1.0150| 1.616| 0.028| 4.647| 0.009| 3.312| 0.007| 2.27e-02| 0.006| 3.302| 0.466|                |  0|KCat|Sloan|Simbad|296.23475|+41.40833
296.2559583|+41.4665833| 6139561|19450143+4127597|4780.0| 0.241| 0.006| 96.409| 7.986|RGB     | 1.0234| 1.735| 0.036| 7.799| 0.013| 2.893| 0.007| 5.16e-03| 0.007| 3.254| 0.231|                |  0|KCat|Sloan|Simbad|296.25596|+41.46658
296.3507083|+41.4326389| 6140030|19452417+4125575|4786.0| 0.037|-0.012| 38.735| 4.333|RC      | 0.9992| 1.432| 0.075|11.176| 0.022| 2.497| 0.010| 1.45e-03| 0.008| 3.422| 0.171|                |  0|KCat|Sloan|Simbad|296.35071|+41.43264
296.3760000|+41.4998056| 6140132|19453024+4129593|4726.2|-0.072| 0.004| 35.494| 3.827|RGB     | 1.0326| 1.558| 0.042|12.216| 0.015| 2.457| 0.007| 1.21e-03| 0.007| 3.343| 0.425|                |  0|KCat|Sloan|Simbad|296.37600|+41.49981
296.5121667|+41.4483889| 6140748|19460292+4126542|4613.7| 0.270| 0.006| 32.390| 4.004|RC      | 1.0030| 1.070| 0.078|10.662| 0.023| 2.412| 0.010| 1.25e-03| 0.008| 3.780| 0.408|                |  0|KCat|Sloan|Simbad|296.51217|+41.44839
296.5598750|+41.4331389| 6140947|19461437+4125593|4897.0|-0.070|-0.014| 46.701| 4.809|RC      | 1.0000| 1.706| 0.071|11.044| 0.020| 2.584| 0.009| 1.79e-03| 0.008| 3.201| 0.345|                |  0|KCat|Sloan|Simbad|296.55987|+41.43314
296.6851667|+41.4059444| 6141488|19464444+4124214|5047.1|-0.031|-0.018|194.412|14.375|RGB     | 1.0171| 1.507| 0.029| 5.050| 0.010| 3.210| 0.007| 1.65e-02| 0.006| 3.384| 0.297|                |  0|KCat|Sloan|Simbad|296.68517|+41.40594
296.8515833|+41.4217500| 6142229|19472438+4125183|5055.2|-0.047|-0.018| 87.843| 7.349|RC      | 0.9992| 2.191| 0.053| 9.053| 0.011| 2.865| 0.008| 4.16e-03| 0.008| 3.001| 0.537|                |  0|KCat|Sloan|Simbad|296.85158|+41.42175
296.9863333|+41.4029167| 6142932|19475672+4124105|4678.1| 0.060| 0.014| 41.615| 4.308|RGB     | 1.0332| 1.536| 0.041|11.230| 0.015| 2.524| 0.007| 1.53e-03| 0.007| 3.405| 0.334|                |  0|KCat|Sloan|Simbad|296.98633|+41.40292
296.9937500|+41.4547778| 6142964|19475850+4127172|4591.2| 0.323| 0.011| 58.795| 5.851|RGB     | 1.0356| 1.226| 0.040| 8.480| 0.015| 2.670| 0.007| 2.83e-03| 0.007| 3.810| 0.295|                |  0|KCat|Sloan|Simbad|296.99375|+41.45478
297.4021250|+41.4039722| 6144777|19493651+4124143|4753.6| 0.167|-0.009|128.077|10.955|RGB     | 1.0255| 1.130| 0.034| 5.468| 0.012| 3.015| 0.007| 9.74e-03| 0.007| 3.893| 0.230|                |  0|KCat|Sloan|Simbad|297.40212|+41.40397
298.2196250|+41.4623889| 6148227|19525271+4127446|5013.9| 0.096|-0.030| 56.746| 5.014|RC      | 1.0045| 2.636| 0.067|12.382| 0.018| 2.673| 0.009| 1.96e-03| 0.008| 2.772| 0.825|                |  0|KCat|Sloan|Simbad|298.21962|+41.46239
299.2959167|+41.4179444| 6153373|19571102+4125046|4956.4| 0.314|-0.008| 84.738| 7.079|RC      | 0.9993| 2.217| 0.054| 9.319| 0.012| 2.845| 0.008| 3.86e-03| 0.008| 3.053| 0.747|                |  0|KCat|Sloan|Simbad|299.29592|+41.41794
282.6360417|+41.5985278| 6181896|18503265+4135547|4969.7|-0.346| 0.035| 69.955| 6.462|RGB     | 1.0241| 1.635| 0.039| 8.803| 0.014| 2.762| 0.007| 3.38e-03| 0.007| 3.192| 0.200|                |  1|KCat|Sloan|Simbad|282.63604|+41.59853
283.3019583|+41.5443611| 6183311|18531247+4132397|4862.2|-0.134| 0.056| 33.550| 4.151|RC      | 0.9940| 1.155| 0.078|10.741| 0.023| 2.439| 0.010| 1.31e-03| 0.008| 3.620| 0.234|                |  1|KCat|Sloan|Simbad|283.30196|+41.54436
284.2675417|+41.5893889| 6185317|18570421+4135218|4795.5| 0.074| 0.048|111.040| 9.834|RGB     | 1.0271| 1.142| 0.035| 5.891| 0.012| 2.955| 0.007| 7.88e-03| 0.007| 3.853| 0.242|                |  1|KCat|Sloan|Simbad|284.26754|+41.58939
284.4884167|+41.5256389| 6185790|18575722+4131323|4631.6|-0.054| 0.037| 41.992| 4.676|RGB(S)  | 1.0383| 1.098| 0.041| 9.476| 0.015| 2.525| 0.007| 1.82e-03| 0.007| 3.873| 0.196|                |  1|KCat|Sloan|Simbad|284.48842|+41.52564
284.5778333|+41.5598056| 6185964|18581868+4133353|4872.6|-0.390| 0.233| 28.967| 3.996|RC      | 0.9925| 0.873| 0.080|10.046| 0.024| 2.375| 0.010| 1.21e-03| 0.008| 3.860| 0.153|                |  0|KCat|Sloan|Simbad|284.57783|+41.55981
284.8167917|+41.5795278| 6186435|18591603+4134463|4531.6| 0.415| 0.031| 33.179| 3.964|RC      | 1.0063| 1.151| 0.078|10.974| 0.023| 2.418| 0.010| 1.23e-03| 0.008| 3.727| 0.217|                |  1|KCat|Sloan|Simbad|284.81679|+41.57953
285.6740000|+41.5560278| 6188215|19024176+4133217|4983.1| 0.068|-0.041|111.485| 8.719|RGB     | 1.0109| 2.112| 0.035| 7.918| 0.012| 2.965| 0.007| 6.00e-03| 0.007| 2.954| 0.082|                |  1|KCat|Sloan|Simbad|285.67400|+41.55603
285.7006250|+41.5990000| 6188269|19024815+4135564|4861.4|-0.033| 0.020| 63.246| 5.675|RGB     | 1.0184| 2.009| 0.039|10.318| 0.014| 2.714| 0.007| 2.58e-03| 0.007| 2.993| 0.128|                |  1|KCat|Sloan|Simbad|285.70062|+41.59900
287.0243750|+41.5173056| 6191190|19080585+4131023|4976.9|-0.241| 0.048|121.700|10.409|RGB     | 1.0220| 1.292| 0.034| 5.930| 0.012| 3.003| 0.007| 8.74e-03| 0.007| 3.561| 0.174|                |  0|KCat|Sloan|Simbad|287.02437|+41.51731
287.0627083|+41.5821944| 6191288|19081505+4134559|4627.0|-0.253| 0.054| 25.350| 3.167|RGB     | 1.0401| 1.138| 0.042|12.419| 0.016| 2.306| 0.007| 8.38e-04| 0.008| 3.754| 0.199|                |  1|KCat|Sloan|Simbad|287.06271|+41.58219
287.3720833|+41.5569167| 6192043|19092930+4133249|5035.0| 0.038|-0.024|110.295| 8.476|RGB     | 1.0029| 2.400| 0.035| 8.466| 0.012| 2.963| 0.007| 5.58e-03| 0.007| 2.798| 0.170|                |  1|KCat|Sloan|Simbad|287.37208|+41.55692
287.5247500|+41.5598333| 6192431|19100594+4133354|4716.6| 0.193| 0.016| 34.871| 4.085|RC      | 0.9969| 1.305| 0.077|11.285| 0.023| 2.449| 0.010| 1.28e-03| 0.008| 3.560| 0.271|                |  1|KCat|Sloan|Simbad|287.52475|+41.55983
288.9871250|+41.5453333| 6196149|19155691+4132432|4647.9| 0.012| 0.097| 29.382| 3.733|RC      | 0.9894| 1.130| 0.080|11.480| 0.024| 2.371| 0.010| 1.05e-03| 0.008| 3.674| 0.101|                |  0|KCat|Sloan|Simbad|288.98712|+41.54533
289.2706667|+41.5626111| 6196950|19170496+4133454|4977.8|-0.155| 0.036|214.826|16.766|RGB     | 1.0168| 1.078| 0.028| 4.076| 0.009| 3.250| 0.007| 2.24e-02| 0.006| 3.865| 0.150|                |  0|KCat|Sloan|Simbad|289.27067|+41.56261
289.2927500|+41.5973611| 6197019|19171026+4135505|4408.1| 0.001| 0.030|  9.528| 1.528|RGB(S)  | 1.0472| 1.010| 0.044|19.316| 0.017| 1.871| 0.007| 1.98e-04| 0.008| 4.028| 0.229|SeisUnc         |  0|KCat|Sloan|Simbad|289.29275|+41.59736
289.4552083|+41.5293611| 6197448|19174925+4131457|4728.3| 0.332| 0.015| 50.849| 4.917|RC      | 1.0086| 1.847| 0.069|11.110| 0.019| 2.613| 0.009| 1.90e-03| 0.008| 3.207| 0.195|                |  0|KCat|Sloan|Simbad|289.45521|+41.52936
289.6712083|+41.5674722| 6198123|19184109+4134029|4666.2|-0.199| 0.174| 58.325| 6.128|RGB     | 1.0369| 1.014| 0.040| 7.714| 0.015| 2.670| 0.007| 3.12e-03| 0.007| 3.966| 0.053|                |  0|KCat|Sloan|Simbad|289.67121|+41.56747
289.7734583|+41.5680833| 6198476|19190563+4134051|4851.8|-0.038|-0.030| 74.298| 6.764|RGB     | 1.0271| 1.555| 0.038| 8.380| 0.014| 2.783| 0.007| 3.73e-03| 0.007| 3.349| 0.000|                |  0|KCat|Sloan|Simbad|289.77346|+41.56808
289.8033750|+41.5422222| 6198581|19191281+4132320|4820.1| 0.041| 0.010| 41.629| 4.541|RC      | 0.9976| 1.499| 0.074|11.008| 0.021| 2.530| 0.010| 1.58e-03| 0.008| 3.360| 0.152|                |  0|KCat|Sloan|Simbad|289.80337|+41.54222
290.2662917|+41.5156944| 6200178|19210391+4130565|4884.7|-0.158| 0.016| 78.114| 6.960|RGB     | 1.0243| 1.647| 0.038| 8.397| 0.014| 2.807| 0.007| 3.92e-03| 0.007| 3.234| 0.030|                |  0|KCat|Sloan|Simbad|290.26629|+41.51569
290.3732083|+41.5633611| 6200565|19212957+4133481|4805.9| 0.016| 0.009| 36.440| 4.195|RC      | 0.9948| 1.390| 0.076|11.340| 0.022| 2.472| 0.010| 1.34e-03| 0.008| 3.442| 0.234|                |  0|KCat|Sloan|Simbad|290.37321|+41.56336
290.5259167|+41.5119722| 6201050|19220622+4130431|4711.3|-0.030| 0.037| 52.587| 5.448|RGB     | 1.0356| 1.213| 0.040| 8.862| 0.015| 2.627| 0.007| 2.46e-03| 0.007| 3.723| 0.226|                |  0|KCat|Sloan|Simbad|290.52592|+41.51197
291.3562917|+41.5563611| 6203503|19252551+4133229|4762.5|-0.237| 0.168| 29.475| 4.002|RC      | 0.9985| 0.863| 0.080| 9.956| 0.024| 2.378| 0.010| 1.23e-03| 0.008| 3.898| 0.088|                |  0|KCat|Sloan|Simbad|291.35629|+41.55636
292.2924583|+41.5585833| 6206407|19291019+4133309|4769.9| 0.056| 0.021| 36.059| 4.133|RC      | 0.9938| 1.419| 0.076|11.540| 0.022| 2.466| 0.010| 1.30e-03| 0.008| 3.431| 0.225|                |  0|KCat|Sloan|Simbad|292.29246|+41.55858
292.6340833|+41.5083056| 6207510|19303218+4130299|4692.3| 0.357| 0.000| 95.616| 8.493|RGB     | 1.0300| 1.255| 0.036| 6.690| 0.013| 2.886| 0.007| 5.91e-03| 0.007| 3.780| 0.201|                |  0|KCat|Sloan|Simbad|292.63408|+41.50831
292.7904167|+41.5110833| 6208018|19310970+4130399|4908.5|-0.033| 0.007|242.724|18.097|RGB     | 1.0164| 1.123| 0.028| 3.929| 0.009| 3.300| 0.007| 2.61e-02| 0.006| 3.833| 0.034|                |  0|KCat|Sloan|Simbad|292.79042|+41.51108
292.8882917|+41.5470556| 6208344|19313319+4132494|4856.9| 0.000|-0.007| 47.931| 4.880|RC      | 1.0005| 1.715| 0.071|10.954| 0.020| 2.593| 0.009| 1.84e-03| 0.008| 3.198| 0.351|                |  0|KCat|Sloan|Simbad|292.88829|+41.54706
293.0492500|+41.5480278| 6208846|19321182+4132529|4434.3|-0.089| 0.002| 10.477| 1.514|RGB     | 1.0364| 1.464| 0.044|22.144| 0.017| 1.913| 0.007| 1.90e-04| 0.008| 3.428| 0.230|                |  0|KCat|Sloan|Simbad|293.04925|+41.54803
293.2069583|+41.5876389| 6209377|19324967+4135155|4734.8| 0.064| 0.014| 50.344| 5.210|RGB     | 1.0347| 1.287| 0.040| 9.318| 0.015| 2.609| 0.007| 2.24e-03| 0.007| 3.671| 0.339|                |  0|KCat|Sloan|Simbad|293.20696|+41.58764
293.3260833|+41.5612778| 6209759|19331826+4133406|4939.2|-0.178| 0.059| 40.531| 4.474|RC      | 0.9952| 1.537| 0.074|11.230| 0.021| 2.524| 0.010| 1.53e-03| 0.008| 3.284| 0.276|                |  0|KCat|Sloan|Simbad|293.32608|+41.56128
293.4836667|+41.5587222| 6210264|19335608+4133314|4967.4|-0.152| 0.019| 43.584| 4.781|RC      | 0.9954| 1.478| 0.073|10.602| 0.021| 2.557| 0.009| 1.75e-03| 0.008| 3.327| 0.197|                |  0|KCat|Sloan|Simbad|293.48367|+41.55872
293.6820417|+41.5498333| 6210900|19344369+4132594|4642.8| 0.248| 0.010| 43.589| 4.481|RGB     | 1.0336| 1.488| 0.041|10.821| 0.015| 2.542| 0.007| 1.66e-03| 0.007| 3.498| 0.270|                |  0|KCat|Sloan|Simbad|293.68204|+41.54983
293.8577917|+41.5717222| 6211529|19352587+4134182|3916.6| 0.136| 0.014|  2.148| 0.458|RGB     | 1.0203| 1.336| 0.045|48.188| 0.017| 1.198| 0.007| 1.69e-05| 0.008| 3.626| 0.432|                |  0|KCat|Sloan|Simbad|293.85779|+41.57172
293.9775417|+41.5993611| 6211965|19355461+4135577|4602.7| 0.262|-0.008| 70.412| 6.796|RGB     | 1.0347| 1.166| 0.039| 7.551| 0.014| 2.749| 0.007| 3.82e-03| 0.007| 3.874| 0.161|                |  0|KCat|Sloan|Simbad|293.97754|+41.59936
294.1489583|+41.5384722| 6212600|19363575+4132185|4824.4| 0.354|-0.009|156.105|11.945|RGB     | 1.0207| 1.508| 0.032| 5.701| 0.011| 3.105| 0.007| 1.15e-02| 0.007| 3.489| 0.196|                |  0|KCat|Sloan|Simbad|294.14896|+41.53847
294.1751667|+41.5978889| 6212708|19364204+4135524|4963.6|-0.256| 0.060| 72.961| 6.690|RGB     | 1.0251| 1.605| 0.038| 8.543| 0.014| 2.780| 0.007| 3.63e-03| 0.007| 3.244| 0.229|                |  0|KCat|Sloan|Simbad|294.17517|+41.59789
294.2134583|+41.5597222| 6212838|19365123+4133350|4724.2|-0.307| 0.145| 81.051| 7.962|RGB     | 1.0318| 0.992| 0.038| 6.452| 0.014| 2.815| 0.007| 5.21e-03| 0.007| 3.967| 0.051|                |  0|KCat|Sloan|Simbad|294.21346|+41.55972
296.1250833|+41.5421389| 6220320|19443002+4132317|4278.4|-0.266| 0.024|  4.806| 0.880|RGB     | 1.0386| 1.165| 0.044|29.427| 0.017| 1.567| 0.007| 6.45e-05| 0.008| 3.713| 0.537|                |  0|KCat|Sloan|Simbad|296.12508|+41.54214
296.2549167|+41.5890833| 6220899|19450118+4135207|4597.9| 0.067| 0.099| 29.442| 3.687|RC      | 0.9851| 1.195| 0.080|11.827| 0.024| 2.370| 0.010| 1.02e-03| 0.008| 3.631| 0.371|                |  0|KCat|Sloan|Simbad|296.25492|+41.58908
296.4175833|+41.5458333| 6221641|19454022+4132450|4911.6|-0.135|-0.009| 42.345| 4.617|RC      | 0.9972| 1.521| 0.073|10.942| 0.021| 2.542| 0.010| 1.64e-03| 0.008| 3.302| 0.342|                |  0|KCat|Sloan|Simbad|296.41758|+41.54583
296.5549583|+41.5934722| 6222262|19461319+4135365|4758.4| 0.112|-0.013| 46.864| 4.669|RGB     | 1.0314| 1.643| 0.041|10.896| 0.015| 2.579| 0.007| 1.79e-03| 0.007| 3.311| 0.639|                |  0|KCat|Sloan|Simbad|296.55496|+41.59347
296.5750833|+41.5407500| 6222355|19461802+4132267|4793.2| 0.120| 0.004| 39.239| 4.369|RC      | 0.9929| 1.481| 0.075|11.285| 0.022| 2.503| 0.010| 1.45e-03| 0.008| 3.391| 0.420|                |  0|KCat|Sloan|Simbad|296.57508|+41.54075
296.6177917|+41.5172222| 6222530|19462827+4131020|4901.0| 0.152| 0.003|238.127|17.067|RGB     | 1.0168| 1.335| 0.028| 4.327| 0.009| 3.291| 0.007| 2.33e-02| 0.006| 3.630| 0.167|                |  0|KCat|Sloan|Simbad|296.61779|+41.51722
297.2405833|+41.5621389| 6225344|19485774+4133437|4699.2| 0.120| 0.051|101.516| 9.246|RGB     | 1.0299| 1.072| 0.036| 5.999| 0.013| 2.912| 0.007| 7.00e-03| 0.007| 3.970| 0.612|                |  0|KCat|Sloan|Simbad|297.24058|+41.56214
297.3085417|+41.5731389| 6225660|19491405+4134233|4654.7| 0.044|-0.004| 39.482| 4.233|RGB     | 1.0346| 1.389| 0.041|10.976| 0.015| 2.500| 0.007| 1.48e-03| 0.007| 3.556| 0.243|                |  0|KCat|Sloan|Simbad|297.30854|+41.57314
297.3347083|+41.5474722| 6225752|19492033+4132509|4037.7| 0.096|-0.021|  2.913| 0.587|RGB     | 1.0298| 1.242| 0.044|39.595| 0.017| 1.337| 0.007| 2.82e-05| 0.008| 3.721| 0.987|SeisUnc         |  0|KCat|Sloan|Simbad|297.33471|+41.54747
297.6703750|+41.5568611| 6227242|19504089+4133247|4980.5| 0.059|-0.023|142.147|11.100|RGB     | 1.0192| 1.611| 0.033| 6.126| 0.011| 3.071| 0.007| 9.88e-03| 0.007| 3.316| 0.699|                |  0|KCat|Sloan|Simbad|297.67037|+41.55686
297.9810000|+41.5684444| 6228364|19515544+4134064|4667.4|-0.353| 0.210| 65.033| 6.674|RGB     | 1.0343| 1.010| 0.039| 7.289| 0.014| 2.717| 0.007| 3.68e-03| 0.007| 3.903| 0.503|                |  0|KCat|Sloan|Simbad|297.98100|+41.56844
298.0210417|+41.5246944| 6228534|19520505+4131289|4794.3| 0.374|-0.007|       |      |REJECT  |       |      |      |      |      |      |      |         |      |      |      |No Seis         |  0|KCat|Sloan|Simbad|298.02104|+41.52469
298.0360000|+41.5892778| 6228590|19520864+4135214|4805.5| 0.037| 0.009|139.445|11.843|RGB     | 1.0236| 1.094| 0.033| 5.141| 0.011| 3.055| 0.007| 1.14e-02| 0.007| 3.913| 0.225|                |  0|KCat|Sloan|Simbad|298.03600|+41.58928
298.2650833|+41.5268056| 6229677|19530362+4131365|4358.9| 0.090|-0.027|  8.428| 1.221|RGB     | 1.0310| 1.794| 0.044|27.446| 0.017| 1.815| 0.007| 1.22e-04| 0.008| 3.180| 0.899|                |  0|KCat|Sloan|Simbad|298.26508|+41.52681
298.5565833|+41.5327500| 6231096|19541358+4131579|4878.6|-0.051| 0.036|108.134| 9.362|RGB     | 1.0247| 1.330| 0.035| 6.415| 0.013| 2.947| 0.007| 7.11e-03| 0.007| 3.584| 0.739|                |  0|KCat|Sloan|Simbad|298.55658|+41.53275
298.5850833|+41.5745278| 6231237|19542042+4134283|4709.0|-0.091| 0.152| 29.999| 3.926|RC      | 0.9991| 0.963| 0.079|10.457| 0.024| 2.383| 0.010| 1.19e-03| 0.008| 3.827| 0.558|                |  0|KCat|Sloan|Simbad|298.58508|+41.57453
298.9277083|+41.5227222| 6232858|19554265+4131218|4771.1| 0.208|-0.001| 49.359| 4.934|RC      | 0.9991| 1.755| 0.070|10.966| 0.019| 2.602| 0.009| 1.88e-03| 0.008| 3.231| 0.228|                |  0|KCat|Sloan|Simbad|298.92771|+41.52272
298.9408333|+41.5360000| 6232914|19554580+4132096|4990.1|-0.081|-0.017| 66.539| 6.096|RC      | 0.9999| 1.967| 0.062| 9.890| 0.016| 2.742| 0.009| 2.87e-03| 0.008| 3.072| 0.350|                |  0|KCat|Sloan|Simbad|298.94083|+41.53600
282.5549167|+41.6625000| 6262706|18501318+4139450|4835.6|-0.069| 0.005| 58.744| 5.711|RGB     | 1.0304| 1.486| 0.040| 9.221| 0.015| 2.681| 0.007| 2.67e-03| 0.007| 3.420| 0.172|                |  1|KCat|Sloan|Simbad|282.55492|+41.66250
282.6390417|+41.6794444| 6262867|18503337+4140460|4542.2|-0.266| 0.152| 30.530| 3.758|RGB     | 1.0425| 0.966| 0.042|10.476| 0.016| 2.383| 0.007| 1.18e-03| 0.008| 4.005| 0.099|                |  1|KCat|Sloan|Simbad|282.63904|+41.67944
282.8971667|+41.6565278| 6263410|18513532+4139235|5038.8| 0.097|-0.031|104.617| 8.295|RC      | 0.9945| 2.312| 0.047| 8.529| 0.009| 2.940| 0.007| 5.25e-03| 0.008| 2.934| 0.235|                |  1|KCat|Sloan|Simbad|282.89717|+41.65653
283.3970000|+41.6031389| 6264398|18533528+4136113|4757.8|-0.056| 0.004| 31.106| 3.992|RC      | 0.9999| 1.017| 0.079|10.526| 0.024| 2.401| 0.010| 1.23e-03| 0.008| 3.773| 0.202|                |  1|KCat|Sloan|Simbad|283.39700|+41.60314
284.5383750|+41.6996389| 6266772|18580921+4141587|4569.9| 0.108| 0.005| 43.469| 4.670|RGB     | 1.0367| 1.207| 0.041| 9.799| 0.015| 2.538| 0.007| 1.81e-03| 0.007| 3.778| 0.200|                |  1|KCat|Sloan|Simbad|284.53837|+41.69964
285.0520000|+41.6801389| 6267800|19001248+4140485|5029.5| 0.041| 0.003|201.098|14.659|RGB     | 1.0169| 1.536| 0.028| 5.017| 0.009| 3.224| 0.007| 1.72e-02| 0.006| 3.385| 0.302|                |  0|KCat|Sloan|Simbad|285.05200|+41.68014
286.9817083|+41.6148611| 6271732|19075561+4136535|4835.7|-0.188| 0.042| 31.973| 4.056|RC      | 0.9972| 1.073| 0.078|10.622| 0.023| 2.416| 0.010| 1.26e-03| 0.008| 3.692| 0.157|                |  1|KCat|Sloan|Simbad|286.98171|+41.61486
287.0422500|+41.6785833| 6271877|19081014+4140429|4623.3|-0.322| 0.187| 47.308| 5.262|RGB     | 1.0385| 0.976| 0.041| 8.420| 0.015| 2.577| 0.007| 2.31e-03| 0.007| 3.995| 0.132|                |  0|KCat|Sloan|Simbad|287.04225|+41.67858
287.0846667|+41.6975556| 6271966|19082032+4141512|4861.8|-0.058| 0.021|155.606|12.805|RGB     | 1.0208| 1.144| 0.032| 4.963| 0.011| 3.105| 0.007| 1.32e-02| 0.007| 3.808| 0.127|                |  0|KCat|Sloan|Simbad|287.08467|+41.69756
287.5210833|+41.6453889| 6272933|19100506+4138434|4659.0| 0.295|-0.005| 39.573| 4.192|RC      | 1.0016| 1.658| 0.075|11.976| 0.022| 2.501| 0.010| 1.36e-03| 0.008| 3.303| 0.068|                |  0|KCat|Sloan|Simbad|287.52108|+41.64539
287.5393750|+41.6631111| 6272964|19100945+4139472|4611.8|-0.439| 0.227| 28.154| 3.626|RGB     | 1.0437| 0.891| 0.042|10.432| 0.016| 2.351| 0.007| 1.11e-03| 0.008| 4.091| 0.319|                |  0|KCat|Sloan|Simbad|287.53937|+41.66311
287.5900833|+41.6400833| 6273063|19102162+4138243|4514.4| 0.434| 0.026| 31.388| 3.653|RC      | 0.9994| 1.380| 0.079|12.366| 0.024| 2.393| 0.010| 1.03e-03| 0.008| 3.525| 0.160|                |  1|KCat|Sloan|Simbad|287.59008|+41.64008
287.6045000|+41.6136667| 6273090|19102508+4136492|4971.6| 0.159|-0.021|235.834|16.048|RGB     | 1.0145| 1.711| 0.028| 4.904| 0.009| 3.290| 0.007| 2.05e-02| 0.006| 3.250| 0.314|                |  0|KCat|Sloan|Simbad|287.60450|+41.61367
289.0512083|+41.6542500| 6276645|19161229+4139153|4857.2|-0.046|-0.006| 97.287| 8.742|RGB     | 1.0268| 1.255| 0.036| 6.578| 0.013| 2.901| 0.007| 6.22e-03| 0.007| 3.670| 0.235|                |  0|KCat|Sloan|Simbad|289.05121|+41.65425
289.1437500|+41.6758056| 6276898|19163450+4140329|4939.7|-0.091|-0.009| 45.066| 4.492|RC      | 1.0011| 2.032| 0.072|12.245| 0.020| 2.570| 0.009| 1.56e-03| 0.008| 3.037| 0.127|                |  0|KCat|Sloan|Simbad|289.14375|+41.67581
289.1602917|+41.6254444| 6276948|19163847+4137316|4968.8| 0.201|-0.031| 90.027| 7.442|RC      | 0.9999| 2.179| 0.052| 8.957| 0.011| 2.872| 0.008| 4.28e-03| 0.008| 3.022| 0.158|                |  0|KCat|Sloan|Simbad|289.16029|+41.62544
289.2003333|+41.6072778| 6277049|19164808+4136262|4727.6| 0.071|-0.022| 64.100| 6.278|RGB     | 1.0332| 1.265| 0.039| 8.188| 0.014| 2.714| 0.007| 3.25e-03| 0.007| 3.694| 0.169|                |  0|KCat|Sloan|Simbad|289.20033|+41.60728
289.4441667|+41.6990278| 6277741|19174660+4141565|4321.1| 0.312| 0.019| 24.263| 2.994|RGB     | 1.0444| 1.110| 0.043|12.752| 0.016| 2.272| 0.007| 7.55e-04| 0.008| 3.960| 0.162|                |  0|KCat|Sloan|Simbad|289.44417|+41.69903
289.8257917|+41.6659167| 6279038|19191819+4139573|4749.2|-2.266| 0.511|  5.706| 1.154|RGB     | 1.0328| 0.789| 0.044|21.650| 0.017| 1.664| 0.007| 1.10e-04| 0.008| 4.036| 0.074|                |  0|KCat|Sloan|Simbad|289.82579|+41.66592
289.8348750|+41.6743333| 6279068|19192037+4140276|4733.1|-0.055| 0.029| 47.361| 5.022|RGB     | 1.0352| 1.238| 0.041| 9.421| 0.015| 2.582| 0.007| 2.09e-03| 0.007| 3.695| 0.173|                |  0|KCat|Sloan|Simbad|289.83487|+41.67433
289.9678333|+41.6789444| 6279491|19195228+4140442|4722.9|-0.212| 0.173| 27.779| 3.837|RC      | 0.9925| 0.865| 0.080|10.287| 0.024| 2.350| 0.010| 1.12e-03| 0.008| 3.896| 0.134|                |  0|KCat|Sloan|Simbad|289.96783|+41.67894
290.2751250|+41.6151944| 6280472|19210603+4136547|5018.2|-0.110| 0.007|210.105|15.919|RGB     | 1.0170| 1.255| 0.028| 4.439| 0.009| 3.242| 0.007| 2.02e-02| 0.006| 3.628| 0.197|                |  0|KCat|Sloan|Simbad|290.27512|+41.61519
290.3113333|+41.6459167| 6280589|19211472+4138453|4667.3| 0.125| 0.047| 67.007| 6.608|RGB     | 1.0349| 1.146| 0.039| 7.650| 0.014| 2.730| 0.007| 3.61e-03| 0.007| 3.866| 0.231|                |  0|KCat|Sloan|Simbad|290.31133|+41.64592
290.4154583|+41.6746944| 6280936|19213971+4140289|4777.6| 0.232| 0.008| 43.846| 4.614|RC      | 0.9998| 1.607| 0.073|11.131| 0.021| 2.551| 0.009| 1.64e-03| 0.008| 3.315| 0.304|                |  0|KCat|Sloan|Simbad|290.41546|+41.67469
291.3241667|+41.6899722| 6283618|19251780+4141239|4560.6| 0.430| 0.027| 58.912| 5.783|RGB     | 1.0354| 1.280| 0.040| 8.672| 0.015| 2.669| 0.007| 2.77e-03| 0.007| 3.762| 0.313|                |  0|KCat|Sloan|Simbad|291.32417|+41.68997
291.4553750|+41.6322222| 6283995|19254929+4137560|4862.8| 0.210| 0.012|198.012|14.749|RGB     | 1.0180| 1.354| 0.028| 4.787| 0.010| 3.210| 0.007| 1.74e-02| 0.006| 3.625| 0.097|                |  0|KCat|Sloan|Simbad|291.45537|+41.63222
291.6115417|+41.6447500| 6284459|19262677+4138411|4709.6| 0.253|-0.025| 37.392| 4.288|RC      | 1.0019| 1.297| 0.076|10.866| 0.022| 2.479| 0.010| 1.43e-03| 0.008| 3.571| 0.243|                |  0|KCat|Sloan|Simbad|291.61154|+41.64475
292.1643333|+41.6540556| 6286142|19283944+4139146|4344.9| 0.077| 0.021| 12.567| 1.798|RGB     | 1.0432| 1.200| 0.044|18.401| 0.016| 1.988| 0.007| 2.72e-04| 0.008| 3.776| 0.438|                |  0|KCat|Sloan|Simbad|292.16433|+41.65406
292.7541250|+41.6208333| 6287950|19310099+4137150|4635.8| 0.350| 0.038| 35.349| 4.078|RC      | 1.0038| 1.298| 0.077|11.227| 0.023| 2.451| 0.010| 1.29e-03| 0.008| 3.586| 0.241|                |  0|KCat|Sloan|Simbad|292.75412|+41.62083
292.9446667|+41.6410278| 6288543|19314672+4138277|4879.0|-0.347| 0.092| 24.992| 3.546|RC      | 1.0062| 0.858| 0.082|10.717| 0.025| 2.311| 0.010| 9.83e-04| 0.008| 3.882| 0.281|                |  0|KCat|Sloan|Simbad|292.94467|+41.64103
293.0980417|+41.6208333| 6289002|19322353+4137150|4897.6|-0.264| 0.059|128.151|11.087|RGB     | 1.0224| 1.142| 0.034| 5.456| 0.012| 3.022| 0.007| 9.92e-03| 0.007| 3.744| 0.101|                |  0|KCat|Sloan|Simbad|293.09804|+41.62083
293.2361250|+41.6742222| 6289417|19325667+4140272|5072.7|-0.838| 0.283| 30.929| 4.470|RC      | 0.9727| 0.782| 0.079| 9.107| 0.024| 2.412| 0.010| 1.46e-03| 0.008| 3.925| 0.084|                |  0|KCat|Sloan|Simbad|293.23612|+41.67422
293.2703333|+41.6023333| 6289527|19330488+4136084|4810.3|-0.315| 0.179| 24.856| 3.486|RC      | 0.9992| 0.910| 0.082|11.104| 0.025| 2.306| 0.010| 9.37e-04| 0.008| 3.830| 0.240|                |  0|KCat|Sloan|Simbad|293.27033|+41.60233
293.2841250|+41.6424444| 6289573|19330819+4138328|4802.9|-0.165| 0.078| 28.226| 3.707|RC      | 0.9957| 1.055| 0.080|11.224| 0.024| 2.361| 0.010| 1.05e-03| 0.008| 3.712| 0.229|                |  0|KCat|Sloan|Simbad|293.28412|+41.64244
293.5943333|+41.6062778| 6290627|19342264+4136226|5016.4|-0.233| 0.046|       |      |REJECT  |       |      |      |      |      |      |      |         |      |      |      |No Seis         |  0|KCat|Sloan|Simbad|293.59433|+41.60628
293.7276667|+41.6658889| 6291110|19345464+4139572|4073.6| 0.043|-0.030|  3.068| 0.557|RGB     | 1.0190| 1.890| 0.044|47.485| 0.017| 1.361| 0.007| 2.49e-05| 0.008| 3.106| 0.519|                |  0|KCat|Sloan|Simbad|293.72767|+41.66589
294.6231667|+41.6593056| 6294290|19382956+4139335|4054.3|-0.028| 0.018|  2.860| 0.544|RGB     | 1.0232| 1.646| 0.044|45.956| 0.017| 1.330| 0.007| 2.39e-05| 0.008| 3.269| 0.432|                |  0|KCat|Sloan|Simbad|294.62317|+41.65931
296.7161667|+41.6701667| 6302852|19465188+4140126|4822.9| 0.011|-0.019| 66.466| 6.042|RGB(S)  | 1.0257| 1.743| 0.039| 9.395| 0.014| 2.734| 0.007| 2.96e-03| 0.007| 3.183| 0.528|                |  0|KCat|Sloan|Simbad|296.71617|+41.67017
296.8980417|+41.6085000| 6303699|19473553+4136306|4917.1|-0.146| 0.027|104.390| 9.050|RGB     | 1.0238| 1.392| 0.036| 6.665| 0.013| 2.934| 0.007| 6.63e-03| 0.007| 3.484| 0.565|                |  0|KCat|Sloan|Simbad|296.89804|+41.60850
297.1065833|+41.6533611| 6304676|19482558+4139121|4839.2|-0.018|-0.018| 89.997| 7.779|RGB     | 1.0245| 1.590| 0.037| 7.705| 0.013| 2.866| 0.007| 4.90e-03| 0.007| 3.313| 0.223|                |  0|KCat|Sloan|Simbad|297.10658|+41.65336
297.1337500|+41.6268333| 6304807|19483210+4137366|4794.4| 0.259|-0.006|198.632|15.015|RGB     | 1.0186| 1.243| 0.028| 4.595| 0.010| 3.208| 0.007| 1.81e-02| 0.006| 3.768| 0.277|                |  0|KCat|Sloan|Simbad|297.13375|+41.62683
297.1512083|+41.6537222| 6304895|19483629+4139134|4906.9| 0.081|-0.015| 48.981| 4.736|RC      | 1.0041| 2.066| 0.070|11.862| 0.019| 2.605| 0.009| 1.75e-03| 0.008| 3.060| 0.697|                |  0|KCat|Sloan|Simbad|297.15121|+41.65372
297.3221250|+41.6231667| 6305709|19491731+4137234|4827.4|-0.100| 0.025| 35.312| 4.226|RC      | 0.9994| 1.213| 0.077|10.748| 0.023| 2.459| 0.010| 1.38e-03| 0.008| 3.569| 0.510|                |  0|KCat|Sloan|Simbad|297.32212|+41.62317
297.7696250|+41.6878056| 6307578|19510471+4141161|4881.4|-0.140| 0.019| 34.778| 4.130|RC      | 1.0020| 1.279| 0.077|11.090| 0.023| 2.455| 0.010| 1.32e-03| 0.008| 3.503| 0.300|                |  0|KCat|Sloan|Simbad|297.76962|+41.68781
297.8565833|+41.6959722| 6307920|19512558+4141455|3951.9| 0.280|-0.003|  4.126| 0.776|RGB     | 1.0438| 1.062| 0.044|30.929| 0.017| 1.483| 0.007| 5.07e-05| 0.008| 4.014| 1.570|                |  0|KCat|Sloan|Simbad|297.85658|+41.69597
297.8842917|+41.6225000| 6308030|19513223+4137210|4788.1| 0.070|-0.009| 36.383| 4.044|RC(S)   | 0.9908| 1.618| 0.076|12.254| 0.022| 2.470| 0.010| 1.24e-03| 0.008| 3.285| 1.430|                |  0|KCat|Sloan|Simbad|297.88429|+41.62250
297.8941250|+41.6929167| 6308068|19513459+4141345|4220.6| 0.093|-0.012|  7.380| 1.142|RGB     | 1.0363| 1.469| 0.044|26.757| 0.017| 1.750| 0.007| 1.08e-04| 0.008| 3.480| 0.899|                |  0|KCat|Sloan|Simbad|297.89412|+41.69292
298.1969583|+41.6504444| 6309307|19524727+4139016|5025.8|-0.101| 0.001| 71.978| 6.300|RC      | 1.0069| 2.146| 0.060| 9.912| 0.014| 2.777| 0.008| 3.11e-03| 0.008| 3.006| 0.691|                |  0|KCat|Sloan|Simbad|298.19696|+41.65044
298.2370000|+41.6105833| 6309488|19525688+4136381|4923.3| 0.086|-0.026| 58.332| 5.290|RC      | 1.0038| 2.255| 0.066|11.347| 0.017| 2.681| 0.009| 2.18e-03| 0.008| 2.977| 0.503|                |  0|KCat|Sloan|Simbad|298.23700|+41.61058
298.2499167|+41.6706667| 6309549|19525998+4140144|4813.2| 0.029|-0.007| 73.061| 6.731|RGB     | 1.0286| 1.482| 0.038| 8.265| 0.014| 2.774| 0.007| 3.70e-03| 0.007| 3.452| 0.591|                |  0|KCat|Sloan|Simbad|298.24992|+41.67067
298.6772500|+41.6936944| 6311518|19544254+4141373|4672.1| 0.057|-0.013| 28.918| 3.376|RGB     | 1.0374| 1.342| 0.042|12.598| 0.016| 2.365| 0.007| 9.47e-04| 0.008| 3.608| 0.490|                |  0|KCat|Sloan|Simbad|298.67725|+41.69369
298.7793333|+41.6861389| 6311997|19550704+4141101|4469.1|-0.119| 0.017| 15.519| 2.098|RGB     | 1.0395| 1.290| 0.043|17.047| 0.016| 2.085| 0.007| 3.67e-04| 0.008| 3.603| 0.376|                |  0|KCat|Sloan|Simbad|298.77933|+41.68614
298.8750833|+41.6213333| 6312478|19553002+4137168|4624.9| 0.038| 0.042| 62.398| 6.335|RGB     | 1.0366| 1.074| 0.039| 7.690| 0.014| 2.697| 0.007| 3.33e-03| 0.007| 3.944| 0.338|                |  0|KCat|Sloan|Simbad|298.87508|+41.62133
299.1235000|+41.6411667| 6313603|19562964+4138282|4874.4|-0.005|-0.020| 38.232| 4.436|RC      | 0.9997| 1.286| 0.075|10.609| 0.022| 2.496| 0.010| 1.52e-03| 0.008| 3.517| 0.731|                |  0|KCat|Sloan|Simbad|299.12350|+41.64117
299.1898750|+41.6510556| 6313922|19564557+4139038|3997.2| 0.160| 0.005|       |      |REJECT  |       |      |      |      |      |      |      |         |      |      |      |No Seis         |  0|KCat|Sloan|Simbad|299.18987|+41.65106
282.7037500|+41.7332500| 6341990|18504890+4143597|4676.4| 0.073| 0.094|124.687|10.839|RGB     | 1.0265| 1.058| 0.034| 5.384| 0.012| 3.000| 0.007| 9.56e-03| 0.007| 3.979| 0.129|                |  1|KCat|Sloan|Simbad|282.70375|+41.73325
283.2903750|+41.7029444| 6343222|18530969+4142106|4607.7| 0.299|-0.009| 77.634| 7.369|RGB     | 1.0341| 1.135| 0.038| 7.094| 0.014| 2.791| 0.007| 4.48e-03| 0.007| 3.923| 0.206|                |  1|KCat|Sloan|Simbad|283.29037|+41.70294
283.4568333|+41.7853889| 6343543|18534964+4147074|4892.4|-0.298| 0.072| 29.431| 3.565|RC      | 1.0040| 1.390| 0.080|12.561| 0.024| 2.383| 0.010| 9.89e-04| 0.008| 3.364| 0.282|                |  1|KCat|Sloan|Simbad|283.45683|+41.78539
283.9635000|+41.7414444| 6344499|18555124+4144292|5056.2|-0.661| 0.279| 29.995| 4.324|RC      | 0.9794| 0.789| 0.079| 9.296| 0.024| 2.398| 0.010| 1.38e-03| 0.008| 3.928| 0.188|                |  1|KCat|Sloan|Simbad|283.96350|+41.74144
284.2697917|+41.7388333| 6345145|18570475+4144198|4715.2| 0.012| 0.008| 46.900| 4.840|RGB     | 1.0340| 1.393| 0.041|10.052| 0.015| 2.577| 0.007| 1.93e-03| 0.007| 3.538| 0.223|                |  1|KCat|Sloan|Simbad|284.26979|+41.73883
284.4264167|+41.7005833| 6345456|18574234+4142021|4768.3|-0.014| 0.009|129.524|11.217|RGB     | 1.0246| 1.072| 0.034| 5.293| 0.012| 3.021| 0.007| 1.02e-02| 0.007| 3.910| 0.000|                |  0|KCat|Sloan|Simbad|284.42642|+41.70058
284.4399167|+41.7223889| 6345474|18574558+4143206|4702.8| 0.103| 0.021| 33.084| 4.104|RC      | 1.0026| 1.066| 0.078|10.476| 0.023| 2.425| 0.010| 1.31e-03| 0.008| 3.754| 0.268|                |  1|KCat|Sloan|Simbad|284.43992|+41.72239
284.9095417|+41.7300833| 6346443|18593829+4143483|4810.5|-0.030| 0.026| 36.258| 4.233|RC      | 0.9995| 1.297| 0.076|10.979| 0.022| 2.470| 0.010| 1.38e-03| 0.008| 3.512| 0.232|                |  1|KCat|Sloan|Simbad|284.90954|+41.73008
285.4477083|+41.7039444| 6347518|19014745+4142142|4941.2|-0.208| 0.049|106.752| 9.279|RGB     | 1.0233| 1.359| 0.035| 6.506| 0.013| 2.945| 0.007| 6.96e-03| 0.007| 3.489| 0.172|                |  1|KCat|Sloan|Simbad|285.44771|+41.70394
286.9668750|+41.7027222| 6350696|19075205+4142098|4847.8| 0.243| 0.012|187.709|14.218|RGB     | 1.0189| 1.325| 0.029| 4.868| 0.010| 3.186| 0.007| 1.62e-02| 0.006| 3.669| 0.242|                |  0|KCat|Sloan|Simbad|286.96687|+41.70272
287.0650000|+41.7126389| 6350918|19081560+4142455|4959.2|-0.417| 0.079| 32.394| 4.171|RC      | 0.9939| 1.051| 0.078|10.376| 0.023| 2.428| 0.010| 1.33e-03| 0.008| 3.659| 0.233|                |  0|KCat|Sloan|Simbad|287.06500|+41.71264
287.8857500|+41.7012500| 6352802|19113258+4142045|4818.6|-0.097| 0.012| 76.502| 7.176|RGB     | 1.0289| 1.318| 0.038| 7.615| 0.014| 2.795| 0.007| 4.21e-03| 0.007| 3.570| 0.152|                |  0|KCat|Sloan|Simbad|287.88575|+41.70125
289.1605000|+41.7242778| 6356038|19163852+4143274|4887.3|-0.294| 0.220| 38.556| 4.132|AMB     | 1.0172| 1.645| 0.113|11.937| 0.060| 2.500| 0.010| 1.36e-03| 0.010| 3.215| 0.202|                |  0|KCat|Sloan|Simbad|289.16050|+41.72428
289.3523333|+41.7743056| 6356581|19172456+4146275|4958.2| 0.115|-0.029|110.625| 8.492|RGB     | 1.0064| 2.316| 0.035| 8.335| 0.012| 2.961| 0.007| 5.64e-03| 0.007| 2.853| 0.070|                |  0|KCat|Sloan|Simbad|289.35233|+41.77431
289.7499167|+41.7473611| 6357879|19185998+4144505|4969.8|-0.227| 0.012| 42.545| 4.603|RC      | 0.9954| 1.600| 0.073|11.165| 0.021| 2.546| 0.009| 1.62e-03| 0.008| 3.224| 0.175|                |  0|KCat|Sloan|Simbad|289.74992|+41.74736
289.9425000|+41.7447778| 6358455|19194620+4144412|4531.1| 0.406| 0.028| 69.572| 6.685|RGB     | 1.0358| 1.168| 0.039| 7.634| 0.014| 2.740| 0.007| 3.70e-03| 0.007| 3.900| 0.238|                |  0|KCat|Sloan|Simbad|289.94250|+41.74478
289.9831667|+41.7860833| 6358570|19195596+4147099|4229.1|-0.228| 0.041|  4.789| 0.841|RGB     | 1.0318| 1.394| 0.044|32.338| 0.017| 1.563| 0.007| 5.81e-05| 0.008| 3.457| 0.355|SeisUnc         |  0|KCat|Sloan|Simbad|289.98317|+41.78608
290.0232083|+41.7341944| 6358695|19200557+4144031|4742.8| 0.219| 0.023|105.621| 9.245|RGB     | 1.0279| 1.234| 0.036| 6.296| 0.013| 2.931| 0.007| 6.97e-03| 0.007| 3.774| 0.298|                |  0|KCat|Sloan|Simbad|290.02321|+41.73419
290.1422917|+41.7295556| 6359105|19203415+4143464|4695.5| 0.011| 0.027| 48.515| 5.082|RGB     | 1.0354| 1.253| 0.040| 9.385| 0.015| 2.591| 0.007| 2.14e-03| 0.007| 3.703| 0.330|                |  0|KCat|Sloan|Simbad|290.14229|+41.72956
290.2580000|+41.7987778| 6359454|19210192+4147556|4951.1|-0.309| 0.053|147.066|12.292|RGB     | 1.0198| 1.173| 0.032| 5.147| 0.011| 3.084| 0.007| 1.21e-02| 0.007| 3.676| 0.128|                |  0|KCat|Sloan|Simbad|290.25800|+41.79878
290.3860833|+41.7502778| 6359890|19213266+4145010|4792.0|-0.021| 0.025| 94.628| 8.534|RGB     | 1.0276| 1.243| 0.037| 6.658| 0.013| 2.886| 0.007| 5.94e-03| 0.007| 3.683| 0.161|                |  0|KCat|Sloan|Simbad|290.38608|+41.75028
290.4538750|+41.7015278| 6360104|19214893+4142055|4727.0|-0.305| 0.199| 81.941| 8.048|RGB     | 1.0319| 0.983| 0.038| 6.385| 0.014| 2.820| 0.007| 5.32e-03| 0.007| 3.981| 0.240|                |  0|KCat|Sloan|Simbad|290.45387|+41.70153
291.5086667|+41.7099444| 6363090|19260208+4142358|4813.5| 0.079| 0.007| 42.459| 4.593|RC      | 0.9987| 1.510| 0.073|10.943| 0.021| 2.539| 0.010| 1.63e-03| 0.008| 3.352| 0.147|                |  0|KCat|Sloan|Simbad|291.50867|+41.70994
291.5139583|+41.7877222| 6363109|19260335+4147158|4656.9| 0.144| 0.031| 54.797| 5.488|RGB     | 1.0343| 1.317| 0.040| 9.071| 0.015| 2.642| 0.007| 2.49e-03| 0.007| 3.667| 0.213|                |  0|KCat|Sloan|Simbad|291.51396|+41.78772
291.5840833|+41.7732778| 6363338|19262018+4146238|4834.9|-0.002| 0.043| 39.948| 4.440|RC      | 0.9996| 1.444| 0.075|11.022| 0.022| 2.513| 0.010| 1.52e-03| 0.008| 3.387| 0.191|                |  0|KCat|Sloan|Simbad|291.58408|+41.77328
292.2933333|+41.7880278| 6365511|19291040+4147169|4788.8|-0.415| 0.188| 76.074| 7.688|RGB     | 1.0326| 0.961| 0.038| 6.530| 0.014| 2.791| 0.007| 4.87e-03| 0.007| 3.980| 0.045|                |  0|KCat|Sloan|Simbad|292.29333|+41.78803
292.4005833|+41.7884722| 6365867|19293614+4147185|4880.9|-0.279| 0.083| 27.507| 3.665|RC      | 1.0072| 1.000| 0.080|11.026| 0.024| 2.353| 0.010| 1.05e-03| 0.008| 3.746| 0.295|                |  0|KCat|Sloan|Simbad|292.40058|+41.78847
293.0460833|+41.7261667| 6367815|19321106+4143342|4835.2| 0.132|-0.011| 41.727| 4.392|RC      | 1.0049| 1.683| 0.074|11.642| 0.021| 2.532| 0.010| 1.50e-03| 0.008| 3.254| 0.241|                |  0|KCat|Sloan|Simbad|293.04608|+41.72617
293.2035833|+41.7945833| 6368363|19324886+4147405|4585.2|-0.242| 0.152| 47.884| 5.308|RGB     | 1.0389| 0.964| 0.040| 8.334| 0.015| 2.580| 0.007| 2.35e-03| 0.007| 4.014| 0.071|                |  0|KCat|Sloan|Simbad|293.20358|+41.79458
293.3380000|+41.7091111| 6368800|19332112+4142328|4853.5| 0.145| 0.002| 50.947| 5.061|RC      | 0.9962| 1.809| 0.069|10.914| 0.019| 2.620| 0.009| 1.96e-03| 0.008| 3.193| 0.151|                |  0|KCat|Sloan|Simbad|293.33800|+41.70911
293.5675417|+41.7639722| 6369548|19341621+4145503|4767.0| 0.211| 0.011|116.269| 9.898|RGB     | 1.0259| 1.272| 0.035| 6.085| 0.012| 2.974| 0.007| 7.96e-03| 0.007| 3.725| 0.200|                |  0|KCat|Sloan|Simbad|293.56754|+41.76397
293.6292500|+41.7315556| 6369774|19343102+4143536|4631.4| 0.119|-0.008| 48.494| 5.066|RGB     | 1.0364| 1.237| 0.040| 9.357| 0.015| 2.588| 0.007| 2.13e-03| 0.007| 3.745| 0.227|                |  0|KCat|Sloan|Simbad|293.62925|+41.73156
293.8619583|+41.7847500| 6370549|19352687+4147051|4415.0| 0.124| 0.028| 10.991| 1.656|RGB     | 1.0449| 1.135| 0.044|19.057| 0.017| 1.933| 0.007| 2.31e-04| 0.008| 3.878| 0.367|                |  0|KCat|Sloan|Simbad|293.86196|+41.78475
293.9940833|+41.7493056| 6371008|19355858+4144575|4628.7|-0.002| 0.105| 30.450| 3.800|RC      | 0.9929| 1.147| 0.079|11.376| 0.024| 2.386| 0.010| 1.10e-03| 0.008| 3.652| 0.208|                |  0|KCat|Sloan|Simbad|293.99408|+41.74931
294.0317500|+41.7830000| 6371141|19360762+4146588|5062.0| 0.112|-0.020| 71.901| 6.031|RC      | 0.9856| 2.803| 0.060|11.316| 0.014| 2.778| 0.008| 2.73e-03| 0.008| 2.697| 0.265|                |  0|KCat|Sloan|Simbad|294.03175|+41.78300
294.2765833|+41.7389722| 6371980|19370638+4144203|4925.6| 0.076|-0.031| 58.016| 4.977|RC(S)   | 1.0000| 2.875| 0.066|12.846| 0.017| 2.679| 0.009| 1.91e-03| 0.008| 2.632| 0.128|SeisUnc         |  0|KCat|Sloan|Simbad|294.27658|+41.73897
294.3732083|+41.7729444| 6372328|19372957+4146226|4792.9| 0.086|-0.006| 42.306| 4.515|RC      | 0.9979| 1.594| 0.073|11.277| 0.021| 2.536| 0.010| 1.57e-03| 0.008| 3.298| 0.193|                |  0|KCat|Sloan|Simbad|294.37321|+41.77294
296.5716667|+41.7666111| 6380975|19461720+4145598|4802.8| 0.148| 0.001|152.285|12.387|RGB     | 1.0219| 1.197| 0.032| 5.148| 0.011| 3.093| 0.007| 1.24e-02| 0.007| 3.800| 0.173|                |  0|KCat|Sloan|Simbad|296.57167|+41.76661
296.8653750|+41.7843333| 6382244|19472769+4147036|4216.3|-0.103| 0.004|  5.075| 0.876|RGB     | 1.0332| 1.397| 0.044|31.473| 0.017| 1.587| 0.007| 6.33e-05| 0.008| 3.485| 0.793|                |  0|KCat|Sloan|Simbad|296.86537|+41.78433
296.9842083|+41.7370556| 6382801|19475621+4144134|4690.6| 0.286|-0.002| 38.688| 4.253|RC(S)   | 1.0022| 1.474| 0.075|11.402| 0.022| 2.493| 0.010| 1.40e-03| 0.008| 3.433| 1.275|                |  0|KCat|Sloan|Simbad|296.98421|+41.73706
296.9922083|+41.7898889| 6382830|19475813+4147236|4708.2| 0.183|-0.021| 22.929| 2.534|RGB     | 1.0248| 2.238| 0.043|18.233| 0.016| 2.266| 0.007| 5.21e-04| 0.008| 2.916| 0.797|                |  0|KCat|Sloan|Simbad|296.99221|+41.78989
297.0814167|+41.7334167| 6383228|19481954+4144003|5057.4| 0.071|-0.020| 88.674| 7.312|RC(S)   | 1.0015| 2.279| 0.052| 9.191| 0.011| 2.869| 0.008| 4.14e-03| 0.008| 2.981| 0.719|                |  0|KCat|Sloan|Simbad|297.08142|+41.73342
297.1565417|+41.7885833| 6383574|19483757+4147189|4448.7|-0.002| 0.003|  9.228| 1.366|RGB     | 1.0354| 1.525| 0.044|24.064| 0.017| 1.859| 0.007| 1.54e-04| 0.008| 3.388| 1.000|                |  0|KCat|Sloan|Simbad|297.15654|+41.78858
297.2425833|+41.7181389| 6383953|19485822+4143053|4923.5| 0.152|-0.020| 92.599| 7.513|RGB(S)  | 1.0126| 2.141| 0.037| 8.775| 0.013| 2.882| 0.007| 4.47e-03| 0.007| 2.960| 0.514|                |  0|KCat|Sloan|Simbad|297.24258|+41.71814
297.3638750|+41.7788333| 6384492|19492733+4146438|4538.9| 0.109| 0.005| 32.790| 3.763|RGB     | 1.0392| 1.205| 0.042|11.289| 0.016| 2.414| 0.007| 1.18e-03| 0.008| 3.783| 0.198|                |  0|KCat|Sloan|Simbad|297.36387|+41.77883
297.5623750|+41.7026389| 6385325|19501497+4142095|4843.3| 0.153|-0.019| 52.847| 5.113|RC      | 1.0033| 1.879| 0.069|10.926| 0.019| 2.635| 0.009| 2.03e-03| 0.008| 3.161| 0.299|                |  0|KCat|Sloan|Simbad|297.56237|+41.70264
297.6164167|+41.7646389| 6385534|19502794+4145527|4315.3|-0.296| 0.048|  7.709| 1.175|RGB     | 1.0315| 1.574| 0.044|26.949| 0.017| 1.774| 0.007| 1.13e-04| 0.008| 3.271| 1.791|                |  0|KCat|Sloan|Simbad|297.61642|+41.76464
297.7385833|+41.7741389| 6385953|19505726+4146269|4698.6| 0.281| 0.003| 88.648| 7.821|RGB     | 1.0288| 1.399| 0.037| 7.336| 0.013| 2.853| 0.007| 5.00e-03| 0.007| 3.597| 0.199|                |  0|KCat|Sloan|Simbad|297.73858|+41.77414
297.9661250|+41.7966667| 6386908|19515187+4147480|4054.8|-0.095| 0.050|  2.536| 0.331|RGB     |       |      |      |      |      | 1.278| 0.007|         |      |      | 1.151|No Fdnu         |  0|KCat|Sloan|Simbad|297.96612|+41.79667
298.7860417|+41.7456667| 6390781|19550865+4144444|4580.2| 0.028| 0.002| 24.087| 2.790|RGB     | 1.0340| 1.635| 0.043|15.308| 0.016| 2.282| 0.007| 6.43e-04| 0.008| 3.309| 0.492|                |  0|KCat|Sloan|Simbad|298.78604|+41.74567
299.0233750|+41.7666667| 6391933|19560561+4146000|4821.4|-0.081| 0.112|172.246|14.155|RGB     | 1.0203| 1.028| 0.030| 4.482| 0.010| 3.147| 0.007| 1.61e-02| 0.006| 3.976| 0.193|                |  0|KCat|Sloan|Simbad|299.02337|+41.76667
283.0859583|+41.8311111| 6421579|18522063+4149520|4314.7| 0.049| 0.014|  8.055| 1.424|RGB     | 1.0211| 0.867| 0.044|19.568| 0.017| 1.793| 0.007| 1.63e-04| 0.008| 4.240| 0.162|Ageold          |  1|KCat|Sloan|Simbad|283.08596|+41.83111
283.7643333|+41.8857500| 6422994|18550344+4153087|5001.9|-0.103| 0.025| 44.195| 4.431|RC(S)   | 1.0018| 2.056| 0.073|12.398| 0.021| 2.564| 0.009| 1.52e-03| 0.008| 3.024| 0.303|                |  1|KCat|Sloan|Simbad|283.76433|+41.88575
284.1226667|+41.8902778| 6423690|18562944+4153250|4885.5|-0.450| 0.220| 33.823| 4.111|RC      | 0.9864| 1.277| 0.077|11.236| 0.023| 2.443| 0.010| 1.27e-03| 0.008| 3.442| 0.157|                |  1|KCat|Sloan|Simbad|284.12267|+41.89028
284.3585000|+41.8940000| 6424157|18572604+4153384|4765.0| 0.085| 0.015| 99.066| 8.856|RGB     | 1.0280| 1.217| 0.036| 6.448| 0.013| 2.904| 0.007| 6.40e-03| 0.007| 3.757| 0.161|                |  1|KCat|Sloan|Simbad|284.35850|+41.89400
284.9427500|+41.8694722| 6425301|18594626+4152101|4578.2| 0.015| 0.109| 59.994| 6.159|RGB     | 1.0370| 1.051| 0.039| 7.779| 0.014| 2.678| 0.007| 3.15e-03| 0.007| 3.980| 0.096|                |  1|KCat|Sloan|Simbad|284.94275|+41.86947
285.1252500|+41.8675278| 6425652|19003006+4152031|4763.0|-0.168| 0.079| 28.648| 3.798|RC      | 0.9876| 1.021| 0.080|10.983| 0.024| 2.365| 0.010| 1.09e-03| 0.008| 3.750| 0.228|                |  1|KCat|Sloan|Simbad|285.12525|+41.86753
286.5217500|+41.8222222| 6428602|19060522+4149200|4815.3|-0.315| 0.155| 88.483| 8.456|RGB     | 1.0292| 1.055| 0.037| 6.337| 0.013| 2.858| 0.007| 5.85e-03| 0.007| 3.872| 0.167|                |  0|KCat|Sloan|Simbad|286.52175|+41.82222
286.6890000|+41.8263056| 6428974|19064536+4149347|4785.5| 0.153|-0.030| 41.340| 4.568|RC      | 1.0018| 1.394| 0.074|10.673| 0.021| 2.526| 0.010| 1.62e-03| 0.008| 3.464| 0.169|                |  1|KCat|Sloan|Simbad|286.68900|+41.82631
286.8997083|+41.8584167| 6429453|19073593+4151303|5026.9| 0.004| 0.004|       |      |REJECT  |       |      |      |      |      |      |      |         |      |      |      |No Seis         |  0|KCat|Sloan|Simbad|286.89971|+41.85842
286.9028333|+41.8758333| 6429457|19073668+4152330|4657.0| 0.031| 0.033| 23.941| 3.134|RC      | 1.0154| 1.112| 0.082|12.611| 0.025| 2.283| 0.010| 7.82e-04| 0.008| 3.705| 0.235|                |  1|KCat|Sloan|Simbad|286.90283|+41.87583
287.0362500|+41.8301389| 6429747|19080870+4149485|4702.3| 0.167|-0.020| 53.185| 5.137|RGB(S)  | 1.0311| 1.611| 0.040|10.161| 0.015| 2.631| 0.007| 2.17e-03| 0.007| 3.355| 0.198|                |  0|KCat|Sloan|Simbad|287.03625|+41.83014
287.1450417|+41.8162500| 6429995|19083481+4148585|4668.2|-0.024| 0.004| 55.377| 5.828|RGB     | 1.0374| 1.060| 0.040| 8.089| 0.015| 2.647| 0.007| 2.82e-03| 0.007| 3.932| 0.268|                |  0|KCat|Sloan|Simbad|287.14504|+41.81625
287.3977083|+41.8949167| 6430534|19093545+4153417|4553.4| 0.165| 0.051| 27.940| 3.599|RC      | 0.9960| 1.061| 0.080|11.468| 0.024| 2.345| 0.010| 9.92e-04| 0.008| 3.773| 0.146|                |  1|KCat|Sloan|Simbad|287.39771|+41.89492
287.5089167|+41.8893889| 6430804|19100214+4153218|4921.0| 0.112| 0.011|190.827|25.625|REJECT  |       |      |      |      |      |      |      |         |      |      | 0.030|No Seis         |  0|KCat|Sloan|Simbad|287.50892|+41.88939
287.5287083|+41.8975000| 6430834|19100689+4153510|4755.1| 0.130|-0.002| 37.283| 4.284|RC      | 1.0011| 1.313| 0.076|10.926| 0.022| 2.479| 0.010| 1.42e-03| 0.008| 3.533| 0.305|                |  0|KCat|Sloan|Simbad|287.52871|+41.89750
287.9968750|+41.8930833| 6431941|19115925+4153351|4503.9|-0.387| 0.230| 21.125| 2.825|RGB     | 1.0441| 0.984| 0.043|12.738| 0.016| 2.221| 0.007| 6.72e-04| 0.008| 3.939| 0.113|                |  1|KCat|Sloan|Simbad|287.99687|+41.89308
289.3728750|+41.8013333| 6435542|19172949+4148048|4643.2| 0.309| 0.009|107.523| 9.467|RGB     | 1.0295| 1.139| 0.035| 6.028| 0.013| 2.934| 0.007| 7.33e-03| 0.007| 3.918| 0.162|                |  0|KCat|Sloan|Simbad|289.37287|+41.80133
289.4563750|+41.8731389| 6435786|19174953+4152233|4819.3| 0.104| 0.007|142.575|11.838|RGB     | 1.0228| 1.180| 0.033| 5.277| 0.011| 3.065| 0.007| 1.13e-02| 0.007| 3.809| 0.128|                |  0|KCat|Sloan|Simbad|289.45637|+41.87314
289.6514167|+41.8372778| 6436353|19183634+4150142|4610.2| 0.413| 0.022| 67.443| 6.236|RGB     | 1.0321| 1.463| 0.039| 8.641| 0.014| 2.730| 0.007| 3.20e-03| 0.007| 3.553| 0.244|                |  0|KCat|Sloan|Simbad|289.65142|+41.83728
290.0398333|+41.8013889| 6437547|19200956+4148050|4994.9| 0.046|-0.006|138.495|10.681|RGB     | 1.0171| 1.760| 0.033| 6.482| 0.011| 3.060| 0.007| 9.11e-03| 0.007| 3.188| 0.227|                |  0|KCat|Sloan|Simbad|290.03983|+41.80139
291.3208750|+41.8226389| 6441442|19251701+4149215|4835.4| 0.116| 0.049|149.854|12.039|RGB     | 1.0214| 1.294| 0.032| 5.386| 0.011| 3.087| 0.007| 1.17e-02| 0.007| 3.672| 0.230|                |  0|KCat|Sloan|Simbad|291.32087|+41.82264
291.9994167|+41.8583333| 6443407|19275986+4151300|4835.3|-0.202| 0.045| 72.246| 6.927|RGB     | 1.0296| 1.281| 0.038| 7.721| 0.014| 2.770| 0.007| 3.93e-03| 0.007| 3.582| 0.201|                |  0|KCat|Sloan|Simbad|291.99942|+41.85833
292.4053750|+41.8370000| 6444595|19293729+4150132|4519.9|-0.095| 0.043| 20.958| 2.629|RGB     | 1.0387| 1.316| 0.043|14.771| 0.016| 2.218| 0.007| 5.76e-04| 0.008| 3.590| 0.178|                |  0|KCat|Sloan|Simbad|292.40537|+41.83700
292.6979583|+41.8517500| 6445497|19304751+4151063|4924.0|-0.259| 0.067| 37.942| 4.270|RC      | 0.9985| 1.493| 0.076|11.448| 0.022| 2.495| 0.010| 1.40e-03| 0.008| 3.302| 0.169|                |  0|KCat|Sloan|Simbad|292.69796|+41.85175
293.3176250|+41.8247222| 6447498|19331623+4149290|4612.8|-0.265| 0.041| 21.026| 2.675|RGB     | 1.0383| 1.280| 0.043|14.473| 0.016| 2.224| 0.007| 5.96e-04| 0.008| 3.583| 0.132|                |  0|KCat|Sloan|Simbad|293.31762|+41.82472
293.3357500|+41.8649167| 6447552|19332058+4151537|4600.4|-0.202| 0.174| 59.259| 6.248|RGB     | 1.0378| 0.960| 0.040| 7.472| 0.014| 2.674| 0.007| 3.25e-03| 0.007| 4.051| 0.051|                |  0|KCat|Sloan|Simbad|293.33575|+41.86492
293.4223750|+41.8996389| 6447817|19334137+4153587|4778.1|-0.024|-0.009| 32.156| 3.858|RC      | 1.0064| 1.263| 0.078|11.523| 0.023| 2.416| 0.010| 1.16e-03| 0.008| 3.541| 0.098|                |  0|KCat|Sloan|Simbad|293.42237|+41.89964
293.4405833|+41.8927500| 6447883|19334574+4153339|4316.7| 0.093| 0.047| 16.006| 2.201|RGB     | 1.0460| 1.083| 0.043|15.510| 0.016| 2.091| 0.007| 4.09e-04| 0.008| 3.944| 0.180|                |  0|KCat|Sloan|Simbad|293.44058|+41.89275
293.4803750|+41.8286389| 6448010|19335529+4149431|4744.5| 0.073| 0.011| 34.771| 4.101|RC      | 0.9925| 1.308| 0.077|11.297| 0.023| 2.449| 0.010| 1.28e-03| 0.008| 3.528| 0.129|                |  0|KCat|Sloan|Simbad|293.48037|+41.82864
293.5469167|+41.8621389| 6448230|19341126+4151437|5074.8|-0.235| 0.097| 50.021| 4.775|RC(S)   | 1.0072| 2.212| 0.070|12.044| 0.019| 2.621| 0.009| 1.79e-03| 0.008| 2.880| 0.170|                |  0|KCat|Sloan|Simbad|293.54692|+41.86214
293.7027083|+41.8666667| 6448697|19344865+4152000|4687.3| 0.007| 0.002| 50.914| 5.332|RGB     | 1.0357| 1.191| 0.040| 8.935| 0.015| 2.612| 0.007| 2.36e-03| 0.007| 3.766| 0.166|                |  0|KCat|Sloan|Simbad|293.70271|+41.86667
293.7583333|+41.8718611| 6448890|19350200+4152187|4819.4| 0.370|-0.011|247.611|17.416|RGB(S)  | 1.0170| 1.349| 0.028| 4.283| 0.009| 3.305| 0.007| 2.42e-02| 0.006| 3.663| 0.152|                |  0|KCat|Sloan|Simbad|293.75833|+41.87186
294.2724167|+41.8221667| 6450613|19370538+4149198|5000.2| 0.188|-0.016| 93.701| 7.560|RC      | 0.9933| 2.392| 0.050| 9.185| 0.010| 2.891| 0.008| 4.35e-03| 0.008| 2.932| 0.026|                |  0|KCat|Sloan|Simbad|294.27242|+41.82217
294.4466250|+41.8853333| 6451229|19374719+4153072|4023.3| 0.125| 0.077|  3.324| 0.632|RGB     | 1.0329| 1.353| 0.044|38.729| 0.017| 1.393| 0.007| 3.29e-05| 0.008| 3.613| 0.457|SeisUnc         |  0|KCat|Sloan|Simbad|294.44662|+41.88533
294.4496250|+41.8348333| 6451238|19374791+4150054|4547.7| 0.330| 0.050| 31.302| 3.833|AMB     | 1.0205| 1.053| 0.109|10.793| 0.065| 2.394| 0.010| 1.18e-03| 0.010| 3.951| 0.243|                |  0|KCat|Sloan|Simbad|294.44962|+41.83483
294.5202917|+41.8521111| 6451495|19380487+4151076|4644.7| 0.043| 0.052| 58.131| 5.959|RGB     | 1.0361| 1.119| 0.040| 8.124| 0.015| 2.667| 0.007| 2.94e-03| 0.007| 3.883| 0.233|                |  0|KCat|Sloan|Simbad|294.52029|+41.85211
297.3072500|+41.8464722| 6462755|19491374+4150473|4761.2|-0.166| 0.137| 31.637| 3.616|RC(S)   | 1.0053| 1.557| 0.078|12.910| 0.024| 2.408| 0.010| 1.02e-03| 0.008| 3.274| 0.190|                |  0|KCat|Sloan|Simbad|297.30725|+41.84647
297.8501667|+41.8245556| 6465075|19512404+4149284|4871.5|-0.233| 0.010| 84.252| 7.688|RGB     | 1.0262| 1.372| 0.037| 7.384| 0.013| 2.839| 0.007| 4.81e-03| 0.007| 3.476| 0.129|                |  0|KCat|Sloan|Simbad|297.85017|+41.82456
297.9637500|+41.8803611| 6465610|19515130+4152493|4984.0|-0.236| 0.031| 40.176| 4.369|RC      | 0.9954| 1.668| 0.074|11.722| 0.022| 2.522| 0.010| 1.46e-03| 0.008| 3.186| 0.747|                |  0|KCat|Sloan|Simbad|297.96375|+41.88036
298.3616667|+41.8609722| 6467408|19532680+4151395|4900.1|-0.255| 0.029|127.499|11.050|RGB     | 1.0225| 1.141| 0.034| 5.465| 0.012| 3.020| 0.007| 9.86e-03| 0.007| 3.747| 0.199|                |  0|KCat|Sloan|Simbad|298.36167|+41.86097
298.4096667|+41.8438611| 6467645|19533832+4150379|4833.8|-0.137| 0.017| 66.695| 6.466|RGB     | 1.0305| 1.322| 0.039| 8.162| 0.014| 2.736| 0.007| 3.43e-03| 0.007| 3.564| 0.691|                |  0|KCat|Sloan|Simbad|298.40967|+41.84386
298.4380417|+41.8719167| 6467788|19534513+4152189|4816.3| 0.120|-0.001|154.440|12.430|RGB     | 1.0213| 1.239| 0.032| 5.198| 0.011| 3.100| 0.007| 1.24e-02| 0.007| 3.735| 0.169|                |  0|KCat|Sloan|Simbad|298.43804|+41.87192
298.5082500|+41.8637778| 6468112|19540198+4151496|5084.7|-0.007|-0.016| 29.516| 3.419|RC(S)   | 1.0025| 1.767| 0.079|14.005| 0.024| 2.393| 0.010| 9.07e-04| 0.008| 3.172| 0.089|                |  0|KCat|Sloan|Simbad|298.50825|+41.86378
298.5915000|+41.8930000| 6468506|19542196+4153348|4781.6|-0.255| 0.160| 27.902| 3.828|RC      | 0.9967| 0.886| 0.080|10.360| 0.024| 2.355| 0.010| 1.12e-03| 0.008| 3.875| 0.624|                |  0|KCat|Sloan|Simbad|298.59150|+41.89300
298.8050000|+41.8271111| 6469446|19551320+4149376|4823.5|-0.128| 0.107|143.586|12.302|RGB     | 1.0230| 1.034| 0.033| 4.921| 0.011| 3.068| 0.007| 1.22e-02| 0.007| 3.936| 0.279|                |  0|KCat|Sloan|Simbad|298.80500|+41.82711
299.0312500|+41.8232778| 6470560|19560750+4149238|4806.3| 0.275| 0.000| 49.322| 4.855|RC      | 1.0010| 1.874| 0.070|11.315| 0.019| 2.603| 0.009| 1.82e-03| 0.008| 3.186| 0.660|                |  0|KCat|Sloan|Simbad|299.03125|+41.82328
283.1012917|+41.9502778| 6500038|18522431+4157010|4564.9|-0.067| 0.119| 49.923| 5.361|RGB     | 1.0383| 1.045| 0.040| 8.507| 0.015| 2.597| 0.007| 2.39e-03| 0.007| 3.954| 0.202|                |  1|KCat|Sloan|Simbad|283.10129|+41.95028
283.3734583|+41.9597778| 6500623|18532963+4157352|4394.8| 0.123|-0.022| 14.878| 2.009|RGB     | 1.0409| 1.313| 0.043|17.634| 0.016| 2.063| 0.007| 3.38e-04| 0.008| 3.657| 0.318|                |  1|KCat|Sloan|Simbad|283.37346|+41.95978
283.6499167|+41.9298889| 6501237|18543598+4155476|4759.3|-0.019| 0.011| 62.337| 6.151|RGB     | 1.0325| 1.278| 0.039| 8.333| 0.014| 2.703| 0.007| 3.11e-03| 0.007| 3.645| 0.409|                |  1|KCat|Sloan|Simbad|283.64992|+41.92989
283.8476667|+41.9864167| 6501676|18552344+4159111|4612.2|-0.096| 0.086| 43.030| 4.806|RGB     | 1.0390| 1.049| 0.041| 9.159| 0.015| 2.535| 0.007| 1.92e-03| 0.007| 3.943| 0.188|                |  1|KCat|Sloan|Simbad|283.84767|+41.98642
283.9394583|+41.9994167| 6501869|18554547+4159579|4928.5|-0.107| 0.039| 32.881| 4.145|RC      | 0.9982| 1.097| 0.078|10.540| 0.023| 2.433| 0.010| 1.32e-03| 0.008| 3.673| 0.267|                |  1|KCat|Sloan|Simbad|283.93946|+41.99942
284.3380417|+41.9213333| 6502765|18572113+4155168|4732.5|-0.113| 0.128| 28.311| 3.780|RC      | 0.9995| 0.948| 0.080|10.663| 0.024| 2.359| 0.010| 1.10e-03| 0.008| 3.826| 0.167|                |  1|KCat|Sloan|Simbad|284.33804|+41.92133
284.3590833|+41.9698611| 6502800|18572618+4158115|4705.2| 0.166| 0.012| 81.121| 7.548|RGB     | 1.0314| 1.226| 0.038| 7.177| 0.014| 2.815| 0.007| 4.68e-03| 0.007| 3.769| 0.199|                |  1|KCat|Sloan|Simbad|284.35908|+41.96986
284.3705833|+41.9877500| 6502831|18572894+4159159|5024.4|-0.747| 0.219| 26.975| 3.997|RC      | 0.9904| 0.744| 0.081| 9.535| 0.025| 2.351| 0.010| 1.21e-03| 0.008| 3.972| 0.123|                |  1|KCat|Sloan|Simbad|284.37058|+41.98775
284.4203750|+41.9261667| 6502960|18574089+4155342|4517.0|-0.490| 0.198| 15.573| 2.276|RGB     | 1.0460| 0.934| 0.043|14.439| 0.016| 2.089| 0.007| 4.38e-04| 0.008| 3.988| 0.187|                |  1|KCat|Sloan|Simbad|284.42037|+41.92617
284.6577083|+41.9558333| 6503502|18583785+4157210|4680.5| 0.135|-0.025| 35.956| 4.121|AMB     | 1.0165| 1.270| 0.232|10.973| 0.090| 2.460| 0.010| 1.35e-03| 0.010| 3.664| 0.196|                |  0|KCat|Sloan|Simbad|284.65771|+41.95583
285.1067500|+41.9975278| 6504411|19002562+4159511|4903.9|-0.400| 0.176| 28.731| 3.896|RC      | 0.9939| 0.947| 0.080|10.486| 0.024| 2.373| 0.010| 1.16e-03| 0.008| 3.776| 0.229|                |  1|KCat|Sloan|Simbad|285.10675|+41.99753
285.2595417|+41.9726667| 6504725|19010229+4158216|4569.2| 0.335| 0.014| 32.542| 3.773|AMB     | 1.0221| 1.263| 0.282|11.576| 0.076| 2.412| 0.010| 1.15e-03| 0.010| 3.715| 0.242|                |  1|KCat|Sloan|Simbad|285.25954|+41.97267
285.3137917|+41.9347500| 6504840|19011531+4156051|4690.9| 0.001| 0.036| 50.248| 5.329|RGB     | 1.0364| 1.145| 0.040| 8.819| 0.015| 2.606| 0.007| 2.36e-03| 0.007| 3.828| 0.240|                |  1|KCat|Sloan|Simbad|285.31379|+41.93475
285.3859583|+41.9303056| 6504978|19013263+4155491|4838.2| 0.263| 0.006|209.034|15.508|RGB     | 1.0178| 1.295| 0.028| 4.562| 0.009| 3.232| 0.007| 1.92e-02| 0.006| 3.708| 0.077|                |  1|KCat|Sloan|Simbad|285.38596|+41.93031
285.4098750|+41.9838889| 6505025|19013837+4159020|4779.8| 0.071| 0.021| 34.262| 4.182|RC      | 1.0025| 1.125| 0.077|10.534| 0.023| 2.444| 0.010| 1.36e-03| 0.008| 3.691| 0.314|                |  1|KCat|Sloan|Simbad|285.40987|+41.98389
286.6623750|+41.9199722| 6507794|19063897+4155119|4849.0|-0.154| 0.160|202.958|16.288|RGB     | 1.0175| 0.978| 0.028| 4.022| 0.009| 3.220| 0.007| 2.12e-02| 0.006| 4.017| 0.157|                |  1|KCat|Sloan|Simbad|286.66237|+41.91997
286.9023750|+41.9855278| 6508300|19073657+4159079|4711.8| 0.156| 0.014| 34.236| 4.113|RC      | 1.0022| 1.175| 0.077|10.809| 0.023| 2.440| 0.010| 1.31e-03| 0.008| 3.666| 0.193|                |  1|KCat|Sloan|Simbad|286.90237|+41.98553
286.9147500|+41.9670000| 6508328|19073954+4158012|4660.6| 0.251| 0.002| 38.331| 4.248|RC      | 1.0022| 1.426| 0.075|11.283| 0.022| 2.487| 0.010| 1.40e-03| 0.008| 3.466| 0.215|                |  1|KCat|Sloan|Simbad|286.91475|+41.96700
287.1142500|+41.9639722| 6508804|19082742+4157503|4631.8|-0.154| 0.193| 53.159| 5.695|RGB     | 1.0381| 1.014| 0.040| 8.091| 0.015| 2.628| 0.007| 2.70e-03| 0.007| 3.971| 0.232|                |  0|KCat|Sloan|Simbad|287.11425|+41.96397
287.1806250|+41.9848056| 6508943|19084335+4159053|4639.9| 0.244| 0.022| 34.253| 4.071|RC      | 1.0028| 1.195| 0.077|10.941| 0.023| 2.437| 0.010| 1.29e-03| 0.008| 3.666| 0.216|                |  1|KCat|Sloan|Simbad|287.18062|+41.98481
287.5278750|+41.9053611| 6509721|19100669+4154193|4584.5| 0.333| 0.027| 33.106| 3.817|RC      | 1.0055| 1.357| 0.078|11.895| 0.023| 2.420| 0.010| 1.14e-03| 0.008| 3.539| 0.351|                |  1|KCat|Sloan|Simbad|287.52787|+41.90536
287.8334583|+41.9081944| 6510447|19112003+4154295|4935.9|-0.070| 0.012| 36.821| 4.282|RC      | 0.9981| 1.356| 0.076|11.068| 0.022| 2.482| 0.010| 1.41e-03| 0.008| 3.463| 0.274|                |  0|KCat|Sloan|Simbad|287.83346|+41.90819
289.7461667|+41.9575000| 6515734|19185908+4157270|4471.1| 0.173| 0.054| 26.881| 3.258|RGB     | 1.0424| 1.141| 0.042|12.180| 0.016| 2.324| 0.007| 8.91e-04| 0.008| 3.889| 0.242|                |  0|KCat|Sloan|Simbad|289.74617|+41.95750
289.9034583|+41.9399722| 6516242|19193683+4156239|4999.0|-0.228| 0.082| 45.212| 4.627|RC      | 1.0082| 1.804| 0.072|11.483| 0.020| 2.574| 0.009| 1.68e-03| 0.008| 3.112| 0.234|                |  0|KCat|Sloan|Simbad|289.90346|+41.93997
291.3920417|+41.9353056| 6521069|19253409+4156071|4301.5|-0.218| 0.171|  7.070| 1.289|RGB     | 1.0241| 0.859| 0.044|20.800| 0.017| 1.736| 0.007| 1.35e-04| 0.008| 4.211| 0.102|Ageold, SeisUnc |  0|KCat|Sloan|Simbad|291.39204|+41.93531
291.5225000|+41.9363611| 6521522|19260540+4156109|4625.4| 0.063| 0.065| 88.212| 8.293|RGB     | 1.0320| 1.052| 0.037| 6.402| 0.013| 2.847| 0.007| 5.65e-03| 0.007| 3.981| 0.006|                |  0|KCat|Sloan|Simbad|291.52250|+41.93636
291.5374167|+41.9137222| 6521571|19260898+4154494|4709.5|-0.140|-0.020| 42.378| 4.598|RGB     | 1.0357| 1.250| 0.041|10.022| 0.015| 2.533| 0.007| 1.75e-03| 0.007| 3.647| 0.167|                |  0|KCat|Sloan|Simbad|291.53742|+41.91372
291.7401667|+41.9186667| 6522182|19265764+4155072|4262.5|-0.252| 0.155|  8.284| 1.333|RGB     | 1.0420| 1.112| 0.044|21.918| 0.017| 1.802| 0.007| 1.49e-04| 0.008| 3.786| 0.231|                |  0|KCat|Sloan|Simbad|291.74017|+41.91867
291.8693750|+41.9963611| 6522571|19272865+4159469|5017.3|-0.264| 0.063| 37.075| 4.323|RC      | 0.9917| 1.402| 0.076|11.169| 0.022| 2.489| 0.010| 1.42e-03| 0.008| 3.376| 0.330|                |  0|KCat|Sloan|Simbad|291.86937|+41.99636
292.7028333|+41.9968333| 6525150|19304868+4159486|4638.0| 0.236| 0.022| 34.339| 4.094|RC      | 1.0029| 1.177| 0.077|10.844| 0.023| 2.438| 0.010| 1.30e-03| 0.008| 3.679| 0.215|                |  0|KCat|Sloan|Simbad|292.70283|+41.99683
292.9440417|+41.9716389| 6525916|19314657+4158179|4736.8|-0.228| 0.049| 46.956| 5.166|RGB     | 1.0378| 1.068| 0.041| 8.789| 0.015| 2.579| 0.007| 2.22e-03| 0.007| 3.852| 0.169|                |  0|KCat|Sloan|Simbad|292.94404|+41.97164
293.0797917|+41.9477222| 6526377|19321915+4156518|4769.7|-0.066| 0.008| 30.876| 3.640|RC      | 1.0046| 1.418| 0.079|12.467| 0.024| 2.398| 0.010| 1.03e-03| 0.008| 3.412| 0.128|                |  0|KCat|Sloan|Simbad|293.07979|+41.94772
293.0955000|+41.9330000| 6526417|19322292+4155588|4601.5| 0.058| 0.068| 70.666| 6.968|RGB     | 1.0351| 1.064| 0.039| 7.202| 0.014| 2.750| 0.007| 4.02e-03| 0.007| 3.961| 0.126|                |  0|KCat|Sloan|Simbad|293.09550|+41.93300
293.1639167|+41.9809444| 6526657|19323934+4158514|4775.2|-0.286| 0.165| 24.939| 3.436|RC      | 1.0103| 0.922| 0.082|11.179| 0.025| 2.306| 0.010| 9.30e-04| 0.008| 3.831| 0.171|                |  0|KCat|Sloan|Simbad|293.16392|+41.98094
293.8099167|+41.9229722| 6528720|19351438+4155227|4807.1| 0.015|-0.034| 44.884| 4.732|RC      | 0.9999| 1.572| 0.072|10.863| 0.020| 2.562| 0.009| 1.73e-03| 0.008| 3.292| 0.030|                |  0|KCat|Sloan|Simbad|293.80992|+41.92297
293.8752500|+41.9994167| 6528942|19353006+4159579|4919.1|-0.232| 0.057| 39.575| 4.410|RC      | 0.9861| 1.563| 0.075|11.473| 0.022| 2.513| 0.010| 1.46e-03| 0.008| 3.248| 0.237|                |  0|KCat|Sloan|Simbad|293.87525|+41.99942
294.1980417|+41.9393611| 6530065|19364753+4156217|5051.4| 0.091|-0.026|102.201| 8.199|RC      | 0.9927| 2.283| 0.047| 8.569| 0.009| 2.931| 0.007| 5.12e-03| 0.008| 2.959| 0.197|                |  0|KCat|Sloan|Simbad|294.19804|+41.93936
294.2518333|+41.9452500| 6530242|19370044+4156429|4788.0| 0.154| 0.007| 38.059| 4.268|RC      | 0.9913| 1.491| 0.075|11.502| 0.022| 2.490| 0.010| 1.38e-03| 0.008| 3.390| 0.310|                |  0|KCat|Sloan|Simbad|294.25183|+41.94525
294.6060833|+41.9907222| 6531550|19382546+4159266|4924.1|-0.100| 0.011| 44.541| 4.673|RC      | 0.9998| 1.675| 0.072|11.192| 0.021| 2.564| 0.009| 1.69e-03| 0.008| 3.199| 0.050|                |  0|KCat|Sloan|Simbad|294.60608|+41.99072
297.4476250|+41.9031389| 6543282|19494743+4154113|4710.6| 0.156|-0.002| 35.135| 4.100|RC      | 0.9990| 1.302| 0.077|11.233| 0.023| 2.452| 0.010| 1.29e-03| 0.008| 3.553| 0.263|                |  0|KCat|Sloan|Simbad|297.44762|+41.90314
298.1695000|+41.9562222| 6546685|19524068+4157224|4961.1| 0.000| 0.011|160.079|12.284|RGB     | 1.0183| 1.531| 0.031| 5.632| 0.011| 3.122| 0.007| 1.21e-02| 0.007| 3.366| 0.498|                |  0|KCat|Sloan|Simbad|298.16950|+41.95622
298.1840833|+41.9802500| 6546755|19524418+4158489|5086.9|-0.014|-0.008| 84.103| 7.100|RC      | 1.0049| 2.177| 0.054| 9.209| 0.012| 2.847| 0.008| 3.93e-03| 0.008| 3.008| 0.681|                |  0|KCat|Sloan|Simbad|298.18408|+41.98025
298.2382917|+41.9702500| 6547007|19525719+4158129|4727.6|-0.694| 0.189| 37.458| 4.535|RGB     | 1.0411| 0.899| 0.041| 9.031| 0.015| 2.480| 0.007| 1.72e-03| 0.007| 3.997| 0.069|                |  0|KCat|Sloan|Simbad|298.23829|+41.97025
298.2777917|+41.9696389| 6547176|19530667+4158107|5137.5| 0.052|-0.046| 45.385| 4.055|RC(S)   | 1.0000| 3.330| 0.072|15.466| 0.020| 2.582| 0.009| 1.27e-03| 0.008| 2.631| 0.389|SeisUnc         |  0|KCat|Sloan|Simbad|298.27779|+41.96964
298.5797917|+41.9565833| 6548666|19541915+4157237|5087.7| 0.040|-0.066| 62.818| 5.543|RC      | 1.0066| 2.426| 0.064|11.249| 0.016| 2.721| 0.009| 2.40e-03| 0.008| 2.871| 0.724|                |  0|KCat|Sloan|Simbad|298.57979|+41.95658
298.7523750|+41.9575278| 6549467|19550057+4157271|4296.4| 0.068|-0.007|  7.231| 1.187|RGB     | 1.0420| 1.190| 0.044|24.218| 0.017| 1.745| 0.007| 1.18e-04| 0.008| 3.785| 0.679|SeisUnc         |  0|KCat|Sloan|Simbad|298.75237|+41.95753
299.0223333|+41.9754444| 6550823|19560536+4158316|4644.7|-0.320| 0.197| 45.491| 5.154|RGB     | 1.0396| 0.945| 0.041| 8.440| 0.015| 2.561| 0.007| 2.22e-03| 0.007| 4.043| 0.189|                |  0|KCat|Sloan|Simbad|299.02233|+41.97544
299.1275417|+41.9321111| 6551391|19563061+4155556|4733.2| 0.052| 0.044| 55.276| 5.673|RGB     | 1.0355| 1.208| 0.040| 8.614| 0.015| 2.650| 0.007| 2.66e-03| 0.007| 3.766| 0.530|                |  0|KCat|Sloan|Simbad|299.12754|+41.93211
281.4972083|+42.0476667| 6579495|18455933+4202516|4734.7|-0.031|-0.035| 85.803| 8.169|RGB     | 1.0313| 1.068| 0.037| 6.502| 0.013| 2.841| 0.007| 5.48e-03| 0.007| 3.918| 0.149|                |  0|KCat|Sloan|Simbad|281.49721|+42.04767
281.7671250|+42.0905000| 6579998|18470411+4205258|4985.1|-0.703| 0.221| 31.863| 4.235|RC      | 0.9837| 0.988| 0.078|10.133| 0.023| 2.422| 0.010| 1.34e-03| 0.008| 3.689| 0.156|                |  0|KCat|Sloan|Simbad|281.76712|+42.09050
282.0207083|+42.0272500| 6580479|18480497+4201381|4887.5|-0.274| 0.041| 35.079| 4.195|RC(S)   | 0.9907| 1.292| 0.077|11.095| 0.023| 2.459| 0.010| 1.33e-03| 0.008| 3.469| 0.170|                |  0|KCat|Sloan|Simbad|282.02071|+42.02725
283.5630417|+42.0423889| 6583850|18541513+4202326|5117.9|-0.775| 0.306| 30.938| 4.399|RC      | 0.9740| 0.841| 0.079| 9.425| 0.024| 2.414| 0.010| 1.42e-03| 0.008| 3.858| 0.232|                |  1|KCat|Sloan|Simbad|283.56304|+42.04239
283.6889583|+42.0215833| 6584091|18544535+4201177|4697.4| 0.197| 0.006| 34.445| 4.149|RC      | 1.0027| 1.149| 0.077|10.664| 0.023| 2.442| 0.010| 1.34e-03| 0.008| 3.698| 0.285|                |  1|KCat|Sloan|Simbad|283.68896|+42.02158
283.8921250|+42.0189167| 6584555|18553411+4201081|4745.7| 0.390| 0.000|170.416|13.374|RGB     | 1.0217| 1.213| 0.030| 4.914| 0.010| 3.139| 0.007| 1.44e-02| 0.006| 3.832| 0.195|                |  1|KCat|Sloan|Simbad|283.89212|+42.01892
284.4306250|+42.0791389| 6585816|18574335+4204449|4596.4| 0.386| 0.049| 63.174| 5.877|RGB     | 1.0322| 1.517| 0.039| 9.097| 0.014| 2.701| 0.007| 2.84e-03| 0.007| 3.493| 0.273|                |  1|KCat|Sloan|Simbad|284.43062|+42.07914
284.7435833|+42.0861944| 6586554|18585846+4205103|4843.7| 0.154|-0.026| 55.320| 5.334|RC      | 0.9985| 1.854| 0.067|10.608| 0.018| 2.655| 0.009| 2.19e-03| 0.008| 3.171| 0.217|                |  1|KCat|Sloan|Simbad|284.74358|+42.08619
284.9878333|+42.0553333| 6587049|18595708+4203192|4842.2|-0.103| 0.014| 34.564| 4.062|RC      | 0.9988| 1.342| 0.077|11.420| 0.023| 2.451| 0.010| 1.27e-03| 0.008| 3.445| 0.268|                |  1|KCat|Sloan|Simbad|284.98783|+42.05533
285.0944583|+42.0260000| 6587245|19002267+4201336|4604.5| 0.040|-0.047| 24.184| 2.741|RGB     | 1.0307| 1.815| 0.043|16.076| 0.016| 2.285| 0.007| 6.16e-04| 0.008| 3.158| 0.271|                |  1|KCat|Sloan|Simbad|285.09446|+42.02600
285.1393750|+42.0576389| 6587345|19003345+4203275|4577.3| 0.253| 0.068| 31.798| 3.887|RC      | 1.0037| 1.123| 0.078|11.047| 0.023| 2.402| 0.010| 1.17e-03| 0.008| 3.737| 0.264|                |  1|KCat|Sloan|Simbad|285.13937|+42.05764
285.2774167|+42.0997778| 6587665|19010658+4205592|4754.5|-0.105| 0.057| 53.445| 5.638|RGB     | 1.0362| 1.123| 0.040| 8.438| 0.015| 2.636| 0.007| 2.64e-03| 0.007| 3.830| 0.274|                |  1|KCat|Sloan|Simbad|285.27742|+42.09978
285.3645000|+42.0378611| 6587865|19012748+4202163|4360.7| 0.030| 0.019|  7.794| 1.353|RGB     | 1.0372| 0.919| 0.044|20.429| 0.017| 1.781| 0.007| 1.52e-04| 0.008| 4.177| 0.275|Ageold          |  1|KCat|Sloan|Simbad|285.36450|+42.03786
286.4532083|+42.0835556| 6590363|19054877+4205008|4558.2| 0.067|-0.001| 31.183| 3.639|RGB     | 1.0395| 1.191| 0.042|11.499| 0.016| 2.393| 0.007| 1.11e-03| 0.008| 3.785| 0.168|                |  1|KCat|Sloan|Simbad|286.45321|+42.08356
286.4615833|+42.0818056| 6590381|19055078+4204545|5056.6|-0.181| 0.037| 54.260| 5.352|RC(S)   | 0.9938| 1.876| 0.068|10.659| 0.018| 2.656| 0.009| 2.18e-03| 0.008| 3.099| 0.239|                |  0|KCat|Sloan|Simbad|286.46158|+42.08181
286.5790417|+42.0347222| 6590668|19061897+4202050|4570.2|-0.107| 0.020| 12.587| 1.816|RGB     | 1.0403| 1.265| 0.044|18.640| 0.016| 1.999| 0.007| 2.76e-04| 0.008| 3.628| 0.135|                |  0|KCat|Sloan|Simbad|286.57904|+42.03472
286.5813750|+42.0081667| 6590675|19061953+4200294|4500.3| 0.321| 0.056| 26.475| 3.399|RGB(S)  | 1.0322| 0.966| 0.042|11.277| 0.016| 2.319| 0.007| 9.50e-04| 0.008| 4.183| 0.137|Ageold          |  1|KCat|Sloan|Simbad|286.58137|+42.00817
286.6250000|+42.0896111| 6590774|19063000+4205226|4358.0|-0.133| 0.189| 15.179| 2.153|RGB     | 1.0459| 1.023| 0.043|15.444| 0.016| 2.070| 0.007| 3.92e-04| 0.008| 3.977| 0.111|                |  0|KCat|Sloan|Simbad|286.62500|+42.08961
286.7414167|+42.0086111| 6591027|19065794+4200310|4635.6| 0.202|-0.002| 54.856| 5.428|RGB     | 1.0339| 1.373| 0.040| 9.268| 0.015| 2.642| 0.007| 2.43e-03| 0.007| 3.617| 0.166|                |  1|KCat|Sloan|Simbad|286.74142|+42.00861
286.8644167|+42.0695833| 6591336|19072746+4204105|4339.5| 0.359| 0.033| 24.429| 2.955|RGB     | 1.0429| 1.207| 0.043|13.241| 0.016| 2.276| 0.007| 7.33e-04| 0.008| 3.842| 0.178|                |  1|KCat|Sloan|Simbad|286.86442|+42.06958
287.0378750|+42.0897500| 6591762|19080909+4205231|4388.8|-0.343| 0.093|  9.416| 1.437|RGB     | 1.0377| 1.283| 0.044|21.928| 0.017| 1.864| 0.007| 1.72e-04| 0.008| 3.546| 0.131|                |  0|KCat|Sloan|Simbad|287.03787|+42.08975
287.1464583|+42.0363611| 6592034|19083515+4202109|4824.8|-0.161| 0.173|147.156|12.598|RGB     | 1.0223| 1.015| 0.032| 4.817| 0.011| 3.079| 0.007| 1.28e-02| 0.007| 3.961| 0.188|                |  0|KCat|Sloan|Simbad|287.14646|+42.03636
287.3955833|+42.0692500| 6592627|19093494+4204093|4682.0| 0.052| 0.013| 45.779| 4.809|RGB     | 1.0354| 1.307| 0.041| 9.874| 0.015| 2.565| 0.007| 1.91e-03| 0.007| 3.648| 0.195|                |  1|KCat|Sloan|Simbad|287.39558|+42.06925
287.6365417|+42.0546111| 6593240|19103277+4203166|4805.2|-0.030| 0.010| 31.163| 4.245|RC      | 0.9943| 0.831| 0.079| 9.479| 0.024| 2.404| 0.010| 1.38e-03| 0.008| 3.965| 0.237|                |  1|KCat|Sloan|Simbad|287.63654|+42.05461
287.7670417|+42.0499444| 6593596|19110409+4202598|4767.9|-0.262| 0.179| 28.976| 4.019|RC      | 0.9953| 0.818| 0.080| 9.774| 0.024| 2.371| 0.010| 1.23e-03| 0.008| 3.951| 0.146|                |  0|KCat|Sloan|Simbad|287.76704|+42.04994
287.7767500|+42.0018611| 6593623|19110642+4200067|4595.4| 0.027| 0.002| 37.649| 4.175|RGB(S)  | 1.0374| 1.235| 0.041|10.636| 0.015| 2.476| 0.007| 1.45e-03| 0.007| 3.732| 0.161|                |  1|KCat|Sloan|Simbad|287.77675|+42.00186
288.1138333|+42.0417778| 6594505|19122732+4202304|4876.5|-0.264| 0.063| 35.230| 4.116|RC      | 0.9996| 1.359| 0.077|11.362| 0.023| 2.460| 0.010| 1.31e-03| 0.008| 3.409| 0.190|                |  1|KCat|Sloan|Simbad|288.11383|+42.04178
288.3574167|+42.0168611| 6595127|19132578+4201007|4506.3| 0.524| 0.015| 33.325| 3.887|RC      | 1.0073| 1.245| 0.078|11.405| 0.023| 2.419| 0.010| 1.18e-03| 0.008| 3.645| 0.383|                |  1|KCat|Sloan|Simbad|288.35742|+42.01686
291.0113333|+42.0481944| 6603506|19240272+4202535|4824.0|-0.161| 0.083| 32.245| 3.996|RC      | 0.9951| 1.174| 0.078|11.070| 0.023| 2.420| 0.010| 1.22e-03| 0.008| 3.606| 0.225|                |  0|KCat|Sloan|Simbad|291.01133|+42.04819
291.2467917|+42.0077778| 6604237|19245923+4200280|4763.4|-1.900| 0.355|  3.393| 0.672|RGB     | 1.0111| 1.573| 0.044|39.627| 0.017| 1.439| 0.007| 3.56e-05| 0.008| 3.099| 0.328|SeisUnc         |  0|KCat|Sloan|Simbad|291.24679|+42.00778
291.7614167|+42.0803889| 6605929|19270274+4204494|4823.1| 0.092| 0.001| 41.631| 4.392|RC(S)   | 1.0038| 1.673| 0.074|11.628| 0.021| 2.530| 0.010| 1.50e-03| 0.008| 3.250| 0.203|                |  0|KCat|Sloan|Simbad|291.76142|+42.08039
291.8199583|+42.0333333| 6606106|19271679+4202000|4872.9|-0.119| 0.037| 32.150| 3.969|RC      | 0.9993| 1.195| 0.078|11.154| 0.023| 2.420| 0.010| 1.22e-03| 0.008| 3.583| 0.245|                |  0|KCat|Sloan|Simbad|291.81996|+42.03333
291.9183750|+42.0513333| 6606428|19274041+4203048|4061.9| 0.095|-0.016|  3.414| 0.655|RGB     | 1.0341| 1.278| 0.044|37.052| 0.017| 1.407| 0.007| 3.54e-05| 0.008| 3.681| 0.518|SeisUnc         |  0|KCat|Sloan|Simbad|291.91837|+42.05133
292.0507917|+42.0693611| 6606867|19281219+4204097|      |      |      |       |      |REJECT  |       |      |      |      |      |      |      |         |      |      |      |No Seis         |  0|KCat|Sloan|Simbad|292.05079|+42.06936
292.0624583|+42.0877500| 6606904|19281499+4205159|5010.4|-0.275| 0.098| 45.334| 4.752|RC      | 0.9990| 1.701| 0.072|11.131| 0.020| 2.576| 0.009| 1.74e-03| 0.008| 3.166| 0.160|                |  0|KCat|Sloan|Simbad|292.06246|+42.08775
292.7360417|+42.0116944| 6609265|19305665+4200421|4360.3| 0.420| 0.032| 19.965| 2.425|RGB     | 1.0394| 1.485| 0.043|16.222| 0.016| 2.189| 0.007| 4.91e-04| 0.008| 3.535| 0.304|                |  0|KCat|Sloan|Simbad|292.73604|+42.01169
293.0161667|+42.0727500| 6610188|19320388+4204219|4760.9| 0.144|-0.029| 57.517| 5.331|RGB(S)  | 1.0270| 1.819| 0.040|10.349| 0.015| 2.668| 0.007| 2.31e-03| 0.007| 3.175| 0.173|                |  0|KCat|Sloan|Simbad|293.01617|+42.07275
293.0651667|+42.0494722| 6610354|19321564+4202581|4937.2|-0.026|-0.037| 47.233| 4.568|RC      | 1.0044| 2.157| 0.071|12.324| 0.020| 2.590| 0.009| 1.63e-03| 0.008| 3.014| 0.000|                |  0|KCat|Sloan|Simbad|293.06517|+42.04947
293.1991667|+42.0278333| 6610828|19324780+4201402|4853.3|-0.111| 0.029| 34.660| 4.026|RC      | 0.9965| 1.421| 0.077|11.726| 0.023| 2.452| 0.010| 1.24e-03| 0.008| 3.388| 0.198|                |  0|KCat|Sloan|Simbad|293.19917|+42.02783
293.3036667|+42.0343889| 6611219|19331288+4202038|4640.0|-1.301| 0.245|  7.172| 1.230|RGB     | 1.0313| 1.177| 0.044|23.729| 0.017| 1.758| 0.007| 1.24e-04| 0.008| 3.516| 0.211|SeisUnc         |  0|KCat|Sloan|Simbad|293.30367|+42.03439
293.5536667|+42.0681111| 6612102|19341288+4204052|4745.0| 0.099| 0.046|139.019|11.740|RGB     | 1.0241| 1.099| 0.033| 5.178| 0.011| 3.051| 0.007| 1.12e-02| 0.007| 3.921| 0.218|                |  0|KCat|Sloan|Simbad|293.55367|+42.06811
293.6102083|+42.0415833| 6612293|19342645+4202297|4735.2|-0.061| 0.003| 43.308| 4.447|RGB     | 1.0325| 1.557| 0.041|11.049| 0.015| 2.544| 0.007| 1.63e-03| 0.007| 3.353| 0.231|                |  0|KCat|Sloan|Simbad|293.61021|+42.04158
293.7115000|+42.0175278| 6612644|19345076+4201031|4670.0| 0.305|-0.009| 41.231| 4.330|RC      | 0.9981| 1.676| 0.074|11.790| 0.021| 2.519| 0.010| 1.44e-03| 0.008| 3.292| 0.339|                |  0|KCat|Sloan|Simbad|293.71150|+42.01753
293.8929167|+42.0368333| 6613293|19353430+4202126|4861.3|-0.101| 0.011| 35.690| 4.192|RC      | 0.9997| 1.306| 0.077|11.074| 0.023| 2.465| 0.010| 1.36e-03| 0.008| 3.484| 0.346|                |  0|KCat|Sloan|Simbad|293.89292|+42.03683
294.0350417|+42.0498611| 6613846|19360841+4202595|4294.2| 0.144|-0.003| 12.246| 1.746|RGB     | 1.0431| 1.228| 0.044|18.912| 0.016| 1.974| 0.007| 2.56e-04| 0.008| 3.764| 0.272|                |  0|KCat|Sloan|Simbad|294.03504|+42.04986
294.0839583|+42.0930833| 6614040|19362015+4205351|4294.6| 0.090|-0.006| 10.064| 1.540|RGB(S)  | 1.0453| 1.118| 0.044|19.902| 0.017| 1.889| 0.007| 2.00e-04| 0.008| 3.889| 0.235|SeisUnc         |  0|KCat|Sloan|Simbad|294.08396|+42.09308
294.2383333|+42.0907222| 6614588|19365720+4205266|4853.0|-0.051| 0.009| 41.205| 4.473|RC      | 0.9938| 1.584| 0.074|11.355| 0.021| 2.527| 0.010| 1.53e-03| 0.008| 3.277| 0.230|                |  0|KCat|Sloan|Simbad|294.23833|+42.09072
294.3853750|+42.0552222| 6615133|19373249+4203188|4005.5|-0.168| 0.052|  2.119| 0.479|RGB     | 1.0311| 1.059| 0.045|42.948| 0.017| 1.197| 0.007| 1.88e-05| 0.008| 3.878| 0.382|                |  0|KCat|Sloan|Simbad|294.38537|+42.05522
294.4861667|+42.0943611| 6615504|19375668+4205397|4650.8| 0.176|-0.004| 58.780| 5.896|RGB     | 1.0351| 1.214| 0.040| 8.413| 0.015| 2.672| 0.007| 2.88e-03| 0.007| 3.792| 0.262|                |  0|KCat|Sloan|Simbad|294.48617|+42.09436
295.7385000|+42.0939444| 6620507|19425724+4205382|5226.7|-0.262| 0.184|179.384|13.324|RGB     | 1.0153| 1.703| 0.030| 5.539| 0.010| 3.182| 0.007| 1.41e-02| 0.006| 3.151| 0.276|                |  0|KCat|Sloan|Simbad|295.73850|+42.09394
295.8368333|+42.0914444| 6620987|19432084+4205292|4521.0|-0.056| 0.017| 21.730| 2.798|RGB     | 1.0426| 1.126| 0.043|13.421| 0.016| 2.234| 0.007| 6.57e-04| 0.008| 3.837| 0.448|                |  0|KCat|Sloan|Simbad|295.83683|+42.09144
297.5865000|+42.0209444| 6628766|19502076+4201154|4891.6| 0.096|-0.010| 56.288| 5.442|RC      | 0.9994| 1.822| 0.067|10.401| 0.018| 2.665| 0.009| 2.28e-03| 0.008| 3.166| 0.565|                |  0|KCat|Sloan|Simbad|297.58650|+42.02094
297.6822917|+42.0725000| 6629205|19504375+4204210|4677.4| 0.099| 0.034| 36.685| 3.894|RC      | 1.0095| 1.729| 0.076|12.690| 0.022| 2.469| 0.010| 1.19e-03| 0.008| 3.222| 0.159|                |  0|KCat|Sloan|Simbad|297.68229|+42.07250
297.7032500|+42.0893333| 6629315|19504878+4205216|4852.1|-0.135| 0.017| 36.721| 4.178|RC      | 0.9963| 1.457| 0.076|11.537| 0.022| 2.477| 0.010| 1.34e-03| 0.008| 3.353| 0.698|                |  0|KCat|Sloan|Simbad|297.70325|+42.08933
297.9995000|+42.0563056| 6630797|19515988+4203227|4047.4| 0.107| 0.010|  4.154| 0.815|RGB     | 1.0420| 0.927| 0.044|28.633| 0.017| 1.491| 0.007| 5.57e-05| 0.008| 4.175| 0.763|Ageold, SeisUnc |  0|KCat|Sloan|Simbad|297.99950|+42.05631
298.1353750|+42.0063889| 6631489|19523249+4200230|4587.4| 0.117|-0.014| 20.655| 2.494|RGB     | 1.0355| 1.609| 0.043|16.396| 0.016| 2.215| 0.007| 5.15e-04| 0.008| 3.348| 0.213|                |  0|KCat|Sloan|Simbad|298.13537|+42.00639
298.4080000|+42.0626944| 6632882|19533792+4203457|5009.6| 0.127|-0.036| 81.844| 7.000|RC      | 1.0006| 2.111| 0.055| 9.229| 0.012| 2.832| 0.008| 3.79e-03| 0.008| 3.034| 0.698|                |  0|KCat|Sloan|Simbad|298.40800|+42.06269
298.5733750|+42.0067778| 6633766|19541761+4200244|4808.4| 0.392| 0.007|148.988|11.738|RGB     | 1.0224| 1.390| 0.032| 5.607| 0.011| 3.084| 0.007| 1.11e-02| 0.007| 3.625| 0.661|                |  0|KCat|Sloan|Simbad|298.57337|+42.00678
298.7771250|+42.0460278| 6634762|19550651+4202457|4761.8| 0.222|-0.016| 42.667| 4.565|RC      | 1.0000| 1.537| 0.073|11.043| 0.021| 2.538| 0.009| 1.61e-03| 0.008| 3.360| 0.617|                |  0|KCat|Sloan|Simbad|298.77712|+42.04603
299.0000000|+42.0378889| 6635892|19560000+4202164|4681.0|-0.081| 0.129| 28.201| 3.789|RC      | 0.9971| 0.922| 0.080|10.565| 0.024| 2.355| 0.010| 1.10e-03| 0.008| 3.870| 0.606|                |  0|KCat|Sloan|Simbad|299.00000|+42.03789
281.3032500|+42.1482500| 6664431|18451278+4208537|5064.1| 0.023|-0.026| 81.406| 6.970|RC      | 0.9988| 2.163| 0.056| 9.342| 0.013| 2.832| 0.008| 3.74e-03| 0.008| 3.029| 0.174|                |  0|KCat|Sloan|Simbad|281.30325|+42.14825
281.3505417|+42.1574722| 6664533|18452413+4209269|4593.7| 0.263| 0.036| 62.843| 6.246|RGB     | 1.0356| 1.154| 0.039| 7.956| 0.014| 2.699| 0.007| 3.23e-03| 0.007| 3.894| 0.262|                |  0|KCat|Sloan|Simbad|281.35054|+42.15747
281.5852500|+42.1331389| 6664950|18462046+4207593|4792.9|-0.322| 0.241| 39.546| 4.379|RC      | 0.9942| 1.493| 0.075|11.290| 0.022| 2.507| 0.010| 1.46e-03| 0.008| 3.282| 0.075|                |  0|KCat|Sloan|Simbad|281.58525|+42.13314
281.6457500|+42.1398056| 6665058|18463498+4208233|4674.8|-0.094| 0.140|106.738| 9.735|RGB     | 1.0286| 1.011| 0.035| 5.689| 0.013| 2.933| 0.007| 7.74e-03| 0.007| 4.005| 0.020|                |  0|KCat|Sloan|Simbad|281.64575|+42.13981
281.9069167|+42.1015000| 6665526|18473766+4206054|5045.3|-0.251| 0.036|222.559|16.384|RGB     | 1.0170| 1.340| 0.028| 4.451| 0.009| 3.268| 0.007| 2.14e-02| 0.006| 3.499| 0.005|                |  0|KCat|Sloan|Simbad|281.90692|+42.10150
282.2829167|+42.1968889| 6666229|18490790+4211488|4449.1|-0.370| 0.071|  6.659| 1.299|RGB     | 1.0148| 0.758| 0.044|19.966| 0.017| 1.717| 0.007| 1.34e-04| 0.008| 4.227| 0.151|Ageold, SeisUnc |  0|KCat|Sloan|Simbad|282.28292|+42.19689
285.1539167|+42.1170278| 6672662|19003694+4207013|4912.6|-0.058| 0.017| 37.686| 4.420|RC      | 0.9982| 1.272| 0.076|10.606| 0.022| 2.491| 0.010| 1.50e-03| 0.008| 3.531| 0.279|                |  1|KCat|Sloan|Simbad|285.15392|+42.11703
286.8752083|+42.1062500| 6676597|19073005+4206225|4855.8|-0.299| 0.057| 67.691| 6.732|RGB     | 1.0311| 1.182| 0.039| 7.652| 0.014| 2.743| 0.007| 3.72e-03| 0.007| 3.687| 0.126|                |  0|KCat|Sloan|Simbad|286.87521|+42.10625
286.9529167|+42.1823611| 6676788|19074870+4210565|4905.1|-0.434| 0.185| 29.906| 4.150|RC      | 0.9888| 0.847| 0.079| 9.723| 0.024| 2.390| 0.010| 1.30e-03| 0.008| 3.884| 0.117|                |  1|KCat|Sloan|Simbad|286.95292|+42.18236
286.9906250|+42.1260833| 6676885|19075775+4207339|4636.7| 0.254| 0.020| 34.979| 4.145|RC      | 1.0030| 1.183| 0.077|10.771| 0.023| 2.446| 0.010| 1.34e-03| 0.008| 3.678| 0.135|                |  1|KCat|Sloan|Simbad|286.99062|+42.12608
287.3055000|+42.1558056| 6677653|19091332+4209209|5019.9| 0.206| 0.013| 71.970| 6.053|RC      | 1.0033| 2.548| 0.060|10.805| 0.014| 2.777| 0.008| 2.85e-03| 0.008| 2.860| 0.171|                |  1|KCat|Sloan|Simbad|287.30550|+42.15581
287.5824583|+42.1628889| 6678322|19101979+4209464|4791.2|-0.068| 0.167| 19.972| 3.063|RC      | 1.0131| 0.745| 0.084|11.222| 0.026| 2.210| 0.010| 7.44e-04| 0.008| 4.056| 0.191|                |  0|KCat|Sloan|Simbad|287.58246|+42.16289
287.6250417|+42.1846389| 6678428|19103001+4211047|4787.7| 0.037| 0.000| 35.290| 4.230|RC      | 1.0035| 1.172| 0.077|10.592| 0.023| 2.457| 0.010| 1.39e-03| 0.008| 3.644| 0.237|                |  1|KCat|Sloan|Simbad|287.62504|+42.18464
287.6259583|+42.1293889| 6678432|19103023+4207458|4564.5| 0.195| 0.014| 55.917| 5.694|RGB     | 1.0363| 1.163| 0.040| 8.481| 0.015| 2.647| 0.007| 2.69e-03| 0.007| 3.865| 0.153|                |  1|KCat|Sloan|Simbad|287.62596|+42.12939
287.6277500|+42.1491111| 6678433|19103066+4208568|4936.9|-0.070| 0.001|109.621| 9.167|RGB     | 1.0222| 1.549| 0.035| 6.856| 0.012| 2.956| 0.007| 6.78e-03| 0.007| 3.350| 0.213|                |  0|KCat|Sloan|Simbad|287.62775|+42.14911
287.6467917|+42.1886667| 6678472|19103523+4211192|4943.7|-0.271| 0.042|123.094|10.493|RGB     | 1.0218| 1.283| 0.034| 5.885| 0.012| 3.007| 0.007| 8.88e-03| 0.007| 3.573| 0.096|                |  0|KCat|Sloan|Simbad|287.64679|+42.18867
287.9421667|+42.1997778| 6679278|19114612+4211592|4730.2| 0.104| 0.032| 34.939| 4.149|RC      | 1.0015| 1.217| 0.077|10.877| 0.023| 2.450| 0.010| 1.33e-03| 0.008| 3.618| 0.163|                |  1|KCat|Sloan|Simbad|287.94217|+42.19978
287.9995000|+42.1281389| 6679464|19115988+4207413|3871.4| 0.234| 0.052|  2.937| 0.573|RGB     | 1.0308| 1.307| 0.044|40.882| 0.017| 1.331| 0.007| 2.69e-05| 0.008| 3.692| 0.327|                |  0|KCat|Sloan|Simbad|287.99950|+42.12814
288.3312917|+42.1489444| 6680386|19131951+4208562|4873.1|-0.265| 0.066| 29.353| 3.850|RC      | 0.9873| 1.078| 0.080|11.085| 0.024| 2.381| 0.010| 1.12e-03| 0.008| 3.669| 0.131|                |  1|KCat|Sloan|Simbad|288.33129|+42.14894
288.4651250|+42.1895278| 6680734|19135163+4211223|4574.5|-0.321| 0.074| 17.318| 2.390|RGB     | 1.0424| 1.090| 0.043|14.748| 0.016| 2.138| 0.007| 4.79e-04| 0.008| 3.786| 0.168|                |  1|KCat|Sloan|Simbad|288.46512|+42.18953
288.7065417|+42.1598611| 6681414|19144957+4209355|4625.3|-0.142| 0.075| 40.041| 4.603|RGB     | 1.0395| 1.007| 0.041| 9.295| 0.015| 2.504| 0.007| 1.77e-03| 0.007| 3.970| 0.100|                |  1|KCat|Sloan|Simbad|288.70654|+42.15986
288.7239583|+42.1875278| 6681465|19145375+4211151|4755.4| 0.019| 0.035| 33.649| 4.135|RC      | 1.0021| 1.108| 0.078|10.562| 0.023| 2.435| 0.010| 1.33e-03| 0.008| 3.703| 0.156|                |  0|KCat|Sloan|Simbad|288.72396|+42.18753
288.7547917|+42.1763056| 6681565|19150115+4210347|4693.4| 0.251| 0.015| 72.943| 6.722|RGB     | 1.0308| 1.415| 0.038| 8.135| 0.014| 2.768| 0.007| 3.71e-03| 0.007| 3.577| 0.193|                |  1|KCat|Sloan|Simbad|288.75479|+42.17631
290.8419583|+42.1831111| 6688318|19232207+4210592|4995.9| 0.046|-0.029| 97.664| 7.881|RGB     | 1.0115| 2.129| 0.036| 8.490| 0.013| 2.908| 0.007| 4.91e-03| 0.007| 2.943| 0.084|                |  0|KCat|Sloan|Simbad|290.84196|+42.18311
290.9215417|+42.1023611| 6688580|19234117+4206085|4954.1|-0.086| 0.023| 37.348| 4.065|RC      | 1.0098| 1.673| 0.076|12.193| 0.022| 2.489| 0.010| 1.30e-03| 0.008| 3.214| 0.300|                |  0|KCat|Sloan|Simbad|290.92154|+42.10236
291.1868333|+42.1067500| 6689398|19244484+4206243|4621.4| 0.191|-0.004| 52.779| 5.267|RGB     | 1.0338| 1.373| 0.040| 9.458| 0.015| 2.624| 0.007| 2.29e-03| 0.007| 3.611| 0.207|                |  0|KCat|Sloan|Simbad|291.18683|+42.10675
291.2251250|+42.1291667| 6689517|19245403+4207450|4800.2| 0.183| 0.045|213.787|16.386|RGB     | 1.0179| 1.098| 0.028| 4.162| 0.009| 3.240| 0.007| 2.15e-02| 0.006| 3.946| 0.350|                |  0|KCat|Sloan|Simbad|291.22512|+42.12917
291.4132500|+42.1870556| 6690139|19253918+4211134|4980.2|-0.201| 0.077|115.423| 9.650|RGB     | 1.0212| 1.498| 0.035| 6.556| 0.012| 2.980| 0.007| 7.50e-03| 0.007| 3.360| 0.131|                |  0|KCat|Sloan|Simbad|291.41325|+42.18706
292.3939167|+42.1285278| 6693329|19293454+4207427|4601.4|-0.499| 0.061| 15.225| 2.190|RGB     | 1.0416| 1.064| 0.043|15.518| 0.016| 2.083| 0.007| 4.02e-04| 0.008| 3.790| 0.194|                |  0|KCat|Sloan|Simbad|292.39392|+42.12853
293.0522917|+42.1017222| 6695665|19321255+4206062|5093.2|-0.189| 0.038| 57.997| 5.505|RC      | 1.0094| 1.945| 0.066|10.478| 0.017| 2.686| 0.009| 2.38e-03| 0.008| 3.060| 0.275|                |  0|KCat|Sloan|Simbad|293.05229|+42.10172
293.2375000|+42.1960000| 6696387|19325700+4211456|4677.1|-0.208| 0.155| 78.498| 7.693|RGB     | 1.0327| 1.015| 0.038| 6.648| 0.014| 2.799| 0.007| 4.87e-03| 0.007| 3.965| 0.166|                |  0|KCat|Sloan|Simbad|293.23750|+42.19600
293.2518750|+42.1666667| 6696436|19330045+4210000|4578.8|-0.291| 0.041| 25.403| 3.192|RGB     | 1.0409| 1.090| 0.042|12.171| 0.016| 2.305| 0.007| 8.52e-04| 0.008| 3.820| 0.070|                |  0|KCat|Sloan|Simbad|293.25187|+42.16667
294.1999167|+42.1781944| 6700106|19364798+4210415|4963.9|-0.125| 0.021|139.854|11.333|RGB     | 1.0200| 1.401| 0.033| 5.764| 0.011| 3.063| 0.007| 1.03e-02| 0.007| 3.471| 0.204|                |  0|KCat|Sloan|Simbad|294.19992|+42.17819
294.2017917|+42.1564444| 6700113|19364843+4209232|5070.9| 0.003|-0.015| 97.327| 7.616|RC      | 0.9964| 2.625| 0.049| 9.407| 0.010| 2.910| 0.007| 4.45e-03| 0.008| 2.715| 0.089|                |  0|KCat|Sloan|Simbad|294.20179|+42.15644
294.3190000|+42.1235833| 6700591|19371656+4207249|4848.0|-0.043| 0.053| 35.050| 4.128|RC      | 0.9954| 1.333| 0.077|11.298| 0.023| 2.457| 0.010| 1.30e-03| 0.008| 3.484| 0.303|                |  0|KCat|Sloan|Simbad|294.31900|+42.12358
294.4301250|+42.1021944| 6701023|19374323+4206079|4730.5|-0.429| 0.176| 55.486| 6.005|RGB     | 1.0369| 0.966| 0.040| 7.693| 0.015| 2.651| 0.007| 2.99e-03| 0.007| 3.967| 0.170|                |  0|KCat|Sloan|Simbad|294.43012|+42.10219
294.4872917|+42.1670833| 6701238|19375695+4210015|4778.8|-0.292| 0.200| 29.347| 4.017|RC      | 0.9959| 0.852| 0.080| 9.909| 0.024| 2.377| 0.010| 1.24e-03| 0.008| 3.905| 0.154|SeisUnc         |  0|KCat|Sloan|Simbad|294.48729|+42.16708
295.5452917|+42.1209444| 6705642|19421087+4207154|4814.8| 0.103|-0.009| 45.945| 4.778|RC      | 1.0004| 1.623| 0.072|10.907| 0.020| 2.573| 0.009| 1.76e-03| 0.008| 3.275| 0.273|                |  0|KCat|Sloan|Simbad|295.54529|+42.12094
295.7315833|+42.1808056| 6706559|19425558+4210509|4896.2| 0.100|-0.036| 60.515| 5.606|RC      | 1.0065| 1.958| 0.065|10.395| 0.017| 2.696| 0.009| 2.46e-03| 0.008| 3.110| 0.447|                |  0|KCat|Sloan|Simbad|295.73158|+42.18081
295.8323750|+42.1128889| 6706980|19431977+4206464|4968.0|-0.102|-0.004|106.551| 8.960|RGB     | 1.0218| 1.577| 0.036| 7.004| 0.013| 2.945| 0.007| 6.47e-03| 0.007| 3.296| 0.302|                |  0|KCat|Sloan|Simbad|295.83237|+42.11289
295.8847083|+42.1583611| 6707195|19433233+4209301|4706.1| 0.339| 0.013|108.541| 9.484|RGB     | 1.0287| 1.191| 0.035| 6.114| 0.013| 2.941| 0.007| 7.35e-03| 0.007| 3.857| 0.417|                |  0|KCat|Sloan|Simbad|295.88471|+42.15836
295.9976667|+42.1744167| 6707691|19435944+4210279|5083.9|-0.027|-0.048| 81.448| 6.818|RC      | 0.9863| 2.504| 0.056|10.037| 0.013| 2.833| 0.008| 3.49e-03| 0.008| 2.824| 0.088|                |  0|KCat|Sloan|Simbad|295.99767|+42.17442
296.0891667|+42.1728889| 6708078|19442140+4210224|4677.6| 0.024| 0.005| 47.982| 5.133|RGB     | 1.0372| 1.150| 0.040| 9.050| 0.015| 2.585| 0.007| 2.19e-03| 0.007| 3.839| 0.419|                |  0|KCat|Sloan|Simbad|296.08917|+42.17289
297.4633333|+42.1223889| 6714282|19495120+4207206|3942.4| 0.095|-0.002|       |      |REJECT  |       |      |      |      |      |      |      |         |      |      |      |No Seis         |  0|KCat|Sloan|Simbad|297.46333|+42.12239
298.1014167|+42.1892500| 6717307|19522434+4211213|4808.9| 0.210|-0.005| 48.231| 4.872|RC      | 0.9981| 1.749| 0.071|11.055| 0.020| 2.594| 0.009| 1.83e-03| 0.008| 3.236| 0.226|                |  0|KCat|Sloan|Simbad|298.10142|+42.18925
298.2544167|+42.1082778| 6718029|19530106+4206298|4847.9| 0.159| 0.022| 47.188| 4.741|RC      | 1.0038| 1.808| 0.071|11.340| 0.020| 2.586| 0.009| 1.75e-03| 0.008| 3.193| 0.684|                |  0|KCat|Sloan|Simbad|298.25442|+42.10828
298.3478333|+42.1464167| 6718509|19532348+4208471|4238.9| 0.192| 0.011| 10.945| 1.604|RGB     | 1.0437| 1.204| 0.044|19.871| 0.017| 1.922| 0.007| 2.16e-04| 0.008| 3.809| 0.759|                |  0|KCat|Sloan|Simbad|298.34783|+42.14642
298.7443750|+42.1359444| 6720476|19545865+4208094|4877.4|-0.128| 0.039| 38.798| 4.342|RC      | 1.0027| 1.448| 0.075|11.175| 0.022| 2.502| 0.010| 1.46e-03| 0.008| 3.361| 0.656|                |  0|KCat|Sloan|Simbad|298.74437|+42.13594
298.9784583|+42.1444167| 6721721|19555483+4208399|4906.8| 0.143|-0.020| 56.704| 5.425|RC(S)   | 1.0017| 1.878| 0.067|10.512| 0.018| 2.668| 0.009| 2.28e-03| 0.008| 3.158| 0.636|                |  0|KCat|Sloan|Simbad|298.97846|+42.14442
281.5549583|+42.2597778| 6751420|18461319+4215352|4696.4| 0.128| 0.019| 83.823| 7.897|RGB     | 1.0320| 1.123| 0.037| 6.760| 0.013| 2.829| 0.007| 5.13e-03| 0.007| 3.896| 0.241|                |  0|KCat|Sloan|Simbad|281.55496|+42.25978
281.8323750|+42.2183889| 6751876|18471977+4213062|4876.5|-0.221| 0.081| 30.468| 3.923|RC      | 0.9927| 1.095| 0.079|10.967| 0.024| 2.397| 0.010| 1.17e-03| 0.008| 3.649| 0.230|                |  0|KCat|Sloan|Simbad|281.83237|+42.21839
281.9530417|+42.2539444| 6752116|18474873+4215142|4729.3|-0.064| 0.128| 82.582| 7.953|RGB     | 1.0322| 1.054| 0.038| 6.586| 0.014| 2.824| 0.007| 5.20e-03| 0.007| 3.938| 0.205|                |  0|KCat|Sloan|Simbad|281.95304|+42.25394
283.4940000|+42.2631389| 6755373|18535856+4215473|4667.3| 0.039|-0.007| 50.788| 5.211|RGB     | 1.0346| 1.292| 0.040| 9.330| 0.015| 2.610| 0.007| 2.24e-03| 0.007| 3.666| 0.102|                |  1|KCat|Sloan|Simbad|283.49400|+42.26314
283.7105417|+42.2963889| 6755830|18545053+4217470|4699.5| 0.232|-0.030| 41.409| 4.453|RC      | 1.0021| 1.508| 0.074|11.141| 0.021| 2.523| 0.010| 1.54e-03| 0.008| 3.388| 0.222|                |  1|KCat|Sloan|Simbad|283.71054|+42.29639
283.7482500|+42.2443333| 6755907|18545958+4214396|4538.1|-0.049| 0.087| 43.053| 4.845|RGB     | 1.0397| 0.990| 0.041| 8.932| 0.015| 2.532| 0.007| 1.96e-03| 0.007| 4.035| 0.114|                |  1|KCat|Sloan|Simbad|283.74825|+42.24433
283.7671667|+42.2988056| 6755958|18550412+4217557|4794.7|-0.374| 0.093| 43.103| 4.923|RGB     | 1.0387| 1.017| 0.041| 8.921| 0.015| 2.544| 0.007| 2.02e-03| 0.007| 3.896| 0.302|                |  1|KCat|Sloan|Simbad|283.76717|+42.29881
283.7965000|+42.2448333| 6756017|18551116+4214414|4765.1| 0.018| 0.014| 32.235| 3.993|RC      | 1.0005| 1.131| 0.078|10.897| 0.023| 2.417| 0.010| 1.23e-03| 0.008| 3.687| 0.231|                |  1|KCat|Sloan|Simbad|283.79650|+42.24483
284.0487917|+42.2247500| 6756579|18561171+4213291|4974.5|-0.157| 0.033| 39.019| 3.963|RC      | 1.0037| 2.177| 0.075|13.596| 0.022| 2.509| 0.010| 1.22e-03| 0.008| 2.999| 0.201|                |  1|KCat|Sloan|Simbad|284.04879|+42.22475
284.0795833|+42.2208889| 6756648|18561910+4213152|5006.7| 0.120|-0.020| 81.727| 6.705|RC      | 0.9875| 2.630| 0.055|10.309| 0.013| 2.832| 0.008| 3.38e-03| 0.008| 2.789| 0.132|                |  1|KCat|Sloan|Simbad|284.07958|+42.22089
284.1807083|+42.2194444| 6756908|18564337+4213100|4674.2| 0.108| 0.014| 26.935| 3.487|RC      | 1.0104| 1.059| 0.081|11.593| 0.025| 2.335| 0.010| 9.58e-04| 0.008| 3.766| 0.268|                |  1|KCat|Sloan|Simbad|284.18071|+42.21944
284.3847917|+42.2321389| 6757332|18573235+4213557|4665.3|-0.121| 0.133| 64.324| 6.488|RGB     | 1.0349| 1.091| 0.039| 7.617| 0.014| 2.712| 0.007| 3.48e-03| 0.007| 3.873| 0.167|                |  1|KCat|Sloan|Simbad|284.38479|+42.23214
284.4547917|+42.2047778| 6757558|18574915+4212172|4772.5| 0.090| 0.028|131.185|11.226|RGB     | 1.0249| 1.110| 0.034| 5.351| 0.012| 3.027| 0.007| 1.02e-02| 0.007| 3.902| 0.234|                |  1|KCat|Sloan|Simbad|284.45479|+42.20478
284.6179167|+42.2427222| 6757928|18582830+4214338|5005.6| 0.106|-0.055| 95.430| 7.815|RC      | 0.9973| 2.181| 0.049| 8.688| 0.010| 2.899| 0.007| 4.69e-03| 0.008| 3.000| 0.000|                |  0|KCat|Sloan|Simbad|284.61792|+42.24272
286.1204583|+42.2563333| 6761256|19042891+4215228|4214.6|-0.102| 0.143|  5.143| 0.859|RGB     | 1.0306| 1.581| 0.044|33.265| 0.017| 1.593| 0.007| 6.05e-05| 0.008| 3.331| 0.163|                |  0|KCat|Sloan|Simbad|286.12046|+42.25633
286.3027917|+42.2370833| 6761651|19051267+4214135|4984.9|-0.026|-0.003|136.706|10.871|RGB     | 1.0196| 1.558| 0.033| 6.141| 0.011| 3.054| 0.007| 9.49e-03| 0.007| 3.340| 0.168|                |  0|KCat|Sloan|Simbad|286.30279|+42.23708
286.4775000|+42.2596667| 6762022|19055460+4215348|4798.6| 0.088| 0.025| 40.617| 4.413|RC      | 0.9935| 1.576| 0.074|11.439| 0.021| 2.519| 0.010| 1.48e-03| 0.008| 3.307| 0.169|                |  1|KCat|Sloan|Simbad|286.47750|+42.25967
286.6630417|+42.2480556| 6762434|19063913+4214530|4696.2| 0.060| 0.021| 22.837| 3.054|RC(S)   | 1.0137| 1.090| 0.083|12.760| 0.026| 2.264| 0.010| 7.40e-04| 0.008| 3.725| 0.198|                |  0|KCat|Sloan|Simbad|286.66304|+42.24806
286.7369167|+42.2356667| 6762612|19065686+4214084|4830.6| 0.062|-0.006| 39.238| 4.364|RC      | 0.9906| 1.519| 0.075|11.407| 0.022| 2.505| 0.010| 1.44e-03| 0.008| 3.348| 0.209|                |  1|KCat|Sloan|Simbad|286.73692|+42.23567
286.8397917|+42.2901667| 6762849|19072155+4217246|4267.8|-0.098| 0.050|  7.056| 1.204|RGB     | 1.0462| 1.016| 0.044|22.694| 0.017| 1.733| 0.007| 1.23e-04| 0.008| 3.989| 0.134|                |  0|KCat|Sloan|Simbad|286.83979|+42.29017
287.0204167|+42.2750278| 6763330|19080490+4216301|4979.2|-0.398| 0.063| 34.236| 4.172|RC      | 0.9877| 1.279| 0.077|11.122| 0.023| 2.452| 0.010| 1.31e-03| 0.008| 3.441| 0.171|                |  0|KCat|Sloan|Simbad|287.02042|+42.27503
287.2891667|+42.2369167| 6764026|19090940+4214129|4737.2| 0.167| 0.013| 81.169| 7.543|RGB     | 1.0311| 1.246| 0.038| 7.219| 0.014| 2.817| 0.007| 4.67e-03| 0.007| 3.746| 0.194|                |  1|KCat|Sloan|Simbad|287.28917|+42.23692
287.3776667|+42.2236667| 6764229|19093064+4213252|4592.6|-0.007| 0.080| 59.078| 6.078|RGB     | 1.0367| 1.064| 0.040| 7.882| 0.014| 2.672| 0.007| 3.07e-03| 0.007| 3.955| 0.094|                |  1|KCat|Sloan|Simbad|287.37767|+42.22367
287.3918333|+42.2600278| 6764262|19093404+4215361|4528.9| 0.217| 0.067| 61.372| 6.187|RGB     | 1.0366| 1.089| 0.039| 7.848| 0.014| 2.685| 0.007| 3.18e-03| 0.007| 3.974| 0.109|                |  0|KCat|Sloan|Simbad|287.39183|+42.26003
287.4347500|+42.2040833| 6764361|19094434+4212147|4567.1|-0.113| 0.048| 26.424| 3.240|RGB(S)  | 1.0401| 1.155| 0.042|12.294| 0.016| 2.321| 0.007| 8.77e-04| 0.008| 3.768| 0.200|                |  0|KCat|Sloan|Simbad|287.43475|+42.20408
287.4417083|+42.2357778| 6764382|19094601+4214088|4503.3| 0.189| 0.005| 29.595| 3.442|RGB     | 1.0396| 1.249| 0.042|12.123| 0.016| 2.367| 0.007| 9.89e-04| 0.008| 3.753| 0.229|                |  1|KCat|Sloan|Simbad|287.44171|+42.23578
287.5662083|+42.2548889| 6764685|19101589+4215176|4730.3| 0.300|-0.016|120.481|10.070|RGB     | 1.0257| 1.307| 0.034| 6.070| 0.012| 2.988| 0.007| 8.24e-03| 0.007| 3.706| 0.198|                |  1|KCat|Sloan|Simbad|287.56621|+42.25489
287.7017500|+42.2372778| 6765032|19104842+4214142|4528.3|-0.555| 0.185|  7.148| 1.395|RGB     | 1.0126| 0.730| 0.044|18.833| 0.017| 1.752| 0.007| 1.54e-04| 0.008| 4.245| 0.173|Ageold          |  1|KCat|Sloan|Simbad|287.70175|+42.23728
287.8492083|+42.2235556| 6765408|19112381+4213248|4527.6|-0.081| 0.032| 17.693| 2.345|RGB     | 1.0408| 1.243| 0.043|15.622| 0.016| 2.145| 0.007| 4.60e-04| 0.008| 3.688| 0.219|                |  1|KCat|Sloan|Simbad|287.84921|+42.22356
288.1171250|+42.2733611| 6766118|19122811+4216241|4977.0| 0.129|-0.027| 84.434| 7.008|RC      | 1.0035| 2.259| 0.054| 9.413| 0.012| 2.844| 0.008| 3.82e-03| 0.008| 3.006| 0.091|                |  0|KCat|Sloan|Simbad|288.11712|+42.27336
288.3957083|+42.2939444| 6766852|19133497+4217382|4512.8|-0.327| 0.191| 19.911| 2.707|RGB     | 1.0451| 0.977| 0.043|13.063| 0.016| 2.196| 0.007| 6.18e-04| 0.008| 3.988| 0.150|                |  0|KCat|Sloan|Simbad|288.39571|+42.29394
288.5388750|+42.2906111| 6767249|19140933+4217262|4899.5|-0.154| 0.020| 38.408| 4.438|RC      | 0.9961| 1.330| 0.075|10.754| 0.022| 2.499| 0.010| 1.51e-03| 0.008| 3.458| 0.200|                |  0|KCat|Sloan|Simbad|288.53887|+42.29061
288.7686250|+42.2468056| 6767829|19150447+4214485|4721.7|-0.306| 0.193| 60.085| 6.311|RGB     | 1.0357| 1.008| 0.039| 7.553| 0.014| 2.685| 0.007| 3.30e-03| 0.007| 3.943| 0.127|                |  0|KCat|Sloan|Simbad|288.76862|+42.24681
288.8341250|+42.2677222| 6768042|19152019+4216038|4686.0| 0.025| 0.003| 23.895| 2.958|RC(S)   | 1.0041| 1.470| 0.082|14.491| 0.025| 2.283| 0.010| 6.81e-04| 0.008| 3.386| 0.199|                |  1|KCat|Sloan|Simbad|288.83412|+42.26772
288.9340833|+42.2339167| 6768319|19154418+4214021|4618.3| 0.078| 0.013| 53.567| 5.581|RGB     | 1.0367| 1.126| 0.040| 8.501| 0.015| 2.631| 0.007| 2.58e-03| 0.007| 3.876| 0.162|                |  1|KCat|Sloan|Simbad|288.93408|+42.23392
288.9482083|+42.2896667| 6768355|19154757+4217228|4801.2| 0.030| 0.011| 36.649| 4.206|RC      | 0.9941| 1.401| 0.076|11.353| 0.022| 2.474| 0.010| 1.35e-03| 0.008| 3.444| 0.166|                |  1|KCat|Sloan|Simbad|288.94821|+42.28967
288.9783333|+42.2401389| 6768448|19155480+4214245|4731.5| 0.286|-0.004| 66.754| 5.851|RGB     | 1.0215| 1.984| 0.039|10.048| 0.014| 2.731| 0.007| 2.76e-03| 0.007| 3.083| 0.264|                |  0|KCat|Sloan|Simbad|288.97833|+42.24014
289.0627500|+42.2855278| 6768654|19161506+4217079|4832.4|-0.363| 0.056| 50.596| 5.264|RGB     | 1.0322| 1.305| 0.040| 9.311| 0.015| 2.616| 0.007| 2.28e-03| 0.007| 3.523| 0.191|                |  1|KCat|Sloan|Simbad|289.06275|+42.28553
290.9663750|+42.2710000| 6774693|19235193+4216156|4756.2| 0.094|-0.007| 98.603| 8.746|RGB     | 1.0276| 1.260| 0.036| 6.580| 0.013| 2.902| 0.007| 6.24e-03| 0.007| 3.705| 0.191|                |  0|KCat|Sloan|Simbad|290.96637|+42.27100
291.1042917|+42.2691389| 6775098|19242503+4216089|4642.3| 0.144| 0.028| 57.513| 5.842|RGB     | 1.0354| 1.175| 0.040| 8.372| 0.015| 2.663| 0.007| 2.83e-03| 0.007| 3.835| 0.199|                |  0|KCat|Sloan|Simbad|291.10429|+42.26914
291.5153333|+42.2768889| 6776396|19260368+4216368|4910.2|-0.038|-0.007|143.318|11.804|RGB     | 1.0210| 1.255| 0.033| 5.404| 0.011| 3.071| 0.007| 1.12e-02| 0.007| 3.667| 0.094|                |  0|KCat|Sloan|Simbad|291.51533|+42.27689
291.7359583|+42.2491111| 6777074|19265663+4214568|4662.7| 0.084| 0.035| 56.988| 5.823|RGB     | 1.0357| 1.165| 0.040| 8.363| 0.015| 2.659| 0.007| 2.81e-03| 0.007| 3.832| 0.235|                |  0|KCat|Sloan|Simbad|291.73596|+42.24911
291.9430417|+42.2860556| 6777790|19274633+4217098|4647.0|-0.203| 0.133| 47.715| 5.248|RGB     | 1.0383| 1.021| 0.041| 8.563| 0.015| 2.582| 0.007| 2.29e-03| 0.007| 3.958| 0.119|                |  0|KCat|Sloan|Simbad|291.94304|+42.28606
291.9733750|+42.2004444| 6777888|19275361+4212016|4687.4| 0.101| 0.002| 32.333| 4.105|RC      | 1.0025| 0.988| 0.078|10.215| 0.023| 2.414| 0.010| 1.31e-03| 0.008| 3.829| 0.125|                |  0|KCat|Sloan|Simbad|291.97337|+42.20044
292.0019167|+42.2325000| 6777971|19280046+4213570|5121.9| 0.001|-0.038| 78.652| 6.855|RC      | 0.9999| 2.113| 0.057| 9.365| 0.013| 2.820| 0.008| 3.63e-03| 0.008| 3.024| 0.082|                |  0|KCat|Sloan|Simbad|292.00192|+42.23250
292.3104583|+42.2254444| 6779009|19291451+4213316|4636.3| 0.193| 0.003| 33.105| 4.046|RC      | 1.0022| 1.108| 0.078|10.718| 0.023| 2.422| 0.010| 1.27e-03| 0.008| 3.734| 0.175|                |  0|KCat|Sloan|Simbad|292.31046|+42.22544
292.5235417|+42.2757500| 6779699|19300565+4216327|4573.6| 0.376|-0.010| 86.730| 8.028|RGB     | 1.0335| 1.113| 0.037| 6.659| 0.013| 2.838| 0.007| 5.32e-03| 0.007| 3.965| 0.102|                |  0|KCat|Sloan|Simbad|292.52354|+42.27575
292.7550417|+42.2831944| 6780490|19310121+4216595|4769.2| 0.095| 0.015| 37.895| 4.214|RC      | 0.9948| 1.517| 0.076|11.640| 0.022| 2.487| 0.010| 1.36e-03| 0.008| 3.356| 0.220|                |  0|KCat|Sloan|Simbad|292.75504|+42.28319
292.9315833|+42.2441667| 6781023|19314358+4214390|4780.3|-0.082| 0.019|100.251| 9.208|RGB     | 1.0284| 1.083| 0.036| 6.042| 0.013| 2.910| 0.007| 6.92e-03| 0.007| 3.897| 0.238|                |  0|KCat|Sloan|Simbad|292.93158|+42.24417
293.5327083|+42.2725556| 6783217|19340785+4216212|5110.4|-0.258| 0.039|       |      |REJECT  |       |      |      |      |      |      |      |         |      |      |      |No Seis         |  0|KCat|Sloan|Simbad|293.53271|+42.27256
293.5975417|+42.2966111| 6783485|19342341+4217478|4687.7| 0.136| 0.016| 33.020| 4.077|RC      | 1.0045| 1.074| 0.078|10.538| 0.023| 2.424| 0.010| 1.29e-03| 0.008| 3.752| 0.302|                |  0|KCat|Sloan|Simbad|293.59754|+42.29661
293.8563333|+42.2945000| 6784377|19352552+4217402|4850.6| 0.450| 0.042| 85.307| 7.160|RC      | 1.0004| 2.083| 0.054| 9.051| 0.012| 2.843| 0.008| 3.96e-03| 0.008| 3.071| 0.434|                |  0|KCat|Sloan|Simbad|293.85633|+42.29450
294.0321250|+42.2236944| 6785040|19360771+4213253|4181.8|-0.265| 0.117|  3.771| 0.737|RGB     | 1.0341| 1.125| 0.044|32.830| 0.017| 1.457| 0.007| 4.48e-05| 0.008| 3.762| 0.342|SeisUnc         |  0|KCat|Sloan|Simbad|294.03212|+42.22369
294.1535417|+42.2886111| 6785523|19363685+4217190|4813.8| 0.161|-0.020| 48.406| 4.828|RC      | 1.0040| 1.794| 0.071|11.173| 0.020| 2.596| 0.009| 1.81e-03| 0.008| 3.201| 0.262|                |  0|KCat|Sloan|Simbad|294.15354|+42.28861
294.2844583|+42.2543056| 6786042|19370827+4215155|4859.7|-0.032| 0.031| 37.033| 4.229|RC      | 0.9999| 1.408| 0.076|11.287| 0.022| 2.481| 0.010| 1.38e-03| 0.008| 3.419| 0.354|                |  0|KCat|Sloan|Simbad|294.28446|+42.25431
294.2934167|+42.2045278| 6786075|19371042+4212163|4708.0| 0.076| 0.006| 74.839| 7.083|RGB     | 1.0315| 1.242| 0.038| 7.519| 0.014| 2.780| 0.007| 4.12e-03| 0.007| 3.721| 0.237|                |  0|KCat|Sloan|Simbad|294.29342|+42.20453
294.3203750|+42.2577778| 6786177|19371689+4215280|4785.9| 0.133|-0.013| 96.427| 8.443|RGB     | 1.0270| 1.373| 0.036| 6.935| 0.013| 2.894| 0.007| 5.81e-03| 0.007| 3.586| 0.277|                |  0|KCat|Sloan|Simbad|294.32037|+42.25778
294.3812917|+42.2744444| 6786398|19373151+4216280|5095.8| 0.146|-0.017| 94.523| 7.471|RC      | 0.9953| 2.627| 0.050| 9.538| 0.010| 2.899| 0.007| 4.27e-03| 0.008| 2.751| 0.419|                |  0|KCat|Sloan|Simbad|294.38129|+42.27444
295.3936250|+42.2847778| 6790382|19413447+4217052|4715.9| 0.212| 0.015| 38.555| 4.284|RC      | 0.9936| 1.478| 0.075|11.420| 0.022| 2.492| 0.010| 1.40e-03| 0.008| 3.412| 0.414|                |  0|KCat|Sloan|Simbad|295.39362|+42.28478
295.5172917|+42.2864444| 6790938|19420415+4217112|5031.0| 0.101|-0.013| 54.511| 4.807|RC      | 1.0000| 2.830| 0.068|13.077| 0.018| 2.657| 0.009| 1.78e-03| 0.008| 2.656| 0.418|                |  0|KCat|Sloan|Simbad|295.51729|+42.28644
295.6022917|+42.2365556| 6791309|19422455+4214116|4737.7|-0.200| 0.157| 28.679| 3.718|RC      | 0.9961| 1.069| 0.080|11.248| 0.024| 2.365| 0.010| 1.06e-03| 0.008| 3.680| 0.234|                |  0|KCat|Sloan|Simbad|295.60229|+42.23656
295.6371250|+42.2072222| 6791445|19423291+4212260|4805.1|-0.080| 0.011| 45.759| 4.551|AMB     | 1.0165| 1.825| 0.117|11.593| 0.049| 2.571| 0.009| 1.65e-03| 0.010| 3.142| 0.444|                |  0|KCat|Sloan|Simbad|295.63712|+42.20722
295.9172917|+42.2626667| 6792689|19434015+4215456|4108.6|-0.590| 0.195|  2.735| 0.492|RGB     |       |      |      |      |      | 1.313| 0.007|         |      |      | 0.486|No Fdnu, SeisUnc|  0|KCat|Sloan|Simbad|295.91729|+42.26267
298.3753333|+42.2698889| 6804138|19533008+4216116|5033.1|-0.038|-0.005| 82.142| 7.217|RC      | 1.0023| 1.890| 0.055| 8.706| 0.012| 2.835| 0.008| 4.04e-03| 0.008| 3.030| 0.505|                |  0|KCat|Sloan|Simbad|298.37533|+42.26989
298.6912500|+42.2556111| 6805631|19544590+4215202|4732.3|-0.200| 0.029| 42.341| 4.611|RGB     | 1.0357| 1.242| 0.041| 9.982| 0.015| 2.534| 0.007| 1.76e-03| 0.007| 3.636| 0.503|                |  0|KCat|Sloan|Simbad|298.69125|+42.25561
281.1629583|+42.3907222| 6836321|18443911+4223266|4931.2|-0.307| 0.030| 35.738| 4.276|RC      | 0.9914| 1.280| 0.077|10.915| 0.023| 2.469| 0.010| 1.39e-03| 0.008| 3.459| 0.196|                |  0|KCat|Sloan|Simbad|281.16296|+42.39072
281.6795417|+42.3873333| 6837256|18464309+4223144|4731.4|-0.562| 0.215| 35.709| 3.991|RGB     | 1.0334| 1.340| 0.042|11.289| 0.015| 2.460| 0.007| 1.31e-03| 0.007| 3.436| 0.148|                |  0|KCat|Sloan|Simbad|281.67954|+42.38733
281.8574583|+42.3036944| 6837573|18472579+4218133|4950.3|-0.167| 0.048|134.592|11.458|RGB     | 1.0222| 1.180| 0.033| 5.396| 0.012| 3.046| 0.007| 1.06e-02| 0.007| 3.728| 0.197|                |  0|KCat|Sloan|Simbad|281.85746|+42.30369
282.2733750|+42.3423333| 6838375|18490561+4220324|4963.3|-0.221| 0.040|181.172|14.341|RGB     | 1.0177| 1.198| 0.030| 4.683| 0.010| 3.175| 0.007| 1.65e-02| 0.006| 3.668| 0.026|                |  0|KCat|Sloan|Simbad|282.27337|+42.34233
282.2934583|+42.3890000| 6838420|18491043+4223204|4336.9| 0.441| 0.022| 30.168| 3.477|RGB     | 1.0424| 1.189| 0.042|11.824| 0.016| 2.368| 0.007| 1.01e-03| 0.008| 3.876| 0.289|                |  0|KCat|Sloan|Simbad|282.29346|+42.38900
282.4436250|+42.3735278| 6838707|18494647+4222247|4743.2| 0.083|-0.028| 33.783| 4.071|RC      | 1.0011| 1.194| 0.077|10.952| 0.023| 2.436| 0.010| 1.28e-03| 0.008| 3.634| 0.158|                |  0|KCat|Sloan|Simbad|282.44362|+42.37353
283.6571250|+42.3544722| 6841322|18543771+4221161|4725.2|-0.238| 0.034| 30.920| 3.654|RGB     | 1.0372| 1.217| 0.042|11.568| 0.016| 2.397| 0.007| 1.11e-03| 0.008| 3.654| 0.243|                |  1|KCat|Sloan|Simbad|283.65712|+42.35447
283.7037917|+42.3467222| 6841449|18544891+4220482|4681.6|-0.129| 0.025| 44.451| 4.879|RGB     | 1.0373| 1.121| 0.041| 9.281| 0.015| 2.552| 0.007| 1.98e-03| 0.007| 3.811| 0.189|                |  1|KCat|Sloan|Simbad|283.70379|+42.34672
284.0662917|+42.3846944| 6842204|18561591+4223049|4747.6| 0.329| 0.016|178.566|14.081|RGB     | 1.0212| 1.139| 0.030| 4.651| 0.010| 3.159| 0.007| 1.60e-02| 0.006| 3.920| 0.190|                |  1|KCat|Sloan|Simbad|284.06629|+42.38469
284.3639167|+42.3824722| 6842824|18572734+4222569|4649.7|-0.014| 0.081| 30.973| 3.893|RC(S)   | 0.9906| 1.114| 0.079|11.101| 0.024| 2.394| 0.010| 1.15e-03| 0.008| 3.680| 0.130|                |  1|KCat|Sloan|Simbad|284.36392|+42.38247
284.4017083|+42.3898333| 6842918|18573641+4223234|4854.0|-0.032| 0.019| 38.507| 4.385|RC      | 0.9977| 1.378| 0.075|10.956| 0.022| 2.498| 0.010| 1.48e-03| 0.008| 3.442| 0.371|                |  1|KCat|Sloan|Simbad|284.40171|+42.38983
284.6788333|+42.3483611| 6843557|18584292+4220541|4588.8| 0.209|-0.013| 48.287| 4.833|RGB     | 1.0335| 1.470| 0.040|10.246| 0.015| 2.584| 0.007| 1.93e-03| 0.007| 3.511| 0.242|                |  1|KCat|Sloan|Simbad|284.67883|+42.34836
284.7527917|+42.3515556| 6843705|18590067+4221056|4733.2|-0.235| 0.038| 30.559| 3.498|RGB     | 1.0338| 1.422| 0.042|12.570| 0.016| 2.392| 0.007| 1.01e-03| 0.008| 3.430| 0.301|                |  1|KCat|Sloan|Simbad|284.75279|+42.35156
285.0225833|+42.3274444| 6844293|19000542+4219388|4845.9|-0.194| 0.113| 28.848| 3.922|RC      | 0.9929| 0.921| 0.080|10.350| 0.024| 2.372| 0.010| 1.17e-03| 0.008| 3.843| 0.347|                |  1|KCat|Sloan|Simbad|285.02258|+42.32744
285.0638750|+42.3425833| 6844373|19001533+4220333|4700.8| 0.069| 0.045| 55.218| 5.745|RGB     | 1.0362| 1.130| 0.040| 8.350| 0.015| 2.648| 0.007| 2.74e-03| 0.007| 3.871| 0.310|                |  1|KCat|Sloan|Simbad|285.06387|+42.34258
286.4472917|+42.3627222| 6847371|19054735+4221458|4530.4| 0.134| 0.024| 19.849| 2.716|RGB     | 1.0471| 0.953| 0.043|12.909| 0.016| 2.195| 0.007| 6.24e-04| 0.008| 4.156| 0.141|Ageold          |  1|KCat|Sloan|Simbad|286.44729|+42.36272
287.1780417|+42.3949722| 6849148|19084273+4223419|4549.2| 0.246| 0.008| 17.797| 2.115|RGB     | 1.0294| 2.014| 0.043|19.802| 0.016| 2.149| 0.007| 3.66e-04| 0.008| 3.055| 0.169|                |  0|KCat|Sloan|Simbad|287.17804|+42.39497
287.1857917|+42.3300556| 6849167|19084459+4219482|4865.7|-0.104| 0.044| 34.725| 4.213|RC      | 0.9986| 1.186| 0.077|10.697| 0.023| 2.454| 0.010| 1.37e-03| 0.008| 3.593| 0.154|                |  1|KCat|Sloan|Simbad|287.18579|+42.33006
287.4787500|+42.3302500| 6849932|19095490+4219489|4408.6|-0.321| 0.166| 14.692| 2.144|RGB     | 1.0465| 0.957| 0.043|15.144| 0.016| 2.059| 0.007| 3.89e-04| 0.008| 4.018| 0.050|                |  0|KCat|Sloan|Simbad|287.47875|+42.33025
287.5680833|+42.3650833| 6850177|19101634+4221543|4675.1| 0.078|-0.008| 44.922| 4.640|RGB     | 1.0340| 1.430| 0.041|10.430| 0.015| 2.557| 0.007| 1.78e-03| 0.007| 3.514| 0.168|                |  1|KCat|Sloan|Simbad|287.56808|+42.36508
287.6607083|+42.3131667| 6850417|19103857+4218474|4799.0|-0.001| 0.019| 36.000| 4.134|RC      | 0.9955| 1.414| 0.076|11.510| 0.022| 2.466| 0.010| 1.31e-03| 0.008| 3.414| 0.168|                |  1|KCat|Sloan|Simbad|287.66071|+42.31317
288.0592083|+42.3561944| 6851401|19121421+4221223|5195.5| 0.021|-0.039|104.323| 8.017|RC      | 0.9995| 2.697| 0.047| 9.155| 0.009| 2.946| 0.007| 4.96e-03| 0.008| 2.725| 0.270|                |  0|KCat|Sloan|Simbad|288.05921|+42.35619
288.0939167|+42.3971667| 6851499|19122254+4223498|4669.1|-0.163| 0.096| 51.951| 5.624|RGB     | 1.0385| 1.005| 0.040| 8.135| 0.015| 2.620| 0.007| 2.63e-03| 0.007| 3.985| 0.079|                |  1|KCat|Sloan|Simbad|288.09392|+42.39717
288.7120833|+42.3833889| 6853127|19145090+4223002|4847.1| 0.089| 0.014|201.011|15.442|RGB     | 1.0180| 1.173| 0.028| 4.426| 0.009| 3.215| 0.007| 1.91e-02| 0.006| 3.811| 0.097|                |  0|KCat|Sloan|Simbad|288.71208|+42.38339
288.7613750|+42.3804167| 6853266|19150273+4222495|4749.8| 0.013| 0.009| 29.507| 3.686|RC      | 0.9960| 1.210| 0.079|11.791| 0.024| 2.378| 0.010| 1.04e-03| 0.008| 3.599| 0.172|                |  1|KCat|Sloan|Simbad|288.76137|+42.38042
288.8355000|+42.3071111| 6853465|19152052+4218256|4847.0|-0.018| 0.004| 85.994| 7.485|RGB     | 1.0246| 1.622| 0.037| 7.956| 0.013| 2.847| 0.007| 4.54e-03| 0.007| 3.284| 0.151|                |  1|KCat|Sloan|Simbad|288.83550|+42.30711
288.9448333|+42.3437222| 6853779|19154676+4220374|4457.0| 0.026|-0.002| 11.414| 1.696|RGB     | 1.0432| 1.182| 0.044|19.037| 0.017| 1.951| 0.007| 2.42e-04| 0.008| 3.795| 0.238|                |  1|KCat|Sloan|Simbad|288.94483|+42.34372
289.0497500|+42.3433889| 6854095|19161194+4220362|4846.9|-0.235| 0.059| 30.888| 3.885|RC      | 1.0011| 1.136| 0.079|11.109| 0.024| 2.402| 0.010| 1.17e-03| 0.008| 3.615| 0.194|                |  1|KCat|Sloan|Simbad|289.04975|+42.34339
289.1462083|+42.3363611| 6854391|19163509+4220109|4947.2| 0.032| 0.014| 61.425| 5.669|RC      | 0.9979| 2.059| 0.065|10.552| 0.017| 2.705| 0.009| 2.47e-03| 0.008| 3.064| 0.133|                |  1|KCat|Sloan|Simbad|289.14621|+42.33636
290.8034583|+42.3326111| 6859803|19231283+4219574|4949.0|-0.201| 0.024|170.181|13.526|RGB     | 1.0183| 1.247| 0.030| 4.933| 0.010| 3.148| 0.007| 1.47e-02| 0.006| 3.616| 0.069|                |  0|KCat|Sloan|Simbad|290.80346|+42.33261
290.8731667|+42.3970000| 6860004|19232956+4223492|4896.6| 0.284|-0.026|230.375|15.839|RGB     | 1.0162| 1.632| 0.028| 4.863| 0.009| 3.277| 0.007| 2.00e-02| 0.006| 3.344| 0.115|                |  0|KCat|Sloan|Simbad|290.87317|+42.39700
290.9021250|+42.3832778| 6860096|19233651+4222598|4644.7| 0.254| 0.004| 34.977| 4.024|RC      | 1.0029| 1.335| 0.077|11.438| 0.023| 2.447| 0.010| 1.26e-03| 0.008| 3.545| 0.239|                |  0|KCat|Sloan|Simbad|290.90212|+42.38328
291.0667917|+42.3768611| 6860649|19241603+4222367|4722.5| 0.209| 0.012|111.242| 9.803|RGB     | 1.0281| 1.132| 0.035| 5.883| 0.012| 2.953| 0.007| 7.84e-03| 0.007| 3.904| 0.241|                |  0|KCat|Sloan|Simbad|291.06679|+42.37686
291.3148750|+42.3906111| 6861403|19251557+4223262|4809.8| 0.003|-0.009| 61.317| 5.745|RGB     | 1.0278| 1.653| 0.039| 9.532| 0.014| 2.698| 0.007| 2.69e-03| 0.007| 3.260| 0.309|                |  0|KCat|Sloan|Simbad|291.31487|+42.39061
291.8082083|+42.3378611| 6863017|19271397+4220163|4846.7|-0.189| 0.047| 33.906| 4.170|RC      | 0.9958| 1.157| 0.077|10.702| 0.023| 2.442| 0.010| 1.33e-03| 0.008| 3.607| 0.115|                |  0|KCat|Sloan|Simbad|291.80821|+42.33786
291.8584167|+42.3650556| 6863185|19272602+4221542|4737.1| 0.125| 0.001| 58.054| 5.650|RGB     | 1.0322| 1.442| 0.040| 9.183| 0.015| 2.671| 0.007| 2.63e-03| 0.007| 3.514| 0.241|                |  0|KCat|Sloan|Simbad|291.85842|+42.36506
292.0760000|+42.3287500| 6863899|19281824+4219435|4751.4|-0.088| 0.040|100.841| 9.247|RGB     | 1.0285| 1.073| 0.036| 6.006| 0.013| 2.911| 0.007| 6.98e-03| 0.007| 3.911| 0.102|                |  0|KCat|Sloan|Simbad|292.07600|+42.32875
292.3910417|+42.3378611| 6864995|19293385+4220163|4847.4|-0.021| 0.002| 40.203| 4.506|RC      | 1.0002| 1.389| 0.074|10.769| 0.022| 2.516| 0.010| 1.57e-03| 0.008| 3.428| 0.094|                |  0|KCat|Sloan|Simbad|292.39104|+42.33786
292.5371667|+42.3981389| 6865501|19300892+4223533|4705.5|-0.019| 0.016| 44.618| 4.776|RGB     | 1.0356| 1.253| 0.041| 9.780| 0.015| 2.555| 0.007| 1.89e-03| 0.007| 3.675| 0.242|                |  0|KCat|Sloan|Simbad|292.53717|+42.39814
292.7173333|+42.3040556| 6866149|19305216+4218146|4843.0| 0.030|-0.013| 45.530| 4.691|RC      | 0.9949| 1.753| 0.072|11.370| 0.020| 2.570| 0.009| 1.68e-03| 0.008| 3.204| 0.323|                |  0|KCat|Sloan|Simbad|292.71733|+42.30406
292.8487917|+42.3460000| 6866587|19312371+4220456|4752.7| 0.178|-0.013| 42.120| 4.546|RC      | 0.9992| 1.504| 0.074|11.002| 0.021| 2.532| 0.010| 1.59e-03| 0.008| 3.377| 0.208|                |  0|KCat|Sloan|Simbad|292.84879|+42.34600
293.5684583|+42.3225000| 6869093|19341643+4219210|4835.9|-0.114| 0.044| 31.747| 4.113|RC      | 0.9998| 0.984| 0.078|10.207| 0.023| 2.413| 0.010| 1.31e-03| 0.008| 3.785| 0.366|                |  0|KCat|Sloan|Simbad|293.56846|+42.32250
294.0537083|+42.3948333| 6870779|19361289+4223414|4619.8| 0.006| 0.032| 52.139| 5.526|RGB     | 1.0374| 1.077| 0.040| 8.428| 0.015| 2.619| 0.007| 2.54e-03| 0.007| 3.935| 0.268|                |  0|KCat|Sloan|Simbad|294.05371|+42.39483
294.1438750|+42.3362500| 6871105|19363453+4220105|4587.6|-0.204| 0.200| 49.016| 5.353|RGB     | 1.0384| 1.002| 0.040| 8.397| 0.015| 2.591| 0.007| 2.39e-03| 0.007| 3.987| 0.156|                |  0|KCat|Sloan|Simbad|294.14387|+42.33625
294.2508333|+42.3775556| 6871472|19370020+4222392|4493.4| 0.297|-0.038| 24.393| 3.228|RC      | 1.0047| 1.033| 0.082|12.149| 0.025| 2.283| 0.010| 8.12e-04| 0.008| 3.831| 0.238|                |  0|KCat|Sloan|Simbad|294.25083|+42.37756
294.2710833|+42.3573611| 6871557|19370506+4221265|4623.6|-0.155| 0.199| 57.409| 6.034|RGB     | 1.0373| 1.013| 0.040| 7.787| 0.015| 2.661| 0.007| 3.02e-03| 0.007| 3.968| 0.240|                |  0|KCat|Sloan|Simbad|294.27108|+42.35736
295.2672083|+42.3375278| 6875474|19410413+4220151|4824.0|-0.363| 0.180| 92.118| 8.827|RGB     | 1.0289| 1.007| 0.037| 6.063| 0.013| 2.875| 0.007| 6.37e-03| 0.007| 3.906| 0.453|                |  0|KCat|Sloan|Simbad|295.26721|+42.33753
295.2927917|+42.3485556| 6875569|19411027+4220548|5090.9| 0.054|-0.034|104.784| 8.393|RC      | 0.9940| 2.255| 0.047| 8.396| 0.009| 2.943| 0.007| 5.37e-03| 0.008| 2.961| 0.421|                |  0|KCat|Sloan|Simbad|295.29279|+42.34856
295.4178750|+42.3434722| 6876162|19414029+4220365|4767.3| 0.158| 0.028| 81.593| 7.112|RGB     | 1.0262| 1.648| 0.038| 8.268| 0.014| 2.820| 0.007| 4.11e-03| 0.007| 3.316| 0.271|                |  0|KCat|Sloan|Simbad|295.41787|+42.34347
295.6715000|+42.3829722| 6877259|19424116+4222587|4628.3| 0.074| 0.096| 27.797| 3.705|RC      | 0.9945| 0.959| 0.080|10.887| 0.024| 2.346| 0.010| 1.05e-03| 0.008| 3.855| 0.504|                |  0|KCat|Sloan|Simbad|295.67150|+42.38297
295.6784167|+42.3471944| 6877290|19424282+4220499|5036.2| 0.124| 0.008| 86.778| 7.347|RC      | 0.9976| 2.116| 0.053| 8.961| 0.012| 2.859| 0.008| 4.15e-03| 0.008| 3.017| 0.473|                |  0|KCat|Sloan|Simbad|295.67842|+42.34719
295.8368750|+42.3198056| 6878002|19432085+4219113|4829.6|-0.094| 0.001| 26.262| 3.293|RC(S)   | 1.0078| 1.311| 0.081|12.955| 0.025| 2.331| 0.010| 8.50e-04| 0.008| 3.479| 0.587|                |  0|KCat|Sloan|Simbad|295.83687|+42.31981
295.8474583|+42.3733333| 6878041|19432339+4222240|4968.5| 0.136|-0.015| 72.791| 6.453|RC      | 1.0015| 2.025| 0.059| 9.603| 0.014| 2.780| 0.008| 3.23e-03| 0.008| 3.071| 0.219|                |  0|KCat|Sloan|Simbad|295.84746|+42.37333
295.9315000|+42.3546667| 6878398|19434356+4221168|4912.3|-0.129| 0.006| 36.970| 4.330|RC      | 0.9930| 1.331| 0.076|10.956| 0.022| 2.483| 0.010| 1.43e-03| 0.008| 3.459| 0.523|                |  0|KCat|Sloan|Simbad|295.93150|+42.35467
295.9323750|+42.3897778| 6878403|19434377+4223232|4784.0| 0.023| 0.029| 25.804| 3.438|RC      | 1.0047| 1.045| 0.081|11.695| 0.025| 2.321| 0.010| 9.21e-04| 0.008| 3.773| 0.511|                |  0|KCat|Sloan|Simbad|295.93237|+42.38978
296.0245000|+42.3595278| 6878800|19440588+4221343|4387.9|-0.185| 0.208| 20.559| 2.752|RGB     | 1.0461| 0.962| 0.043|12.848| 0.016| 2.204| 0.007| 6.40e-04| 0.008| 4.044| 0.271|                |  0|KCat|Sloan|Simbad|296.02450|+42.35953
296.2415000|+42.3011667| 6879830|19445796+4218042|4845.7| 0.070| 0.002|189.403|14.872|RGB     | 1.0186| 1.138| 0.029| 4.491| 0.010| 3.189| 0.007| 1.77e-02| 0.006| 3.850| 0.437|                |  0|KCat|Sloan|Simbad|296.24150|+42.30117
297.9532083|+42.3050278| 6887430|19514877+4218181|4760.7|-0.044|-0.002| 77.140| 7.233|RGB     | 1.0299| 1.280| 0.038| 7.498| 0.014| 2.796| 0.007| 4.28e-03| 0.007| 3.642| 0.310|                |  0|KCat|Sloan|Simbad|297.95321|+42.30503
298.1978750|+42.3630278| 6888638|19524749+4221469|4253.8| 0.041|-0.002|  6.911| 1.050|RGB     | 1.0307| 1.748| 0.044|30.101| 0.017| 1.723| 0.007| 9.04e-05| 0.008| 3.214| 0.587|SeisUnc         |  0|KCat|Sloan|Simbad|298.19787|+42.36303
298.2249583|+42.3710833| 6888756|19525399+4222159|4178.8| 0.471| 0.013| 14.384| 1.927|RGB     | 1.0438| 1.285| 0.043|17.967| 0.016| 2.038| 0.007| 3.12e-04| 0.008| 3.760| 0.503|                |  0|KCat|Sloan|Simbad|298.22496|+42.37108
298.5476667|+42.3524722| 6890257|19541144+4221089|4646.7| 0.079| 0.013| 51.800| 5.357|RGB     | 1.0357| 1.215| 0.040| 8.966| 0.015| 2.617| 0.007| 2.38e-03| 0.007| 3.759| 0.585|                |  0|KCat|Sloan|Simbad|298.54767|+42.35247
298.5832500|+42.3681389| 6890433|19541998+4222053|4753.8| 0.356| 0.024| 51.675| 4.946|RC      | 1.0108| 1.892| 0.069|11.140| 0.019| 2.621| 0.009| 1.93e-03| 0.008| 3.189| 0.546|                |  0|KCat|Sloan|Simbad|298.58325|+42.36814
281.6598333|+42.4297500| 6922899|18463836+4225471|3967.2| 0.272| 0.021|  4.087| 0.784|RGB     | 1.0446| 0.990| 0.044|29.973| 0.017| 1.480| 0.007| 5.18e-05| 0.008| 4.122| 0.346|                |  0|KCat|Sloan|Simbad|281.65983|+42.42975
282.0847500|+42.4337778| 6923677|18482034+4226016|4967.6| 0.024|-0.037| 60.200| 5.560|RC      | 1.0052| 2.048| 0.065|10.619| 0.017| 2.697| 0.009| 2.41e-03| 0.008| 3.067| 0.076|                |  0|KCat|Sloan|Simbad|282.08475|+42.43378
282.2801667|+42.4853611| 6924105|18490724+4229073|5122.6|-1.240| 0.255|103.160| 9.999|RGB     | 1.0214| 0.967| 0.036| 5.533| 0.013| 2.938| 0.007| 8.05e-03| 0.007| 3.811| 0.224|                |  0|KCat|Sloan|Simbad|282.28017|+42.48536
282.7407917|+42.4011944| 6925109|18505779+4224043|4868.1|-0.424| 0.191|187.151|15.423|RGB     | 1.0178| 0.959| 0.029| 4.142| 0.010| 3.185| 0.007| 1.90e-02| 0.006| 3.980| 0.208|                |  0|KCat|Sloan|Simbad|282.74079|+42.40119
282.7634583|+42.4259722| 6925158|18510323+4225335|4786.0| 0.164|-0.002| 91.764| 7.967|RGB     | 1.0266| 1.495| 0.037| 7.417| 0.013| 2.872| 0.007| 5.16e-03| 0.007| 3.467| 0.266|                |  0|KCat|Sloan|Simbad|282.76346|+42.42597
284.4943750|+42.4587778| 6928997|18575865+4227316|4783.0| 0.250|-0.003|121.141|10.019|RGB     | 1.0245| 1.385| 0.034| 6.216| 0.012| 2.993| 0.007| 8.14e-03| 0.007| 3.605| 0.168|                |  1|KCat|Sloan|Simbad|284.49437|+42.45878
284.6511250|+42.4652778| 6929280|18583627+4227550|4658.8| 0.191|-0.006| 33.514| 4.032|RC      | 1.0032| 1.170| 0.078|10.931| 0.023| 2.429| 0.010| 1.26e-03| 0.008| 3.679| 0.217|                |  1|KCat|Sloan|Simbad|284.65112|+42.46528
284.8740000|+42.4557222| 6929729|18592976+4227206|4732.1| 0.171|-0.004| 64.701| 6.074|RGB     | 1.0305| 1.501| 0.039| 8.879| 0.014| 2.718| 0.007| 3.02e-03| 0.007| 3.464| 0.229|                |  1|KCat|Sloan|Simbad|284.87400|+42.45572
286.6481667|+42.4695000| 6933666|19063556+4228102|4668.0|-0.218| 0.032| 33.025| 3.832|RGB     | 1.0371| 1.204| 0.042|11.168| 0.016| 2.423| 0.007| 1.22e-03| 0.008| 3.669| 0.095|                |  1|KCat|Sloan|Simbad|286.64817|+42.46950
286.8285833|+42.4280000| 6934127|19071886+4225408|4774.7| 0.100| 0.025| 36.720| 4.289|RC      | 1.0006| 1.260| 0.076|10.770| 0.022| 2.474| 0.010| 1.42e-03| 0.008| 3.573| 0.163|                |  0|KCat|Sloan|Simbad|286.82858|+42.42800
286.9935000|+42.4376667| 6934572|19075844+4226156|4706.8|-0.617| 0.207|       |      |REJECT  |       |      |      |      |      |      |      |         |      |      |      |No Seis         |  0|KCat|Sloan|Simbad|286.99350|+42.43767
287.0752917|+42.4898889| 6934780|19081807+4229236|4861.3|-0.297| 0.063| 26.683| 3.748|RC      | 0.9933| 0.877| 0.081|10.494| 0.025| 2.339| 0.010| 1.07e-03| 0.008| 3.867| 0.104|                |  1|KCat|Sloan|Simbad|287.07529|+42.48989
287.2674167|+42.4468611| 6935260|19090418+4226487|4709.4|-0.056| 0.005| 42.637| 4.605|RGB     | 1.0359| 1.265| 0.041|10.052| 0.015| 2.536| 0.007| 1.76e-03| 0.007| 3.664| 0.120|                |  1|KCat|Sloan|Simbad|287.26742|+42.44686
287.4968750|+42.4300833| 6935850|19095925+4225483|4378.3|-0.309| 0.174|  6.414| 1.275|RGB     | 0.9893| 0.789| 0.044|20.848| 0.017| 1.697| 0.007| 1.23e-04| 0.008| 4.247| 0.159|Ageold          |  0|KCat|Sloan|Simbad|287.49687|+42.43008
287.5839167|+42.4068611| 6936091|19102014+4224247|4697.7|-0.192| 0.169| 92.031| 8.708|RGB     | 1.0307| 1.011| 0.037| 6.120| 0.013| 2.869| 0.007| 6.22e-03| 0.007| 3.970| 0.076|                |  0|KCat|Sloan|Simbad|287.58392|+42.40686
287.8767083|+42.4776389| 6936796|19113041+4228395|4562.0| 0.276| 0.019| 22.430| 3.247|RC      | 1.0001| 0.817| 0.083|11.228| 0.026| 2.250| 0.010| 8.14e-04| 0.008| 4.033| 0.205|                |  1|KCat|Sloan|Simbad|287.87671|+42.47764
287.9568750|+42.4569444| 6936990|19114965+4227250|4606.7| 0.311| 0.051| 38.300| 4.207|RC      | 1.0001| 1.466| 0.075|11.479| 0.022| 2.484| 0.010| 1.37e-03| 0.008| 3.440| 0.213|                |  1|KCat|Sloan|Simbad|287.95687|+42.45694
287.9697500|+42.4057222| 6937017|19115274+4224206|4937.3|-0.115| 0.049| 95.160| 8.029|RGB     | 1.0211| 1.730| 0.036| 7.776| 0.013| 2.895| 0.007| 5.19e-03| 0.007| 3.162| 0.166|                |  0|KCat|Sloan|Simbad|287.96975|+42.40572
288.0607083|+42.4345556| 6937257|19121457+4226044|4668.5|-0.025| 0.027| 60.405| 6.198|RGB     | 1.0363| 1.080| 0.039| 7.819| 0.014| 2.685| 0.007| 3.19e-03| 0.007| 3.901| 0.075|                |  0|KCat|Sloan|Simbad|288.06071|+42.43456
288.6822500|+42.4102500| 6938892|19144374+4224369|4665.3| 0.204|-0.005| 31.142| 3.702|RC      | 1.0192| 1.242| 0.079|11.681| 0.024| 2.397| 0.010| 1.10e-03| 0.008| 3.619| 0.244|                |  1|KCat|Sloan|Simbad|288.68225|+42.41025
288.7813750|+42.4182222| 6939158|19150753+4225056|4519.9| 0.127| 0.006| 29.470| 3.390|RGB     | 1.0380| 1.326| 0.042|12.507| 0.016| 2.366| 0.007| 9.56e-04| 0.008| 3.644| 0.189|                |  1|KCat|Sloan|Simbad|288.78137|+42.41822
288.8983333|+42.4116944| 6939484|19153560+4224421|4416.8|-0.231| 0.085| 11.648| 1.753|RGB     | 1.0439| 1.081| 0.044|18.064| 0.017| 1.958| 0.007| 2.59e-04| 0.008| 3.831| 0.158|                |  0|KCat|Sloan|Simbad|288.89833|+42.41169
289.0915000|+42.4329722| 6940048|19162196+4225587|4854.5|-0.192| 0.062| 31.253| 4.016|RC      | 0.9948| 1.059| 0.079|10.662| 0.024| 2.407| 0.010| 1.23e-03| 0.008| 3.696| 0.134|                |  1|KCat|Sloan|Simbad|289.09150|+42.43297
289.1153333|+42.4731667| 6940126|19162768+4228234|4829.8| 0.226|-0.024|       |      |REJECT  |       |      |      |      |      |      |      |         |      |      |      |No Seis         |  0|KCat|Sloan|Simbad|289.11533|+42.47317
289.1955833|+42.4521944| 6940380|19164694+4227079|4560.0| 0.351| 0.027| 67.953| 6.608|RGB     | 1.0358| 1.151| 0.039| 7.655| 0.014| 2.731| 0.007| 3.62e-03| 0.007| 3.918| 0.190|                |  0|KCat|Sloan|Simbad|289.19558|+42.45219
290.8640833|+42.4969167| 6945727|19232738+4229489|4928.5|-0.162| 0.040| 42.853| 4.620|RC      | 0.9948| 1.595| 0.073|11.131| 0.021| 2.548| 0.009| 1.63e-03| 0.008| 3.247| 0.231|                |  0|KCat|Sloan|Simbad|290.86408|+42.49692
290.9352917|+42.4029444| 6945941|19234447+4224106|4980.5|-0.172| 0.014|125.982|10.242|RGB     | 1.0200| 1.543| 0.034| 6.368| 0.012| 3.018| 0.007| 8.43e-03| 0.007| 3.326| 0.195|SeisUnc         |  0|KCat|Sloan|Simbad|290.93529|+42.40294
291.0282500|+42.4057500| 6946219|19240678+4224207|4860.2|-0.087| 0.009|124.842|10.730|RGB     | 1.0238| 1.184| 0.034| 5.638| 0.012| 3.009| 0.007| 9.32e-03| 0.007| 3.751| 0.174|                |  0|KCat|Sloan|Simbad|291.02825|+42.40575
291.1378750|+42.4448056| 6946519|19243309+4226413|4807.5| 0.032|-0.021| 97.483| 8.540|RGB     | 1.0263| 1.368| 0.036| 6.878| 0.013| 2.899| 0.007| 5.93e-03| 0.007| 3.571| 0.240|                |  0|KCat|Sloan|Simbad|291.13787|+42.44481
291.5176250|+42.4173611| 6947706|19260423+4225025|4917.9|-0.282| 0.052| 94.865| 8.675|RGB     | 1.0259| 1.227| 0.036| 6.565| 0.013| 2.892| 0.007| 6.12e-03| 0.007| 3.639| 0.241|                |  0|KCat|Sloan|Simbad|291.51762|+42.41736
291.6221667|+42.4102500| 6948001|19262932+4224369|4676.3|-0.097| 0.029| 47.566| 5.125|RGB     | 1.0368| 1.129| 0.041| 9.006| 0.015| 2.582| 0.007| 2.18e-03| 0.007| 3.822| 0.131|                |  0|KCat|Sloan|Simbad|291.62217|+42.41025
292.2018333|+42.4310833| 6949816|19284844+4225519|4730.4|-0.317| 0.168| 80.953| 7.938|RGB     | 1.0315| 1.004| 0.038| 6.491| 0.014| 2.815| 0.007| 5.18e-03| 0.007| 3.948| 0.000|                |  0|KCat|Sloan|Simbad|292.20183|+42.43108
292.4987917|+42.4423333| 6950753|19295971+4226324|4736.6| 0.001| 0.074| 87.981| 8.137|RGB     | 1.0299| 1.177| 0.037| 6.738| 0.013| 2.852| 0.007| 5.42e-03| 0.007| 3.797| 0.188|                |  0|KCat|Sloan|Simbad|292.49879|+42.44233
292.5660000|+42.4234167| 6950976|19301584+4225243|4800.6|-0.218| 0.024| 54.776| 5.705|RGB     | 1.0342| 1.179| 0.040| 8.520| 0.015| 2.649| 0.007| 2.69e-03| 0.007| 3.700| 0.241|                |  0|KCat|Sloan|Simbad|292.56600|+42.42342
292.7855833|+42.4658611| 6951680|19310854+4227571|4587.8| 0.088| 0.098| 58.605| 5.998|RGB     | 1.0365| 1.095| 0.040| 8.027| 0.015| 2.668| 0.007| 2.98e-03| 0.007| 3.930| 0.150|                |  0|KCat|Sloan|Simbad|292.78558|+42.46586
292.8682083|+42.4340000| 6951925|19312837+4226024|4762.9| 0.231|-0.009| 43.409| 4.645|RC      | 1.0000| 1.510| 0.073|10.854| 0.021| 2.546| 0.009| 1.67e-03| 0.008| 3.379| 0.214|                |  0|KCat|Sloan|Simbad|292.86821|+42.43400
292.9331667|+42.4834167| 6952140|19314396+4229003|4267.0|-0.031|-0.001|  8.793| 1.352|RGB     | 1.0403| 1.267| 0.044|22.704| 0.017| 1.829| 0.007| 1.53e-04| 0.008| 3.660| 0.240|                |  0|KCat|Sloan|Simbad|292.93317|+42.48342
292.9937083|+42.4312222| 6952355|19315849+4225524|4882.1|-0.009| 0.011|113.817| 9.684|RGB     | 1.0237| 1.362| 0.035| 6.325| 0.012| 2.970| 0.007| 7.59e-03| 0.007| 3.548| 0.230|                |  0|KCat|Sloan|Simbad|292.99371|+42.43122
293.0198750|+42.4795278| 6952430|19320477+4228463|4774.8| 0.036|-0.004| 37.080| 4.274|RC      | 1.0024| 1.306| 0.076|10.912| 0.022| 2.478| 0.010| 1.42e-03| 0.008| 3.527| 0.232|                |  0|KCat|Sloan|Simbad|293.01987|+42.47953
293.1768333|+42.4379167| 6952984|19324244+4226165|4801.3|-0.048| 0.013| 66.726| 6.489|RGB     | 1.0317| 1.286| 0.039| 8.063| 0.014| 2.734| 0.007| 3.46e-03| 0.007| 3.636| 0.243|                |  0|KCat|Sloan|Simbad|293.17683|+42.43792
293.2657500|+42.4201389| 6953271|19330378+4225125|4866.5|-0.096| 0.010| 78.852| 7.229|RGB     | 1.0273| 1.431| 0.038| 7.796| 0.014| 2.810| 0.007| 4.26e-03| 0.007| 3.449| 0.236|                |  0|KCat|Sloan|Simbad|293.26575|+42.42014
293.8266250|+42.4561944| 6955215|19351839+4227223|4763.8|-0.031| 0.000| 45.089| 4.766|RGB     | 1.0343| 1.335| 0.041|10.011| 0.015| 2.562| 0.007| 1.88e-03| 0.007| 3.585| 0.317|                |  0|KCat|Sloan|Simbad|293.82662|+42.45619
293.8456250|+42.4760000| 6955286|19352295+4228336|4698.5| 0.145|-0.017| 33.421| 4.107|RC      | 1.0040| 1.088| 0.078|10.532| 0.023| 2.429| 0.010| 1.31e-03| 0.008| 3.743| 0.191|                |  0|KCat|Sloan|Simbad|293.84562|+42.47600
294.1639167|+42.4976389| 6956481|19363934+4229515|4950.3|-0.026| 0.031| 42.727| 4.216|RC      | 1.0062| 2.193| 0.073|13.057| 0.021| 2.547| 0.009| 1.39e-03| 0.008| 2.996| 0.352|                |  0|KCat|Sloan|Simbad|294.16392|+42.49764
294.1933750|+42.4350278| 6956582|19364641+4226061|4713.7| 0.353| 0.000| 42.445| 4.435|RC      | 0.9933| 1.718| 0.073|11.737| 0.021| 2.534| 0.010| 1.50e-03| 0.008| 3.279| 0.416|                |  0|KCat|Sloan|Simbad|294.19337|+42.43503
294.2310833|+42.4489722| 6956701|19365546+4226563|3949.5| 0.379| 0.007|  3.771| 0.779|RGB     | 1.0162| 0.884| 0.044|29.526| 0.017| 1.444| 0.007| 4.84e-05| 0.008| 4.250| 0.519|Ageold          |  0|KCat|Sloan|Simbad|294.23108|+42.44897
294.3436667|+42.4076667| 6957157|19372248+4224276|4835.3| 0.095| 0.107| 35.507| 3.915|RC      | 1.0059| 1.635| 0.077|12.441| 0.023| 2.462| 0.010| 1.20e-03| 0.008| 3.276| 0.271|                |  0|KCat|Sloan|Simbad|294.34367|+42.40767
295.2313750|+42.4340278| 6960601|19405553+4226025|5021.8| 0.133|-0.026| 96.087| 7.865|RC      | 0.9980| 2.175| 0.049| 8.639| 0.010| 2.902| 0.007| 4.76e-03| 0.008| 2.998| 0.266|                |  0|KCat|Sloan|Simbad|295.23137|+42.43403
295.3229167|+42.4984167| 6960978|19411750+4229543|4971.8| 0.043|-0.043| 74.197| 6.673|RC      | 0.9961| 1.918| 0.059| 9.256| 0.014| 2.788| 0.008| 3.41e-03| 0.008| 3.080| 0.174|                |  0|KCat|Sloan|Simbad|295.32292|+42.49842
295.3399167|+42.4640833| 6961060|19412158+4227507|4731.6| 0.160|-0.005| 35.496| 4.106|RC      | 1.0009| 1.334| 0.077|11.297| 0.023| 2.457| 0.010| 1.30e-03| 0.008| 3.528| 0.129|                |  0|KCat|Sloan|Simbad|295.33992|+42.46408
295.3415833|+42.4098333| 6961071|19412198+4224354|4832.2| 0.102|-0.006|113.202| 9.573|RGB     | 1.0244| 1.377| 0.035| 6.395| 0.012| 2.965| 0.007| 7.42e-03| 0.007| 3.573| 0.243|                |  0|KCat|Sloan|Simbad|295.34158|+42.40983
295.4715000|+42.4097222| 6961680|19415316+4224350|4807.3| 0.242|-0.036| 46.939| 4.757|RC      | 1.0003| 1.758| 0.071|11.234| 0.020| 2.582| 0.009| 1.75e-03| 0.008| 3.238| 0.474|                |  0|KCat|Sloan|Simbad|295.47150|+42.40972
295.6060417|+42.4085278| 6962291|19422545+4224307|4734.1| 0.341| 0.036|133.880|10.882|RGB     | 1.0243| 1.324| 0.033| 5.795| 0.012| 3.034| 0.007| 9.59e-03| 0.007| 3.696| 0.420|                |  0|KCat|Sloan|Simbad|295.60604|+42.40853
295.8947083|+42.4015833| 6963528|19433473+4224057|4574.3|-0.074| 0.033| 23.533| 2.867|RGB     | 1.0378| 1.344| 0.043|14.049| 0.016| 2.271| 0.007| 6.84e-04| 0.008| 3.575| 0.481|                |  0|KCat|Sloan|Simbad|295.89471|+42.40158
295.9763750|+42.4632778| 6963897|19435433+4227478|4847.2|-0.222| 0.046| 31.716| 4.050|RC      | 0.9959| 1.063| 0.078|10.607| 0.023| 2.413| 0.010| 1.26e-03| 0.008| 3.684| 0.173|                |  0|KCat|Sloan|Simbad|295.97637|+42.46328
296.0892500|+42.4375278| 6964342|19442142+4226151|4599.7| 0.157| 0.009| 40.620| 4.389|RGB     | 1.0366| 1.276| 0.041|10.405| 0.015| 2.509| 0.007| 1.60e-03| 0.007| 3.711| 0.220|                |  0|KCat|Sloan|Simbad|296.08925|+42.43753
296.3321667|+42.4557500| 6965362|19451972+4227207|4889.9| 0.003| 0.027| 96.403| 8.285|RGB     | 1.0244| 1.544| 0.036| 7.316| 0.013| 2.898| 0.007| 5.56e-03| 0.007| 3.364| 0.542|                |  0|KCat|Sloan|Simbad|296.33217|+42.45575
296.8376667|+42.4607500| 6967600|19472104+4227387|4745.0| 0.163|-0.024| 39.880| 4.321|RC      | 0.9997| 1.556| 0.075|11.505| 0.022| 2.508| 0.010| 1.44e-03| 0.008| 3.342| 0.269|                |  0|KCat|Sloan|Simbad|296.83767|+42.46075
298.3169167|+42.4318611| 6974745|19531606+4225547|4622.1| 0.048|-0.002| 52.579| 5.570|RGB     | 1.0376| 1.071| 0.040| 8.365| 0.015| 2.623| 0.007| 2.58e-03| 0.007| 3.950| 0.519|                |  0|KCat|Sloan|Simbad|298.31692|+42.43186
298.3767083|+42.4290556| 6975038|19533041+4225446|4704.0| 0.274|-0.006|125.218|10.565|RGB     | 1.0259| 1.200| 0.034| 5.714| 0.012| 3.003| 0.007| 9.07e-03| 0.007| 3.828| 0.449|                |  0|KCat|Sloan|Simbad|298.37671|+42.42906
280.9122500|+42.5915278| 7006979|18433894+4235295|4874.0|-0.186| 0.016| 34.454| 4.122|RC      | 0.9947| 1.287| 0.077|11.182| 0.023| 2.451| 0.010| 1.30e-03| 0.008| 3.481| 0.138|                |  0|KCat|Sloan|Simbad|280.91225|+42.59153
281.0278333|+42.5884722| 7007173|18440668+4235185|4847.4| 0.028| 0.020| 43.320| 4.620|AMB     | 1.0166| 1.479| 0.129|10.696| 0.072| 2.549| 0.009| 1.70e-03| 0.010| 3.437| 0.236|                |  0|KCat|Sloan|Simbad|281.02783|+42.58847
281.6002500|+42.5351389| 7008219|18462406+4232065|4705.0| 0.083| 0.031| 33.424| 4.144|RC      | 1.0015| 1.062| 0.078|10.405| 0.023| 2.430| 0.010| 1.33e-03| 0.008| 3.752| 0.234|                |  0|KCat|Sloan|Simbad|281.60025|+42.53514
282.1516250|+42.5602778| 7009245|18483639+4233370|4892.3|-0.209| 0.044|106.590| 9.495|RGB     | 1.0250| 1.208| 0.036| 6.153| 0.013| 2.942| 0.007| 7.31e-03| 0.007| 3.663| 0.196|                |  0|KCat|Sloan|Simbad|282.15162|+42.56028
284.3604583|+42.5013056| 7014001|18572651+4230047|4822.1| 0.043| 0.005| 40.293| 4.504|RC(S)   | 1.0014| 1.384| 0.074|10.751| 0.021| 2.516| 0.010| 1.57e-03| 0.008| 3.454| 0.237|                |  1|KCat|Sloan|Simbad|284.36046|+42.50131
284.7724583|+42.5817222| 7014894|18590539+4234542|4910.5| 0.137|-0.040| 73.937| 6.477|RC      | 1.0011| 2.056| 0.059| 9.631| 0.014| 2.784| 0.008| 3.25e-03| 0.008| 3.067| 0.030|                |  1|KCat|Sloan|Simbad|284.77246|+42.58172
284.8025000|+42.5766389| 7014958|18591260+4234359|4666.8| 0.279| 0.013| 67.322| 6.331|RGB     | 1.0321| 1.395| 0.039| 8.418| 0.014| 2.732| 0.007| 3.30e-03| 0.007| 3.604| 0.239|                |  1|KCat|Sloan|Simbad|284.80250|+42.57664
285.8287083|+42.5049722| 7017044|19031889+4230179|4746.5| 0.016| 0.022| 31.692| 4.016|RC      | 1.0026| 1.036| 0.078|10.529| 0.024| 2.409| 0.010| 1.25e-03| 0.008| 3.772| 0.116|                |  1|KCat|Sloan|Simbad|285.82871|+42.50497
286.3430417|+42.5725556| 7018192|19052233+4234212|4709.7| 0.057| 0.045| 28.723| 3.687|RC      | 1.0072| 1.053| 0.080|11.174| 0.024| 2.364| 0.010| 1.06e-03| 0.008| 3.762| 0.166|                |  0|KCat|Sloan|Simbad|286.34304|+42.57256
286.3702083|+42.5772778| 7018252|19052885+4234382|4823.9|-0.188| 0.051| 27.627| 3.552|RC      | 1.0168| 1.086| 0.080|11.500| 0.024| 2.352| 0.010| 1.01e-03| 0.008| 3.675| 0.120|                |  1|KCat|Sloan|Simbad|286.37021|+42.57728
286.4910417|+42.5142222| 7018515|19055785+4230512|4617.7| 0.242| 0.064|102.243| 9.204|RGB     | 1.0305| 1.083| 0.036| 6.037| 0.013| 2.911| 0.007| 6.95e-03| 0.007| 3.985| 0.052|                |  0|KCat|Sloan|Simbad|286.49104|+42.51422
286.7961250|+42.5232500| 7019157|19071107+4231237|4819.6|-1.206| 0.291| 27.696| 3.492|RGB(S)  | 1.0354| 1.088| 0.042|11.498| 0.016| 2.353| 0.007| 1.01e-03| 0.008| 3.641| 0.000|                |  1|KCat|Sloan|Simbad|286.79612|+42.52325
286.8189167|+42.5303333| 7019217|19071654+4231492|4658.8|-0.463| 0.198| 43.354| 4.959|RGB     | 1.0396| 0.959| 0.041| 8.701| 0.015| 2.541| 0.007| 2.05e-03| 0.007| 3.952| 0.000|                |  0|KCat|Sloan|Simbad|286.81892|+42.53033
287.3224583|+42.5409444| 7020371|19091739+4232274|4442.8|-0.057| 0.021| 15.554| 2.099|RGB     | 1.0404| 1.280| 0.043|16.986| 0.016| 2.085| 0.007| 3.68e-04| 0.008| 3.647| 0.160|                |  1|KCat|Sloan|Simbad|287.32246|+42.54094
287.3280833|+42.5814444| 7020392|19091874+4234532|4726.6|-0.152| 0.141| 30.050| 3.992|RC      | 0.9955| 0.924| 0.079|10.226| 0.024| 2.385| 0.010| 1.22e-03| 0.008| 3.849| 0.087|                |  1|KCat|Sloan|Simbad|287.32808|+42.58144
287.5550417|+42.5913056| 7020972|19101321+4235287|4266.5|-0.677| 0.266|  4.155| 0.766|RGB     | 1.0286| 1.354| 0.044|34.140| 0.017| 1.503| 0.007| 4.79e-05| 0.008| 3.396| 0.180|                |  0|KCat|Sloan|Simbad|287.55504|+42.59131
287.8775833|+42.5689167| 7021725|19113062+4234081|4937.6| 0.022| 0.014|       |      |REJECT  |       |      |      |      |      |      |      |         |      |      |      |No Seis         |  0|KCat|Sloan|Simbad|287.87758|+42.56892
288.2128750|+42.5677500| 7022581|19125109+4234039|4948.8| 0.218|-0.016|195.814|14.319|RGB     | 1.0174| 1.517| 0.029| 5.074| 0.010| 3.208| 0.007| 1.64e-02| 0.006| 3.446| 0.128|                |  0|KCat|Sloan|Simbad|288.21287|+42.56775
288.7432917|+42.5438333| 7024001|19145839+4232378|4665.4| 0.119| 0.025| 64.749| 6.444|RGB     | 1.0352| 1.142| 0.039| 7.769| 0.014| 2.715| 0.007| 3.44e-03| 0.007| 3.867| 0.198|                |  0|KCat|Sloan|Simbad|288.74329|+42.54383
288.7496667|+42.5809167| 7024018|19145992+4234513|5164.8| 0.131|-0.033| 83.277| 6.612|RC(S)   | 1.0000| 2.932| 0.055|10.700| 0.012| 2.846| 0.008| 3.38e-03| 0.008| 2.623| 0.171|                |  0|KCat|Sloan|Simbad|288.74967|+42.58092
288.9674583|+42.5783056| 7024649|19155219+4234419|4658.4|-0.051| 0.168| 28.239| 3.827|RC      | 0.9978| 0.880| 0.080|10.330| 0.024| 2.354| 0.010| 1.13e-03| 0.008| 3.914| 0.092|                |  1|KCat|Sloan|Simbad|288.96746|+42.57831
289.1960833|+42.5305278| 7025377|19164706+4231499|4504.9| 0.184| 0.003| 16.302| 2.421|RGB(S)  | 1.0223| 0.913| 0.043|13.962| 0.016| 2.108| 0.007| 4.73e-04| 0.008| 4.232| 0.165|Ageold, SeisUnc |  0|KCat|Sloan|Simbad|289.19608|+42.53053
289.2636667|+42.5002778| 7025568|19170328+4230010|5019.3|-0.137| 0.043| 56.575| 5.494|RC      | 0.9962| 1.877| 0.067|10.460| 0.018| 2.672| 0.009| 2.31e-03| 0.008| 3.101| 0.131|                |  0|KCat|Sloan|Simbad|289.26367|+42.50028
289.3178750|+42.5962222| 7025721|19171629+4235464|4853.8|-0.163| 0.007| 37.333| 4.331|RC      | 0.9923| 1.349| 0.076|11.009| 0.022| 2.485| 0.010| 1.43e-03| 0.008| 3.441| 0.151|                |  1|KCat|Sloan|Simbad|289.31787|+42.59622
290.9470000|+42.5518056| 7031016|19234728+4233065|4777.9| 0.049| 0.014| 35.032| 4.120|RC      | 0.9939| 1.320| 0.077|11.287| 0.023| 2.453| 0.010| 1.29e-03| 0.008| 3.518| 0.222|                |  0|KCat|Sloan|Simbad|290.94700|+42.55181
291.3393333|+42.5474167| 7032190|19252144+4232507|4833.6| 0.150| 0.007| 43.242| 4.629|RC      | 0.9988| 1.554| 0.073|10.992| 0.021| 2.547| 0.009| 1.65e-03| 0.008| 3.333| 0.242|                |  0|KCat|Sloan|Simbad|291.33933|+42.54742
291.3817500|+42.5803056| 7032312|19253162+4234491|4548.1| 0.114| 0.083| 54.121| 5.498|RGB     | 1.0357| 1.209| 0.040| 8.799| 0.015| 2.632| 0.007| 2.50e-03| 0.007| 3.783| 0.113|                |  0|KCat|Sloan|Simbad|291.38175|+42.58031
291.7554167|+42.5965833| 7033467|19270130+4235477|4696.4| 0.249|-0.020| 72.493| 6.456|RGB     | 1.0279| 1.653| 0.038| 8.819| 0.014| 2.766| 0.007| 3.40e-03| 0.007| 3.332| 0.122|                |  0|KCat|Sloan|Simbad|291.75542|+42.59658
291.7706250|+42.5682778| 7033518|19270495+4234058|4958.1| 0.078| 0.016| 64.779| 5.892|RC      | 1.0012| 2.049| 0.063|10.246| 0.016| 2.728| 0.009| 2.69e-03| 0.008| 3.069| 0.240|                |  0|KCat|Sloan|Simbad|291.77062|+42.56828
292.5820833|+42.5443611| 7036099|19301970+4232397|4796.1| 0.162|-0.017| 63.627| 5.886|RGB     | 1.0285| 1.666| 0.039| 9.399| 0.014| 2.713| 0.007| 2.83e-03| 0.007| 3.301| 0.152|                |  0|KCat|Sloan|Simbad|292.58208|+42.54436
292.6000833|+42.5605833| 7036151|19302402+4233381|4796.5| 0.100|-0.009| 41.107| 4.211|RC      | 1.0083| 1.856| 0.074|12.342| 0.021| 2.524| 0.010| 1.39e-03| 0.008| 3.157| 0.220|                |  0|KCat|Sloan|Simbad|292.60008|+42.56058
293.4639583|+42.5838889| 7039075|19335135+4235020|4842.1| 0.027|-0.007| 46.855| 4.766|RC      | 0.9996| 1.760| 0.071|11.230| 0.020| 2.583| 0.009| 1.75e-03| 0.008| 3.199| 0.200|                |  0|KCat|Sloan|Simbad|293.46396|+42.58389
293.9551250|+42.5472778| 7040879|19354923+4232502|4707.3|-0.348| 0.132| 56.026| 5.988|RGB     | 1.0366| 1.000| 0.040| 7.798| 0.015| 2.654| 0.007| 2.98e-03| 0.007| 3.916| 0.272|                |  0|KCat|Sloan|Simbad|293.95512|+42.54728
294.0637917|+42.5136389| 7041245|19361531+4230491|4798.7| 0.086| 0.009|112.072| 9.818|RGB     | 1.0266| 1.185| 0.035| 5.973| 0.012| 2.959| 0.007| 7.84e-03| 0.007| 3.797| 0.310|                |  0|KCat|Sloan|Simbad|294.06379|+42.51364
294.2847500|+42.5338611| 7042040|19370834+4232019|4828.6| 0.196| 0.005|144.253|11.529|RGB     | 1.0218| 1.368| 0.032| 5.646| 0.011| 3.070| 0.007| 1.07e-02| 0.007| 3.610| 0.387|                |  0|KCat|Sloan|Simbad|294.28475|+42.53386
295.0597917|+42.5881667| 7044886|19401435+4235174|4798.6| 0.372| 0.020| 43.927| 4.241|RC      | 1.0071| 2.213| 0.073|13.037| 0.021| 2.553| 0.009| 1.41e-03| 0.008| 3.058| 0.440|                |  0|KCat|Sloan|Simbad|295.05979|+42.58817
295.2022917|+42.5691944| 7045489|19404855+4234091|4431.4|-0.234| 0.181| 20.810| 2.747|RGB     | 1.0437| 1.029| 0.043|13.177| 0.016| 2.211| 0.007| 6.35e-04| 0.008| 3.927| 0.296|                |  0|KCat|Sloan|Simbad|295.20229|+42.56919
295.2070000|+42.5092500| 7045503|19404968+4230333|4620.3| 0.142| 0.087| 79.992| 7.551|RGB     | 1.0328| 1.136| 0.038| 6.988| 0.014| 2.805| 0.007| 4.70e-03| 0.007| 3.886| 0.341|                |  0|KCat|Sloan|Simbad|295.20700|+42.50925
295.5349167|+42.5710278| 7046960|19420838+4234157|4646.0| 0.309| 0.054| 26.016| 3.072|RC(S)   | 1.0056| 1.601| 0.081|14.525| 0.025| 2.318| 0.010| 7.37e-04| 0.008| 3.338| 0.521|                |  0|KCat|Sloan|Simbad|295.53492|+42.57103
295.9902500|+42.5990556| 7048889|19435766+4235566|4602.6|-0.409| 0.149| 30.770| 3.785|RGB     | 1.0412| 0.986| 0.042|10.507| 0.016| 2.389| 0.007| 1.20e-03| 0.008| 3.939| 0.501|                |  0|KCat|Sloan|Simbad|295.99025|+42.59906
296.0819167|+42.5140278| 7049306|19441966+4230505|4691.5| 0.179| 0.029| 33.565| 4.056|RC      | 1.0037| 1.156| 0.078|10.842| 0.023| 2.431| 0.010| 1.28e-03| 0.008| 3.687| 0.551|                |  0|KCat|Sloan|Simbad|296.08192|+42.51403
296.1184583|+42.5105833| 7049467|19442843+4230381|4812.4|-0.210| 0.065| 72.086| 7.137|RGB     | 1.0319| 1.111| 0.038| 7.207| 0.014| 2.768| 0.007| 4.19e-03| 0.007| 3.798| 0.240|                |  0|KCat|Sloan|Simbad|296.11846|+42.51058
297.0187083|+42.5197222| 7053383|19480449+4231110|4620.0|-0.022| 0.080| 68.236| 6.871|RGB     | 1.0359| 1.016| 0.039| 7.155| 0.014| 2.736| 0.007| 3.91e-03| 0.007| 4.000| 0.126|                |  0|KCat|Sloan|Simbad|297.01871|+42.51972
281.6804583|+42.6286389| 7092067|18464331+4237431|4667.6|-0.031| 0.040| 50.748| 5.393|RGB     | 1.0364| 1.117| 0.040| 8.676| 0.015| 2.609| 0.007| 2.41e-03| 0.007| 3.850| 0.223|                |  0|KCat|Sloan|Simbad|281.68046|+42.62864
281.7134583|+42.6306667| 7092127|18465123+4237504|4663.8| 0.305| 0.044|112.143| 9.824|RGB     | 1.0291| 1.124| 0.035| 5.856| 0.012| 2.954| 0.007| 7.89e-03| 0.007| 3.939| 0.172|                |  0|KCat|Sloan|Simbad|281.71346|+42.63067
282.2365833|+42.6080556| 7093179|18485678+4236290|4609.2|-0.176| 0.047| 30.484| 3.684|RGB     | 1.0405| 1.073| 0.042|11.006| 0.016| 2.385| 0.007| 1.13e-03| 0.008| 3.879| 0.203|                |  0|KCat|Sloan|Simbad|282.23658|+42.60806
284.1102917|+42.6263611| 7097136|18562647+4237349|4724.2| 0.133|-0.010| 40.760| 4.332|RC      | 1.0003| 1.631| 0.074|11.662| 0.021| 2.517| 0.010| 1.45e-03| 0.008| 3.284| 0.074|                |  0|KCat|Sloan|Simbad|284.11029|+42.62636
284.6095000|+42.6223889| 7098252|18582628+4237206|4753.6|-0.156| 0.046| 24.317| 3.263|RC      | 1.0163| 1.019| 0.082|11.918| 0.025| 2.294| 0.010| 8.49e-04| 0.008| 3.752| 0.380|                |  1|KCat|Sloan|Simbad|284.60950|+42.62239
284.6877500|+42.6263889| 7098412|18584506+4237350|4329.6|-0.596| 0.204|  6.804| 1.242|RGB     | 1.0467| 0.822| 0.044|20.713| 0.017| 1.720| 0.007| 1.31e-04| 0.008| 4.139| 0.102|                |  1|KCat|Sloan|Simbad|284.68775|+42.62639
284.7461667|+42.6330000| 7098510|18585908+4237588|4787.6| 0.071|-0.006| 37.185| 4.293|RC      | 1.0022| 1.300| 0.076|10.864| 0.022| 2.480| 0.010| 1.43e-03| 0.008| 3.532| 0.104|                |  0|KCat|Sloan|Simbad|284.74617|+42.63300
285.7667083|+42.6107778| 7100768|19030401+4236388|4769.3|-0.175| 0.069| 25.283| 3.536|RC      | 1.0004| 0.889| 0.081|10.906| 0.025| 2.311| 0.010| 9.66e-04| 0.008| 3.894| 0.154|                |  1|KCat|Sloan|Simbad|285.76671|+42.61078
285.8232083|+42.6976389| 7100888|19031757+4241515|4721.6|-0.065| 0.070| 32.179| 4.073|RC      | 1.0019| 1.019| 0.078|10.376| 0.023| 2.414| 0.010| 1.29e-03| 0.008| 3.769| 0.095|                |  0|KCat|Sloan|Simbad|285.82321|+42.69764
285.8550417|+42.6883611| 7100955|19032521+4241181|4061.2| 0.054| 0.075|  4.919| 0.943|RGB     | 1.0319| 0.898| 0.044|25.876| 0.017| 1.566| 0.007| 7.31e-05| 0.008| 4.209| 0.209|Ageold          |  0|KCat|Sloan|Simbad|285.85504|+42.68836
285.9868333|+42.6796944| 7101244|19035684+4240469|4774.6|-0.196| 0.143| 31.468| 4.004|RC      | 0.9953| 1.066| 0.079|10.704| 0.024| 2.407| 0.010| 1.23e-03| 0.008| 3.686| 0.105|                |  0|KCat|Sloan|Simbad|285.98683|+42.67969
286.3451667|+42.6870000| 7102068|19052284+4241132|4629.2|-0.074| 0.039| 55.858| 5.881|RGB     | 1.0376| 1.035| 0.040| 7.977| 0.015| 2.649| 0.007| 2.88e-03| 0.007| 3.972| 0.075|                |  1|KCat|Sloan|Simbad|286.34517|+42.68700
286.5269167|+42.6487778| 7102491|19060646+4238556|4750.6|-0.474| 0.178| 13.295| 2.219|RGB     | 1.0196| 0.768| 0.044|13.993| 0.016| 2.031| 0.007| 3.95e-04| 0.008| 4.234| 0.152|Ageold          |  0|KCat|Sloan|Simbad|286.52692|+42.64878
286.7986667|+42.6924444| 7103182|19071168+4241328|4412.7|-0.118| 0.097| 19.201| 2.548|RGB     | 1.0433| 1.086| 0.043|14.106| 0.016| 2.175| 0.007| 5.46e-04| 0.008| 3.869| 0.068|                |  1|KCat|Sloan|Simbad|286.79867|+42.69244
286.8442917|+42.6655000| 7103297|19072263+4239558|4743.5| 0.145| 0.017| 38.843| 4.322|RC      | 0.9963| 1.456| 0.075|11.278| 0.022| 2.497| 0.010| 1.43e-03| 0.008| 3.420| 0.103|                |  1|KCat|Sloan|Simbad|286.84429|+42.66550
286.9869167|+42.6115556| 7103666|19075686+4236416|4719.1| 0.090|-0.003| 35.803| 4.173|RC      | 1.0000| 1.283| 0.077|11.041| 0.023| 2.460| 0.010| 1.34e-03| 0.008| 3.554| 0.091|                |  1|KCat|Sloan|Simbad|286.98692|+42.61156
287.4419167|+42.6562500| 7104797|19094606+4239225|4722.8|-0.112| 0.072| 60.336| 6.217|RGB     | 1.0356| 1.085| 0.039| 7.818| 0.014| 2.687| 0.007| 3.20e-03| 0.007| 3.872| 0.159|                |  0|KCat|Sloan|Simbad|287.44192|+42.65625
287.9227917|+42.6873889| 7106052|19114147+4241146|4639.7|-0.337| 0.161| 47.795| 5.347|RGB     | 1.0389| 0.947| 0.041| 8.245| 0.015| 2.582| 0.007| 2.38e-03| 0.007| 4.026| 0.075|                |  0|KCat|Sloan|Simbad|287.92279|+42.68739
288.6387083|+42.6778333| 7107940|19143329+4240402|4625.2|-0.129| 0.067| 22.924| 2.634|RGB     | 1.0291| 1.834| 0.043|16.580| 0.016| 2.262| 0.007| 5.67e-04| 0.008| 3.084| 0.101|                |  1|KCat|Sloan|Simbad|288.63871|+42.67783
288.8485417|+42.6529722| 7108501|19152365+4239107|4984.5|-0.123| 0.035| 51.055| 4.831|RC      | 1.0048| 2.206| 0.069|11.958| 0.019| 2.626| 0.009| 1.82e-03| 0.008| 2.937| 0.099|                |  1|KCat|Sloan|Simbad|288.84854|+42.65297
288.8610833|+42.6298056| 7108536|19152666+4237473|4746.6|-0.157| 0.158| 29.728| 4.024|RC      | 0.9979| 0.864| 0.079| 9.928| 0.024| 2.381| 0.010| 1.25e-03| 0.008| 3.913| 0.113|                |  1|KCat|Sloan|Simbad|288.86108|+42.62981
288.8952500|+42.6646667| 7108646|19153486+4239528|4632.7| 0.003| 0.057| 29.573| 3.814|RC      | 0.9899| 1.049| 0.079|11.037| 0.024| 2.373| 0.010| 1.10e-03| 0.008| 3.743| 0.091|                |  1|KCat|Sloan|Simbad|288.89525|+42.66467
289.0483750|+42.6577500| 7109064|19161161+4239279|4921.4| 0.085| 0.012| 61.703| 5.707|RC      | 0.9971| 2.023| 0.064|10.449| 0.017| 2.706| 0.009| 2.50e-03| 0.008| 3.080| 0.162|                |  0|KCat|Sloan|Simbad|289.04837|+42.65775
289.0556250|+42.6265000| 7109084|19161335+4237354|3935.1| 0.360| 0.027|  4.204| 0.746|RGB     | 1.0369| 1.338| 0.044|34.429| 0.017| 1.490| 0.007| 4.62e-05| 0.008| 3.685| 0.350|                |  0|KCat|Sloan|Simbad|289.05562|+42.62650
289.0698333|+42.6546944| 7109120|19161676+4239169|4518.7| 0.424| 0.009| 60.421| 5.984|RGB     | 1.0367| 1.182| 0.039| 8.248| 0.014| 2.678| 0.007| 2.97e-03| 0.007| 3.881| 0.163|                |  1|KCat|Sloan|Simbad|289.06983|+42.65469
291.1736250|+42.6205000| 7115799|19244167+4237138|4780.3| 0.126| 0.066|       |      |REJECT  |       |      |      |      |      |      |      |         |      |      |      |No Seis         |  0|KCat|Sloan|Simbad|291.17362|+42.62050
291.5571667|+42.6946389| 7117050|19261372+4241407|4709.3| 0.328|-0.003| 47.575| 4.713|RC      | 1.0056| 1.804| 0.071|11.362| 0.020| 2.583| 0.009| 1.73e-03| 0.008| 3.226| 0.171|                |  0|KCat|Sloan|Simbad|291.55717|+42.69464
291.6596667|+42.6809722| 7117362|19263832+4240515|4571.6| 0.180| 0.005| 55.373| 5.664|RGB     | 1.0365| 1.155| 0.040| 8.490| 0.015| 2.643| 0.007| 2.66e-03| 0.007| 3.869| 0.171|                |  0|KCat|Sloan|Simbad|291.65967|+42.68097
291.9817083|+42.6101667| 7118412|19275561+4236366|4862.7| 0.151|-0.013| 47.240| 4.654|RC      | 1.0123| 1.897| 0.071|11.600| 0.020| 2.587| 0.009| 1.71e-03| 0.008| 3.153| 0.235|                |  0|KCat|Sloan|Simbad|291.98171|+42.61017
292.0936667|+42.6795556| 7118721|19282248+4240464|4875.9| 0.236|-0.039| 67.248| 6.106|RC      | 1.0005| 1.943| 0.062| 9.834| 0.015| 2.741| 0.009| 2.88e-03| 0.008| 3.125| 0.134|                |  0|KCat|Sloan|Simbad|292.09367|+42.67956
292.2357917|+42.6036389| 7119181|19285659+4236131|4855.6|-0.080| 0.012| 67.392| 6.221|RGB     | 1.0270| 1.625| 0.039| 8.991| 0.014| 2.741| 0.007| 3.15e-03| 0.007| 3.281| 0.281|                |  0|KCat|Sloan|Simbad|292.23579|+42.60364
292.3779167|+42.6057778| 7119694|19293070+4236208|4546.2|-0.058| 0.002| 20.722| 2.589|RGB     | 1.0379| 1.369| 0.043|15.130| 0.016| 2.215| 0.007| 5.57e-04| 0.008| 3.548| 0.339|                |  0|KCat|Sloan|Simbad|292.37792|+42.60578
292.4542917|+42.6691944| 7119934|19294903+4240091|5002.4| 0.075|-0.030| 60.911| 5.516|RC      | 1.0034| 2.227| 0.065|10.992| 0.017| 2.704| 0.009| 2.37e-03| 0.008| 3.007| 0.203|                |  0|KCat|Sloan|Simbad|292.45429|+42.66919
292.9481250|+42.6822222| 7121616|19314755+4240560|4610.6|-0.163| 0.161| 52.802| 5.613|RGB     | 1.0378| 1.046| 0.040| 8.258| 0.015| 2.624| 0.007| 2.62e-03| 0.007| 3.917| 0.250|                |  0|KCat|Sloan|Simbad|292.94812|+42.68222
292.9628333|+42.6209444| 7121674|19315108+4237154|4853.0|-0.093| 0.002| 63.818| 5.852|RGB     | 1.0250| 1.775| 0.039| 9.658| 0.014| 2.717| 0.007| 2.78e-03| 0.007| 3.139| 0.105|                |  0|KCat|Sloan|Simbad|292.96283|+42.62094
293.1318750|+42.6085278| 7122218|19323165+4236307|4108.5|-0.243| 0.042|  2.785| 0.597|RGB     | 1.0296| 1.045| 0.044|36.981| 0.017| 1.321| 0.007| 2.92e-05| 0.008| 3.868| 0.572|                |  0|KCat|Sloan|Simbad|293.13187|+42.60853
293.2613750|+42.6770833| 7122640|19330273+4240375|4654.6| 0.014| 0.049| 81.256| 7.744|RGB     | 1.0326| 1.089| 0.038| 6.777| 0.014| 2.813| 0.007| 4.94e-03| 0.007| 3.921| 0.052|                |  0|KCat|Sloan|Simbad|293.26137|+42.67708
293.2841667|+42.6151944| 7122713|19330820+4236547|4575.6| 0.176| 0.016| 27.231| 3.437|AMB     | 1.0288| 1.048| 0.237|11.526| 0.066| 2.335| 0.010| 9.65e-04| 0.010| 3.925| 0.298|                |  0|KCat|Sloan|Simbad|293.28417|+42.61519
293.3495833|+42.6665278| 7122919|19332390+4239595|4946.0|-0.056| 0.000|134.809|10.832|RGB     | 1.0202| 1.494| 0.033| 6.068| 0.012| 3.046| 0.007| 9.43e-03| 0.007| 3.405| 0.198|                |  0|KCat|Sloan|Simbad|293.34958|+42.66653
294.1844583|+42.6329722| 7125921|19364427+4237587|4745.3|-0.089| 0.089| 24.988| 3.425|RC      | 1.0033| 0.956| 0.082|11.395| 0.025| 2.305| 0.010| 9.12e-04| 0.008| 3.836| 0.348|                |  0|KCat|Sloan|Simbad|294.18446|+42.63297
294.9339583|+42.6888056| 7128663|19394415+4241197|4838.7| 0.179| 0.034| 92.149| 7.699|RGB     | 1.0223| 1.794| 0.037| 8.088| 0.013| 2.876| 0.007| 4.78e-03| 0.007| 3.198| 0.487|                |  0|KCat|Sloan|Simbad|294.93396|+42.68881
295.0158333|+42.6146944| 7128999|19400380+4236529|4834.9| 0.068| 0.011| 43.638| 4.442|RC      | 1.0114| 1.792| 0.073|11.749| 0.021| 2.551| 0.009| 1.56e-03| 0.008| 3.183| 0.430|                |  0|KCat|Sloan|Simbad|295.01583|+42.61469
295.2072083|+42.6553333| 7129766|19404973+4239192|4623.3|-0.169| 0.048| 25.689| 3.021|RGB     | 1.0352| 1.457| 0.042|13.961| 0.016| 2.312| 0.007| 7.55e-04| 0.008| 3.425| 0.439|                |  0|KCat|Sloan|Simbad|295.20721|+42.65533
295.9475417|+42.6442500| 7132804|19434741+4238393|4767.1|-0.346| 0.249| 25.128| 3.216|RC(S)   | 1.0063| 1.245| 0.082|12.951| 0.025| 2.309| 0.010| 8.09e-04| 0.008| 3.492| 0.659|                |  0|KCat|Sloan|Simbad|295.94754|+42.64425
296.5530833|+42.6136111| 7135279|19461274+4236490|4521.6| 0.048| 0.039| 25.028| 3.046|RGB     | 1.0402| 1.236| 0.042|13.102| 0.016| 2.295| 0.007| 7.75e-04| 0.008| 3.729| 1.271|                |  0|KCat|Sloan|Simbad|296.55308|+42.61361
281.1912917|+42.7999444| 7173885|18444591+4247598|4750.1|-0.091| 0.042| 68.996| 6.843|RGB     | 1.0333| 1.125| 0.039| 7.434| 0.014| 2.747| 0.007| 3.86e-03| 0.007| 3.836| 0.228|                |  0|KCat|Sloan|Simbad|281.19129|+42.79994
281.6060417|+42.7281944| 7174636|18462545+4243415|4752.2| 0.007| 0.045| 76.900| 7.348|RGB     | 1.0318| 1.179| 0.038| 7.208| 0.014| 2.794| 0.007| 4.44e-03| 0.007| 3.794| 0.236|                |  0|KCat|Sloan|Simbad|281.60604|+42.72819
282.2302500|+42.7158333| 7175826|18485526+4242570|4763.9|-0.024|-0.008| 73.116| 6.900|RGB     | 1.0300| 1.317| 0.038| 7.810| 0.014| 2.772| 0.007| 3.90e-03| 0.007| 3.600| 0.150|                |  0|KCat|Sloan|Simbad|282.23025|+42.71583
282.3457500|+42.7111111| 7176070|18492298+4242400|4081.6| 0.180| 0.066|  8.056| 1.280|RGB     | 1.0451| 1.111| 0.044|22.464| 0.017| 1.781| 0.007| 1.38e-04| 0.008| 3.929| 0.213|                |  0|KCat|Sloan|Simbad|282.34575|+42.71111
282.7710000|+42.7600278| 7177015|18510504+4245361|4736.9| 0.197| 0.000| 83.303| 7.420|RGB     | 1.0283| 1.454| 0.037| 7.698| 0.014| 2.828| 0.007| 4.50e-03| 0.007| 3.520| 0.148|                |  0|KCat|Sloan|Simbad|282.77100|+42.76003
283.3242500|+42.7841944| 7178170|18531782+4247031|4736.2|-0.380| 0.176| 85.671| 8.382|RGB     | 1.0307| 0.962| 0.037| 6.174| 0.013| 2.840| 0.007| 5.76e-03| 0.007| 3.976| 0.239|                |  0|KCat|Sloan|Simbad|283.32425|+42.78419
285.9481250|+42.7415278| 7183922|19034755+4244295|4664.9|-0.306| 0.064| 28.144| 3.381|RGB     | 1.0370| 1.228| 0.042|12.220| 0.016| 2.353| 0.007| 9.49e-04| 0.008| 3.619| 0.078|                |  1|KCat|Sloan|Simbad|285.94812|+42.74153
286.4086667|+42.7844722| 7184978|19053808+4247041|4427.1| 0.122| 0.089| 34.216| 3.941|RGB     | 1.0412| 1.088| 0.042|10.570| 0.016| 2.427| 0.007| 1.30e-03| 0.007| 3.951| 0.028|                |  1|KCat|Sloan|Simbad|286.40867|+42.78447
286.4170833|+42.7527222| 7185001|19054010+4245098|4739.3| 0.407| 0.040|188.223|14.519|RGB     | 1.0207| 1.179| 0.029| 4.612| 0.010| 3.182| 0.007| 1.70e-02| 0.006| 3.879| 0.167|                |  0|KCat|Sloan|Simbad|286.41708|+42.75272
286.9560417|+42.7705278| 7186274|19074945+4246139|4709.6| 0.086| 0.034| 32.312| 4.061|RC      | 1.0038| 1.032| 0.078|10.430| 0.023| 2.415| 0.010| 1.28e-03| 0.008| 3.781| 0.104|                |  1|KCat|Sloan|Simbad|286.95604|+42.77053
287.0721250|+42.7938333| 7186542|19081731+4247378|4606.6| 0.161| 0.007| 41.063| 4.273|RGB     | 1.0338| 1.486| 0.041|11.162| 0.015| 2.515| 0.007| 1.51e-03| 0.007| 3.481| 0.107|                |  1|KCat|Sloan|Simbad|287.07212|+42.79383
287.1289167|+42.7725000| 7186677|19083094+4246210|4937.6| 0.328|-0.013|236.525|16.307|RGB     | 1.0166| 1.589| 0.028| 4.727| 0.009| 3.290| 0.007| 2.12e-02| 0.006| 3.395| 0.122|                |  0|KCat|Sloan|Simbad|287.12892|+42.77250
287.2870417|+42.7803611| 7187059|19090889+4246493|4627.7| 0.081| 0.034| 54.327| 5.616|RGB     | 1.0362| 1.151| 0.040| 8.530| 0.015| 2.637| 0.007| 2.61e-03| 0.007| 3.846| 0.102|                |  1|KCat|Sloan|Simbad|287.28704|+42.78036
287.7568333|+42.7626389| 7188156|19110164+4245455|4491.7|-0.619| 0.263| 13.547| 2.122|RGB     | 1.0462| 0.806| 0.044|14.401| 0.016| 2.027| 0.007| 3.80e-04| 0.008| 4.175| 0.161|Ageold          |  0|KCat|Sloan|Simbad|287.75683|+42.76264
287.8185833|+42.7254167| 7188323|19111646+4243315|4879.1|-0.111| 0.023|134.628|11.226|RGB     | 1.0216| 1.257| 0.033| 5.588| 0.012| 3.043| 0.007| 1.02e-02| 0.007| 3.631| 0.123|                |  0|KCat|Sloan|Simbad|287.81858|+42.72542
287.8906250|+42.7116389| 7188504|19113375+4242419|4711.2|-0.137| 0.155| 30.322| 3.954|RC      | 0.9912| 0.999| 0.079|10.590| 0.024| 2.388| 0.010| 1.19e-03| 0.008| 3.772| 0.054|                |  1|KCat|Sloan|Simbad|287.89062|+42.71164
287.9626250|+42.7644722| 7188662|19115103+4245521|4828.7| 0.055|-0.008|109.665| 9.402|RGB     | 1.0250| 1.341| 0.035| 6.413| 0.012| 2.951| 0.007| 7.17e-03| 0.007| 3.603| 0.082|                |  1|KCat|Sloan|Simbad|287.96262|+42.76447
288.2609583|+42.7239444| 7189418|19130263+4243262|4752.1| 0.117| 0.017|113.940|10.159|RGB     | 1.0278| 1.066| 0.035| 5.631| 0.012| 2.965| 0.007| 8.42e-03| 0.007| 3.973| 0.131|                |  0|KCat|Sloan|Simbad|288.26096|+42.72394
288.3339167|+42.7824167| 7189610|19132014+4246567|4813.6| 0.015| 0.000| 35.782| 4.086|RC      | 0.9999| 1.436| 0.077|11.625| 0.023| 2.464| 0.010| 1.29e-03| 0.008| 3.406| 0.133|                |  1|KCat|Sloan|Simbad|288.33392|+42.78242
288.4957083|+42.7048611| 7190047|19135897+4242175|4665.6| 0.002| 0.076| 30.287| 3.880|RC      | 0.9869| 1.077| 0.079|11.030| 0.024| 2.385| 0.010| 1.13e-03| 0.008| 3.714| 0.098|                |  1|KCat|Sloan|Simbad|288.49571|+42.70486
288.6332083|+42.7174722| 7190400|19143197+4243029|4612.0| 0.053| 0.048| 29.734| 3.732|RGB(S)  | 1.0434| 0.936| 0.042|10.409| 0.016| 2.375| 0.007| 1.17e-03| 0.008| 4.159| 0.075|Ageold          |  0|KCat|Sloan|Simbad|288.63321|+42.71747
289.0318750|+42.7755278| 7191496|19160765+4246319|4911.7|-2.373| 0.503| 16.220| 2.460|RGB     | 1.0355| 0.912| 0.043|13.695| 0.016| 2.125| 0.007| 5.01e-04| 0.008| 3.851| 0.075|                |  1|KCat|Sloan|Simbad|289.03187|+42.77553
289.0957500|+42.7591389| 7191673|19162298+4245329|4627.3| 0.293|-0.005| 31.822| 3.657|RC      | 1.0005| 1.479| 0.078|12.636| 0.023| 2.405| 0.010| 1.03e-03| 0.008| 3.428| 0.149|                |  1|KCat|Sloan|Simbad|289.09575|+42.75914
289.1950417|+42.7069444| 7191945|19164681+4242250|4960.5|-0.090| 0.023| 57.412| 5.439|RC      | 1.0031| 1.952| 0.066|10.620| 0.018| 2.676| 0.009| 2.30e-03| 0.008| 3.073| 0.108|                |  0|KCat|Sloan|Simbad|289.19504|+42.70694
291.2658333|+42.7394722| 7198587|19250380+4244221|4916.7| 0.184|-0.023|176.772|13.677|RGB     | 1.0192| 1.319| 0.030| 4.986| 0.010| 3.163| 0.007| 1.50e-02| 0.006| 3.657| 0.241|                |  0|KCat|Sloan|Simbad|291.26583|+42.73947
291.7152083|+42.7765556| 7200117|19265165+4246356|4634.1| 0.229|-0.024| 58.271| 5.530|RGB     | 1.0314| 1.542| 0.040| 9.531| 0.015| 2.668| 0.007| 2.51e-03| 0.007| 3.435| 0.051|                |  0|KCat|Sloan|Simbad|291.71521|+42.77656
292.1977500|+42.7440000| 7201600|19284746+4244384|4826.4|-0.377| 0.155| 29.045| 3.864|RC      | 0.9857| 1.021| 0.080|10.874| 0.024| 2.374| 0.010| 1.12e-03| 0.008| 3.708| 0.413|                |  0|KCat|Sloan|Simbad|292.19775|+42.74400
292.9438750|+42.7672778| 7204026|19314653+4246022|4690.1| 0.121| 0.018| 79.767| 7.612|RGB     | 1.0328| 1.115| 0.038| 6.908| 0.014| 2.807| 0.007| 4.77e-03| 0.007| 3.904| 0.342|                |  0|KCat|Sloan|Simbad|292.94387|+42.76728
293.0416667|+42.7873889| 7204369|19321000+4247146|4360.7| 0.086|-0.006| 15.946| 2.135|RGB     | 1.0419| 1.246| 0.043|16.627| 0.016| 2.092| 0.007| 3.82e-04| 0.008| 3.722| 0.289|                |  0|KCat|Sloan|Simbad|293.04167|+42.78739
293.2466667|+42.7452222| 7205067|19325920+4244428|5129.2| 0.084|-0.016| 62.993| 5.306|RC(S)   | 1.0000| 3.029| 0.064|12.526| 0.016| 2.724| 0.009| 2.17e-03| 0.008| 2.607| 0.241|                |  0|KCat|Sloan|Simbad|293.24667|+42.74522
293.3507917|+42.7001667| 7205397|19332419+4242006|4632.0|-0.083| 0.112| 28.904| 3.677|RC      | 0.9944| 1.114| 0.080|11.501| 0.024| 2.363| 0.010| 1.03e-03| 0.008| 3.678| 0.133|                |  0|KCat|Sloan|Simbad|293.35079|+42.70017
293.6692500|+42.7361944| 7206531|19344062+4244103|4851.4| 0.113|-0.030| 46.108| 4.643|RC      | 1.0057| 1.821| 0.072|11.511| 0.020| 2.576| 0.009| 1.68e-03| 0.008| 3.178| 0.278|                |  0|KCat|Sloan|Simbad|293.66925|+42.73619
293.8804583|+42.7292222| 7207251|19353131+4243452|4794.3| 0.136|-0.009| 44.383| 4.683|RC(S)   | 0.9988| 1.586| 0.072|10.981| 0.021| 2.557| 0.009| 1.69e-03| 0.008| 3.308| 0.131|                |  0|KCat|Sloan|Simbad|293.88046|+42.72922
295.1259167|+42.7640833| 7211754|19403022+4245507|4406.4| 0.416| 0.003| 22.436| 2.680|RGB     | 1.0395| 1.435| 0.043|15.004| 0.016| 2.242| 0.007| 5.99e-04| 0.008| 3.588| 0.298|                |  0|KCat|Sloan|Simbad|295.12592|+42.76408
295.2087917|+42.7713056| 7212057|19405011+4246167|4730.5|-0.009| 0.001| 50.965| 5.161|RGB     | 1.0331| 1.393| 0.040| 9.636| 0.015| 2.614| 0.007| 2.19e-03| 0.007| 3.519| 0.322|                |  0|KCat|Sloan|Simbad|295.20879|+42.77131
295.2235000|+42.7919722| 7212114|19405364+4247311|4651.3| 0.189| 0.008| 61.945| 6.124|RGB     | 1.0350| 1.221| 0.039| 8.220| 0.014| 2.695| 0.007| 3.10e-03| 0.007| 3.786| 0.418|                |  0|KCat|Sloan|Simbad|295.22350|+42.79197
295.6074583|+42.7045278| 7213716|19422579+4242163|4499.0|-0.007| 0.028| 14.472| 1.928|RGB     | 1.0367| 1.498| 0.043|18.988| 0.016| 2.056| 0.007| 3.08e-04| 0.008| 3.415| 0.501|                |  0|KCat|Sloan|Simbad|295.60746|+42.70453
295.6605000|+42.7453611| 7213942|19423852+4244433|4234.3| 0.397| 0.028| 13.052| 1.706|RGB     | 1.0376| 1.631| 0.044|21.185| 0.016| 1.998| 0.007| 2.42e-04| 0.008| 3.387| 0.630|                |  0|KCat|Sloan|Simbad|295.66050|+42.74536
295.9960000|+42.7774444| 7215396|19435904+4246388|4596.1|-0.119| 0.010| 24.519| 2.964|RGB     | 1.0370| 1.345| 0.043|13.751| 0.016| 2.290| 0.007| 7.29e-04| 0.008| 3.542| 0.132|                |  0|KCat|Sloan|Simbad|295.99600|+42.77744
296.1256250|+42.7011667| 7215938|19443015+4242042|4879.3|-0.191| 0.015| 67.352| 6.439|RGB     | 1.0288| 1.413| 0.039| 8.378| 0.014| 2.742| 0.007| 3.39e-03| 0.007| 3.445| 0.747|                |  0|KCat|Sloan|Simbad|296.12562|+42.70117
296.1413333|+42.7322500| 7215997|19443392+4243561|4664.5|-0.068|-0.022| 17.705| 1.985|RGB     | 1.0061| 2.908| 0.043|23.708| 0.016| 2.152| 0.007| 3.08e-04| 0.008| 2.557| 0.357|                |  0|KCat|Sloan|Simbad|296.14133|+42.73225
296.4914167|+42.7164444| 7217486|19455794+4242592|4955.1| 0.090|-0.010| 88.353| 7.156|RC(S)   | 0.9889| 2.509| 0.052| 9.708| 0.011| 2.863| 0.008| 3.87e-03| 0.008| 2.845| 0.132|                |  0|KCat|Sloan|Simbad|296.49142|+42.71644
296.5355833|+42.7134722| 7217665|19460854+4242485|5093.5| 0.151|-0.030|102.271| 8.101|RC      | 0.9950| 2.409| 0.047| 8.781| 0.009| 2.933| 0.007| 5.02e-03| 0.008| 2.887| 0.778|                |  0|KCat|Sloan|Simbad|296.53558|+42.71347
296.8068333|+42.7496944| 7218915|19471364+4244589|4952.9|-0.230| 0.030|115.398|10.105|RGB     | 1.0232| 1.225| 0.035| 5.938| 0.012| 2.979| 0.007| 8.25e-03| 0.007| 3.638| 0.690|                |  0|KCat|Sloan|Simbad|296.80683|+42.74969
280.9341667|+42.8173889| 7255313|18434420+4249026|4728.8| 0.090| 0.012| 74.686| 7.243|RGB     | 1.0334| 1.128| 0.038| 7.165| 0.014| 2.780| 0.007| 4.33e-03| 0.007| 3.877| 0.209|                |  0|KCat|Sloan|Simbad|280.93417|+42.81739
281.9627500|+42.8622778| 7257193|18475106+4251442|4609.2|-0.840| 0.254| 15.936| 2.335|RGB     | 1.0431| 0.940| 0.043|14.251| 0.016| 2.104| 0.007| 4.58e-04| 0.008| 3.905| 0.054|                |  0|KCat|Sloan|Simbad|281.96275|+42.86228
282.7079583|+42.8853611| 7258771|18504991+4253073|4775.3| 0.054| 0.001| 83.398| 7.488|RGB     | 1.0278| 1.426| 0.037| 7.605| 0.014| 2.830| 0.007| 4.57e-03| 0.007| 3.511| 0.237|                |  0|KCat|Sloan|Simbad|282.70796|+42.88536
282.9257500|+42.8131944| 7259237|18514218+4248475|4740.2| 0.285| 0.020|173.937|13.575|RGB     | 1.0208| 1.218| 0.030| 4.874| 0.010| 3.148| 0.007| 1.48e-02| 0.006| 3.809| 0.048|                |  0|KCat|Sloan|Simbad|282.92575|+42.81319
283.1209167|+42.8301389| 7259653|18522902+4249485|4726.2|-0.145| 0.026| 40.190| 4.374|RGB     | 1.0352| 1.312| 0.041|10.534| 0.015| 2.511| 0.007| 1.58e-03| 0.007| 3.578| 0.344|                |  0|KCat|Sloan|Simbad|283.12092|+42.83014
285.5434167|+42.8625556| 7264736|19021042+4251452|4671.5|-0.183| 0.148| 68.079| 6.872|RGB     | 1.0348| 1.030| 0.039| 7.193| 0.014| 2.737| 0.007| 3.90e-03| 0.007| 3.942| 0.086|                |  1|KCat|Sloan|Simbad|285.54342|+42.86256
285.6928333|+42.8782778| 7265067|19024628+4252418|4780.3|-0.149| 0.006| 48.046| 4.989|RGB     | 1.0335| 1.356| 0.040| 9.766| 0.015| 2.591| 0.007| 2.05e-03| 0.007| 3.528| 0.203|                |  0|KCat|Sloan|Simbad|285.69283|+42.87828
285.6968750|+42.8711944| 7265075|19024725+4252163|4737.0|-0.038| 0.032| 31.592| 3.984|RC      | 0.9973| 1.078| 0.078|10.764| 0.024| 2.407| 0.010| 1.22e-03| 0.008| 3.714| 0.154|                |  1|KCat|Sloan|Simbad|285.69687|+42.87119
285.7421250|+42.8619722| 7265189|19025811+4251431|4996.2|-0.974| 0.172| 85.334| 8.509|RGB     | 1.0258| 0.988| 0.037| 6.188| 0.013| 2.850| 0.007| 5.88e-03| 0.007| 3.801| 0.000|                |  1|KCat|Sloan|Simbad|285.74212|+42.86197
285.9619167|+42.8857778| 7265649|19035086+4253088|4743.6|-0.433| 0.097| 11.360| 1.680|RGB     | 1.0356| 1.366| 0.044|20.201| 0.017| 1.963| 0.007| 2.34e-04| 0.008| 3.433| 0.282|                |  0|KCat|Sloan|Simbad|285.96192|+42.88578
286.1207083|+42.8388889| 7265993|19042897+4250200|4929.8| 0.060| 0.001|182.728|13.737|RGB     | 1.0178| 1.445| 0.030| 5.130| 0.010| 3.178| 0.007| 1.51e-02| 0.006| 3.483| 0.100|                |  0|KCat|Sloan|Simbad|286.12071|+42.83889
286.1991250|+42.8333889| 7266176|19044779+4250002|4916.1| 0.114| 0.000|       |      |REJECT  |       |      |      |      |      |      |      |         |      |      |      |No Seis         |  0|KCat|Sloan|Simbad|286.19912|+42.83339
286.4175000|+42.8738056| 7266674|19054020+4252257|4582.3| 0.150| 0.078| 31.293| 3.882|RC      | 0.9998| 1.095| 0.079|10.989| 0.024| 2.395| 0.010| 1.16e-03| 0.008| 3.743| 0.073|                |  1|KCat|Sloan|Simbad|286.41750|+42.87381
286.6114167|+42.8027500| 7267119|19062674+4248099|4640.9|-0.203| 0.180| 85.071| 8.269|RGB     | 1.0326| 0.957| 0.037| 6.212| 0.013| 2.832| 0.007| 5.63e-03| 0.007| 4.056| 0.000|                |  0|KCat|Sloan|Simbad|286.61142|+42.80275
286.7158333|+42.8811667| 7267370|19065180+4252522|4859.6|-0.052| 0.034| 42.719| 4.637|RC      | 0.9970| 1.511| 0.073|10.890| 0.021| 2.543| 0.009| 1.65e-03| 0.008| 3.328| 0.108|                |  0|KCat|Sloan|Simbad|286.71583|+42.88117
286.8030417|+42.8054722| 7267593|19071273+4248197|4579.2| 0.052| 0.009| 47.379| 5.075|RGB     | 1.0382| 1.118| 0.041| 9.029| 0.015| 2.575| 0.007| 2.14e-03| 0.007| 3.881| 0.050|                |  1|KCat|Sloan|Simbad|286.80304|+42.80547
287.8451250|+42.8302500| 7270142|19112283+4249489|4601.6| 0.160| 0.021| 53.358| 5.450|RGB     | 1.0357| 1.221| 0.040| 8.880| 0.015| 2.628| 0.007| 2.46e-03| 0.007| 3.777| 0.295|                |  1|KCat|Sloan|Simbad|287.84512|+42.83025
287.9464583|+42.8032222| 7270385|19114715+4248116|4956.4|-0.261| 0.053|111.716| 9.869|RGB     | 1.0235| 1.222| 0.035| 6.025| 0.012| 2.965| 0.007| 7.88e-03| 0.007| 3.644| 0.128|                |  0|KCat|Sloan|Simbad|287.94646|+42.80322
288.4078750|+42.8656389| 7271514|19133789+4251563|4711.0| 0.144| 0.042| 31.273| 3.791|RC      | 1.0061| 1.222| 0.079|11.533| 0.024| 2.401| 0.010| 1.12e-03| 0.008| 3.622| 0.196|                |  0|KCat|Sloan|Simbad|288.40787|+42.86564
288.5296667|+42.8625278| 7271840|19140712+4251451|4881.9| 0.297|-0.008|       |      |REJECT  |       |      |      |      |      |      |      |         |      |      |      |No Seis         |  0|KCat|Sloan|Simbad|288.52967|+42.86253
288.6813333|+42.8123611| 7272257|19144352+4248445|4566.1|-0.182| 0.058| 23.798| 3.023|RGB     | 1.0418| 1.105| 0.043|12.672| 0.016| 2.276| 0.007| 7.66e-04| 0.008| 3.834| 0.143|                |  1|KCat|Sloan|Simbad|288.68133|+42.81236
289.0054167|+42.8849722| 7273176|19160130+4253059|4867.8|-0.283| 0.087| 29.418| 3.937|RC      | 0.9976| 0.950| 0.080|10.400| 0.024| 2.382| 0.010| 1.19e-03| 0.008| 3.800| 0.159|                |  1|KCat|Sloan|Simbad|289.00542|+42.88497
289.0964583|+42.8990278| 7273426|19162315+4253565|4709.0| 0.108| 0.021| 30.722| 3.855|RC      | 0.9900| 1.155| 0.079|11.315| 0.024| 2.393| 0.010| 1.12e-03| 0.008| 3.676| 0.163|                |  1|KCat|Sloan|Simbad|289.09646|+42.89903
289.1820417|+42.8116111| 7273672|19164369+4248418|4458.4| 0.021| 0.016| 20.779| 2.741|RGB     | 1.0452| 1.037| 0.043|13.216| 0.016| 2.212| 0.007| 6.34e-04| 0.008| 3.999| 0.130|                |  1|KCat|Sloan|Simbad|289.18204|+42.81161
289.2813750|+42.8001667| 7273965|19170753+4248006|4403.4| 0.098|-0.020|  9.500| 1.502|RGB     | 1.0462| 1.074| 0.044|19.949| 0.017| 1.869| 0.007| 1.91e-04| 0.008| 3.954| 0.209|                |  0|KCat|Sloan|Simbad|289.28137|+42.80017
291.7090000|+42.8236667| 7281777|19265016+4249252|4669.2| 0.240|-0.028| 36.951| 4.243|RC      | 1.0021| 1.288| 0.076|10.918| 0.022| 2.472| 0.010| 1.40e-03| 0.008| 3.577| 0.169|                |  0|KCat|Sloan|Simbad|291.70900|+42.82367
292.2245000|+42.8475833| 7283405|19285388+4250513|4857.3| 0.005|-0.002| 69.719| 6.292|RGB     | 1.0251| 1.733| 0.039| 9.129| 0.014| 2.756| 0.007| 3.21e-03| 0.007| 3.188| 0.237|                |  0|KCat|Sloan|Simbad|292.22450|+42.84758
292.8420833|+42.8656667| 7285374|19312210+4251564|4792.9| 0.227|-0.019| 50.860| 5.047|RC      | 0.9999| 1.759| 0.069|10.805| 0.019| 2.616| 0.009| 1.97e-03| 0.008| 3.228| 0.322|                |  0|KCat|Sloan|Simbad|292.84208|+42.86567
292.9798750|+42.8366667| 7285830|19315517+4250120|4860.8|-0.111| 0.006| 38.732| 4.411|RC      | 0.9982| 1.370| 0.075|10.886| 0.022| 2.501| 0.010| 1.50e-03| 0.008| 3.426| 0.389|                |  0|KCat|Sloan|Simbad|292.97987|+42.83667
293.2657500|+42.8269444| 7286739|19330378+4249370|4176.0| 0.054| 0.001|  5.124| 0.927|RGB     | 1.0435| 1.086| 0.044|27.681| 0.017| 1.589| 0.007| 7.22e-05| 0.008| 3.919| 0.381|                |  0|KCat|Sloan|Simbad|293.26575|+42.82694
293.7116667|+42.8791667| 7288241|19345080+4252450|4716.6|-0.417| 0.238| 74.333| 7.438|RGB     | 1.0325| 1.000| 0.038| 6.766| 0.014| 2.777| 0.007| 4.55e-03| 0.007| 3.918| 0.124|                |  0|KCat|Sloan|Simbad|293.71167|+42.87917
293.9970417|+42.8128889| 7289277|19355929+4248464|4742.1|-0.248| 0.165| 29.033| 3.879|RC      | 1.0000| 0.923| 0.080|10.386| 0.024| 2.370| 0.010| 1.16e-03| 0.008| 3.831| 0.188|                |  0|KCat|Sloan|Simbad|293.99704|+42.81289
295.1541667|+42.8580278| 7293531|19403700+4251289|4627.2| 0.005| 0.037| 20.292| 2.691|AMB     | 1.0251| 1.192| 0.116|14.196| 0.074| 2.209| 0.010| 5.87e-04| 0.010| 3.712| 0.377|                |  0|KCat|Sloan|Simbad|295.15417|+42.85803
295.1747500|+42.8351944| 7293609|19404194+4250067|4855.9|-0.095| 0.023| 32.304| 3.669|RC      | 1.0066| 1.603| 0.078|12.902| 0.023| 2.422| 0.010| 1.05e-03| 0.008| 3.247| 0.443|                |  0|KCat|Sloan|Simbad|295.17475|+42.83519
295.4447917|+42.8117778| 7294715|19414675+4248424|4850.7| 0.000|-0.005| 43.568| 4.645|RC      | 0.9955| 1.598| 0.073|11.094| 0.021| 2.551| 0.009| 1.65e-03| 0.008| 3.269| 0.412|                |  0|KCat|Sloan|Simbad|295.44479|+42.81178
295.6964583|+42.8575833| 7295725|19424715+4251273|4856.6| 0.072|-0.018| 87.150| 7.584|RGB     | 1.0255| 1.601| 0.037| 7.848| 0.013| 2.853| 0.007| 4.67e-03| 0.007| 3.333| 0.269|                |  0|KCat|Sloan|Simbad|295.69646|+42.85758
296.2375833|+42.8060000| 7297940|19445702+4248216|5008.4| 0.054| 0.008|101.652| 8.104|RC(S)   | 0.9926| 2.325| 0.047| 8.690| 0.009| 2.926| 0.007| 5.00e-03| 0.008| 2.928| 0.501|                |  0|KCat|Sloan|Simbad|296.23758|+42.80600
296.2616667|+42.8975556| 7298034|19450280+4253512|4857.0| 0.143|-0.007|119.539| 9.674|RGB     | 1.0221| 1.582| 0.034| 6.660| 0.012| 2.990| 0.007| 7.55e-03| 0.007| 3.370| 0.537|                |  0|KCat|Sloan|Simbad|296.26167|+42.89756
296.7612500|+42.8026111| 7300075|19470270+4248094|4969.0| 0.105|-0.038| 56.824| 4.911|RC(S)   | 1.0000| 2.888| 0.067|12.980| 0.018| 2.672| 0.009| 1.86e-03| 0.008| 2.649| 0.327|                |  0|KCat|Sloan|Simbad|296.76125|+42.80261
297.2154167|+42.8464167| 7302117|19485170+4250471|5029.5|-0.034| 0.016|214.214|15.477|RGB     | 1.0168| 1.495| 0.028| 4.795| 0.009| 3.251| 0.007| 1.91e-02| 0.006| 3.396| 0.267|                |  0|KCat|Sloan|Simbad|297.21542|+42.84642
297.4468750|+42.8826944| 7303187|19494725+4252577|4502.4| 0.323| 0.067| 26.024| 3.318|RC      | 1.0220| 1.053| 0.081|11.871| 0.025| 2.311| 0.010| 8.88e-04| 0.008| 3.808| 0.487|                |  0|KCat|Sloan|Simbad|297.44687|+42.88269
297.8910000|+42.8637222| 7305252|19513384+4251494|4620.6| 0.109| 0.044| 55.118| 5.686|RGB     | 1.0364| 1.140| 0.040| 8.433| 0.015| 2.643| 0.007| 2.68e-03| 0.007| 3.869| 0.302|                |  0|KCat|Sloan|Simbad|297.89100|+42.86372
282.1463333|+42.9310278| 7337994|18483512+4255517|4788.7|-0.397| 0.237| 28.736| 3.932|RC      | 0.9940| 0.881| 0.080|10.176| 0.024| 2.368| 0.010| 1.18e-03| 0.008| 3.848| 0.046|                |  0|KCat|Sloan|Simbad|282.14633|+42.93103
285.4009583|+42.9614444| 7345128|19013623+4257412|4754.1|-0.006| 0.037| 99.117| 9.091|RGB     | 1.0289| 1.090| 0.036| 6.105| 0.013| 2.904| 0.007| 6.75e-03| 0.007| 3.893| 0.199|                |  0|KCat|Sloan|Simbad|285.40096|+42.96144
285.4273750|+42.9219444| 7345186|19014257+4255190|4574.7| 0.424| 0.012| 34.975| 4.090|RC      | 1.0048| 1.214| 0.077|10.949| 0.023| 2.443| 0.010| 1.30e-03| 0.008| 3.670| 0.367|                |  1|KCat|Sloan|Simbad|285.42737|+42.92194
285.4385833|+42.9940556| 7345204|19014526+4259386|4608.8| 0.147| 0.025|       |      |RGB(S)  |       |      |      |      |      |      |      |         |      |      | 0.030|No Seis         |  0|KCat|Sloan|Simbad|285.43858|+42.99406
285.4892917|+42.9636389| 7345308|19015743+4257491|4815.4|-0.059| 0.006| 36.274| 4.229|RC      | 0.9994| 1.307| 0.076|11.015| 0.022| 2.470| 0.010| 1.38e-03| 0.008| 3.504| 0.228|                |  0|KCat|Sloan|Simbad|285.48929|+42.96364
285.9698333|+42.9261111| 7346365|19035276+4255340|4667.2| 0.110| 0.005| 51.887| 5.296|RGB     | 1.0346| 1.292| 0.040| 9.228| 0.015| 2.619| 0.007| 2.32e-03| 0.007| 3.679| 0.194|                |  1|KCat|Sloan|Simbad|285.96983|+42.92611
286.0087917|+42.9983333| 7346442|19040211+4259540|4699.5|-0.168| 0.060| 48.401| 5.212|RGB     | 1.0366| 1.121| 0.040| 8.884| 0.015| 2.590| 0.007| 2.25e-03| 0.007| 3.813| 0.086|                |  1|KCat|Sloan|Simbad|286.00879|+42.99833
286.1135000|+42.9668333| 7346684|19042724+4258006|4530.2|-0.068| 0.027| 26.830| 3.347|RGB     | 1.0430| 1.037| 0.042|11.584| 0.016| 2.326| 0.007| 9.41e-04| 0.008| 3.966| 0.137|                |  0|KCat|Sloan|Simbad|286.11350|+42.96683
286.3369167|+42.9103333| 7347189|19052086+4254372|4762.8|-0.031| 0.039| 41.340| 4.071|RGB     | 1.0238| 2.013| 0.041|12.840| 0.015| 2.525| 0.007| 1.34e-03| 0.007| 2.993| 0.118|                |  1|KCat|Sloan|Simbad|286.33692|+42.91033
286.3377083|+42.9648889| 7347195|19052105+4257536|4401.7| 0.177| 0.065| 29.254| 3.519|RGB     | 1.0437| 1.051| 0.042|11.247| 0.016| 2.357| 0.007| 1.04e-03| 0.008| 4.020| 0.103|                |  1|KCat|Sloan|Simbad|286.33771|+42.96489
286.8266250|+42.9768056| 7348314|19071839+4258365|4703.0| 0.114| 0.024| 83.731| 7.832|RGB     | 1.0314| 1.163| 0.037| 6.879| 0.013| 2.828| 0.007| 5.04e-03| 0.007| 3.837| 0.112|                |  1|KCat|Sloan|Simbad|286.82662|+42.97681
286.8689167|+42.9009167| 7348442|19072854+4254033|4627.9| 0.253| 0.018| 32.506| 3.882|RC      | 1.0051| 1.220| 0.078|11.355| 0.023| 2.414| 0.010| 1.17e-03| 0.008| 3.649| 0.159|                |  0|KCat|Sloan|Simbad|286.86892|+42.90092
287.1590833|+42.9239444| 7349134|19083818+4255262|4578.2| 0.330| 0.018| 62.149| 6.103|RGB     | 1.0352| 1.220| 0.039| 8.234| 0.014| 2.693| 0.007| 3.08e-03| 0.007| 3.822| 0.239|                |  0|KCat|Sloan|Simbad|287.15908|+42.92394
287.2581667|+42.9190833| 7349386|19090196+4255087|4587.1| 0.228| 0.049| 27.386| 3.802|RC      | 1.0026| 0.790| 0.080| 9.975| 0.025| 2.338| 0.010| 1.12e-03| 0.008| 4.054| 0.088|                |  1|KCat|Sloan|Simbad|287.25817|+42.91908
287.8601667|+42.9114167| 7350897|19112644+4254411|5073.2|-0.288| 0.053|129.833|11.120|RGB     | 1.0212| 1.243| 0.034| 5.605| 0.012| 3.035| 0.007| 9.96e-03| 0.007| 3.617| 0.197|                |  0|KCat|Sloan|Simbad|287.86017|+42.91142
287.8847500|+42.9495556| 7350968|19113234+4256584|4384.9| 0.067| 0.012| 14.307| 2.056|RGB     | 1.0468| 1.036| 0.043|15.985| 0.016| 2.046| 0.007| 3.58e-04| 0.008| 4.001| 0.165|                |  0|KCat|Sloan|Simbad|287.88475|+42.94956
287.9383333|+42.9211667| 7351098|19114520+4255162|4916.4| 0.315|-0.003|114.657| 8.799|RC      | 1.0040| 2.230| 0.047| 8.051| 0.009| 2.975| 0.007| 6.03e-03| 0.008| 2.968| 0.130|                |  1|KCat|Sloan|Simbad|287.93833|+42.92117
288.2712500|+42.9416944| 7351928|19130510+4256301|3966.7|-0.423| 0.233|  2.027| 0.460|RGB     | 1.0300| 1.075| 0.045|44.364| 0.017| 1.175| 0.007| 1.73e-05| 0.008| 3.786| 0.158|                |  0|KCat|Sloan|Simbad|288.27125|+42.94169
288.4609167|+42.9360000| 7352442|19135062+4256096|4611.0| 0.035| 0.108| 68.667| 6.822|RGB     | 1.0354| 1.065| 0.039| 7.304| 0.014| 2.738| 0.007| 3.85e-03| 0.007| 3.958| 0.130|                |  0|KCat|Sloan|Simbad|288.46092|+42.93600
288.5696667|+42.9106944| 7352718|19141672+4254385|4721.2| 0.108| 0.024| 34.575| 3.902|RC      | 1.0071| 1.470| 0.077|12.023| 0.023| 2.445| 0.010| 1.19e-03| 0.008| 3.397| 0.160|                |  1|KCat|Sloan|Simbad|288.56967|+42.91069
289.1375417|+42.9980833| 7354299|19163301+4259531|4262.0|-0.285| 0.195|  8.273| 1.458|RGB     | 1.0236| 0.831| 0.044|18.961| 0.017| 1.802| 0.007| 1.72e-04| 0.008| 4.222| 0.161|Ageold, SeisUnc |  0|KCat|Sloan|Simbad|289.13754|+42.99808
289.1962500|+42.9407222| 7354460|19164710+4256266|4553.6|-0.264| 0.048| 16.228| 2.121|RGB     | 1.0354| 1.477| 0.043|17.755| 0.016| 2.109| 0.007| 3.72e-04| 0.008| 3.375| 0.189|                |  0|KCat|Sloan|Simbad|289.19625|+42.94072
291.9551250|+42.9080556| 7363339|19274923+4254290|4672.2| 0.257| 0.006| 37.055| 4.239|RC      | 1.0022| 1.304| 0.076|10.969| 0.022| 2.473| 0.010| 1.39e-03| 0.008| 3.566| 0.171|                |  0|KCat|Sloan|Simbad|291.95512|+42.90806
291.9620000|+42.9548333| 7363357|19275088+4257174|4863.7| 0.059| 0.003| 42.598| 4.454|RC      | 1.0074| 1.692| 0.073|11.536| 0.021| 2.542| 0.009| 1.55e-03| 0.008| 3.232| 0.239|                |  0|KCat|Sloan|Simbad|291.96200|+42.95483
292.2541250|+42.9016111| 7364232|19290099+4254058|4689.7|-0.260| 0.067| 52.283| 5.618|RGB     | 1.0374| 1.040| 0.040| 8.239| 0.015| 2.623| 0.007| 2.62e-03| 0.007| 3.893| 0.082|                |  0|KCat|Sloan|Simbad|292.25412|+42.90161
292.6961667|+42.9464444| 7365701|19304708+4256472|4973.4|-0.361| 0.052| 31.932| 4.042|RC      | 0.9968| 1.133| 0.078|10.844| 0.023| 2.422| 0.010| 1.25e-03| 0.008| 3.595| 0.204|                |  0|KCat|Sloan|Simbad|292.69617|+42.94644
292.8920417|+42.9234722| 7366321|19313409+4255245|4908.9|-0.125| 0.044| 43.281| 4.595|RC      | 1.0002| 1.634| 0.073|11.223| 0.021| 2.551| 0.009| 1.63e-03| 0.008| 3.223| 0.271|                |  0|KCat|Sloan|Simbad|292.89204|+42.92347
293.0468750|+42.9818056| 7366820|19321125+4258545|4827.0|-0.038|-0.006| 36.245| 4.160|RC      | 0.9965| 1.414| 0.076|11.454| 0.022| 2.470| 0.010| 1.33e-03| 0.008| 3.414| 0.296|                |  0|KCat|Sloan|Simbad|293.04687|+42.98181
293.1050833|+42.9428611| 7367035|19322522+4256343|4803.3|-0.252| 0.063| 52.181| 5.643|RGB     | 1.0370| 1.054| 0.040| 8.254| 0.015| 2.628| 0.007| 2.64e-03| 0.007| 3.872| 0.314|                |  0|KCat|Sloan|Simbad|293.10508|+42.94286
293.1758333|+42.9478333| 7367289|19324220+4256522|4439.5|-1.058| 0.271|  5.674| 1.073|RGB     | 1.0382| 0.918| 0.044|23.824| 0.017| 1.647| 0.007| 9.58e-05| 0.008| 3.891| 0.232|                |  0|KCat|Sloan|Simbad|293.17583|+42.94783
293.2112083|+42.9895278| 7367400|19325069+4259223|5042.0| 0.061|-0.018|102.379| 8.214|RC      | 0.9926| 2.273| 0.047| 8.547| 0.009| 2.931| 0.007| 5.13e-03| 0.008| 2.959| 0.072|                |  0|KCat|Sloan|Simbad|293.21121|+42.98953
293.3852500|+42.9258056| 7368013|19333246+4255329|4793.2| 0.067|-0.014| 87.982| 7.869|RGB     | 1.0276| 1.382| 0.037| 7.282| 0.013| 2.854| 0.007| 5.05e-03| 0.007| 3.559| 0.239|                |  0|KCat|Sloan|Simbad|293.38525|+42.92581
293.5618333|+42.9414444| 7368584|19341484+4256292|4987.4|-0.142|-0.012| 51.857| 5.241|RGB     | 1.0304| 1.510| 0.040| 9.815| 0.015| 2.633| 0.007| 2.25e-03| 0.007| 3.369| 0.173|                |  0|KCat|Sloan|Simbad|293.56183|+42.94144
293.5652917|+42.9595278| 7368594|19341567+4257343|4816.0| 0.026| 0.013| 36.573| 4.213|RC      | 0.9937| 1.391| 0.076|11.318| 0.022| 2.474| 0.010| 1.35e-03| 0.008| 3.450| 0.345|                |  0|KCat|Sloan|Simbad|293.56529|+42.95953
293.6152083|+42.9287500| 7368754|19342765+4255435|4703.3| 0.230| 0.027| 35.835| 4.051|RC      | 1.0017| 1.431| 0.076|11.666| 0.023| 2.460| 0.010| 1.27e-03| 0.008| 3.455| 0.273|                |  0|KCat|Sloan|Simbad|293.61521|+42.92875
293.7970833|+42.9804444| 7369386|19351130+4258496|4831.7|-0.136| 0.028| 33.230| 4.178|RC      | 0.9989| 1.062| 0.078|10.364| 0.023| 2.433| 0.010| 1.34e-03| 0.008| 3.705| 0.271|                |  0|KCat|Sloan|Simbad|293.79708|+42.98044
295.2890417|+42.9783611| 7374869|19410937+4258421|4888.3| 0.034|-0.022|145.686|11.546|RGB     | 1.0202| 1.435| 0.032| 5.738| 0.011| 3.077| 0.007| 1.07e-02| 0.007| 3.495| 0.170|                |  0|KCat|Sloan|Simbad|295.28904|+42.97836
295.3585000|+42.9010833| 7375177|19412604+4254039|5073.4|-0.203| 0.009| 71.410| 6.132|RGB     | 1.0062| 2.374| 0.038|10.443| 0.014| 2.776| 0.007| 2.94e-03| 0.007| 2.753| 0.484|                |  0|KCat|Sloan|Simbad|295.35850|+42.90108
295.3761250|+42.9420556| 7375225|19413027+4256314|4809.9| 0.176|-0.003|135.754|10.888|RGB     | 1.0221| 1.422| 0.033| 5.942| 0.012| 3.043| 0.007| 9.56e-03| 0.007| 3.542| 0.452|                |  0|KCat|Sloan|Simbad|295.37612|+42.94206
295.6265000|+42.9508611| 7376259|19423036+4257031|4795.2| 0.081| 0.021|105.612| 9.370|RGB     | 1.0273| 1.191| 0.036| 6.170| 0.013| 2.934| 0.007| 7.15e-03| 0.007| 3.788| 0.429|                |  0|KCat|Sloan|Simbad|295.62650|+42.95086
295.7379583|+42.9936389| 7376659|19425711+4259371|4768.5| 0.025| 0.042|112.656|10.072|RGB     | 1.0275| 1.073| 0.035| 5.677| 0.012| 2.960| 0.007| 8.27e-03| 0.007| 3.945| 0.151|                |  0|KCat|Sloan|Simbad|295.73796|+42.99364
296.1685000|+42.9201944| 7378357|19444044+4255127|4562.4|-0.482| 0.105|  7.500| 1.426|RGB     | 1.0188| 0.762| 0.044|18.748| 0.017| 1.774| 0.007| 1.63e-04| 0.008| 4.235| 0.421|Ageold          |  0|KCat|Sloan|Simbad|296.16850|+42.92019
296.1902500|+42.9052500| 7378432|19444566+4254189|4969.8|-0.083| 0.034|136.638|11.000|RGB     | 1.0200| 1.475| 0.033| 5.981| 0.011| 3.053| 0.007| 9.72e-03| 0.007| 3.422| 0.451|                |  0|KCat|Sloan|Simbad|296.19025|+42.90525
296.3499583|+42.9479167| 7379100|19452399+4256525|4724.9| 0.230| 0.003| 37.847| 4.322|RC      | 1.0024| 1.307| 0.076|10.836| 0.022| 2.485| 0.010| 1.45e-03| 0.008| 3.558| 0.659|                |  0|KCat|Sloan|Simbad|296.34996|+42.94792
296.9395417|+42.9603056| 7381710|19474549+4257371|5031.7|-0.064| 0.000| 88.562| 7.443|RC      | 0.9953| 2.153| 0.052| 8.949| 0.011| 2.867| 0.008| 4.24e-03| 0.008| 3.005| 0.171|                |  0|KCat|Sloan|Simbad|296.93954|+42.96031
297.0882917|+42.9558611| 7382407|19482119+4257211|4710.7|-0.014| 0.006| 44.443| 4.748|RGB     | 1.0354| 1.270| 0.041| 9.864| 0.015| 2.554| 0.007| 1.87e-03| 0.007| 3.655| 0.240|                |  0|KCat|Sloan|Simbad|297.08829|+42.95586
297.1935417|+42.9703611| 7382908|19484645+4258133|4858.1|-0.221| 0.082| 80.568| 7.693|RGB     | 1.0296| 1.176| 0.038| 6.997| 0.014| 2.819| 0.007| 4.84e-03| 0.007| 3.703| 0.674|                |  0|KCat|Sloan|Simbad|297.19354|+42.97036
297.5465417|+42.9769722| 7384523|19501117+4258371|4713.2| 0.169| 0.009| 35.323| 4.094|RC      | 1.0008| 1.323| 0.077|11.291| 0.023| 2.454| 0.010| 1.30e-03| 0.008| 3.536| 0.611|                |  0|KCat|Sloan|Simbad|297.54654|+42.97697
297.6355000|+42.9135000| 7384966|19503252+4254486|5123.7|-0.088|-0.046|104.622| 8.383|RC(S)   | 0.9946| 2.272| 0.047| 8.421| 0.009| 2.944| 0.007| 5.37e-03| 0.008| 2.894| 0.513|                |  0|KCat|Sloan|Simbad|297.63550|+42.91350
297.7942500|+42.9650000| 7385745|19511062+4257540|4561.5| 0.278| 0.023| 58.267| 5.881|RGB     | 1.0365| 1.154| 0.040| 8.277| 0.015| 2.664| 0.007| 2.87e-03| 0.007| 3.897| 0.452|                |  0|KCat|Sloan|Simbad|297.79425|+42.96500
281.0281250|+43.0370556| 7417186|18440675+4302134|4659.9|-0.464| 0.234| 50.757| 5.612|RGB     | 1.0380| 0.944| 0.040| 7.981| 0.015| 2.609| 0.007| 2.62e-03| 0.007| 3.975| 0.000|                |  0|KCat|Sloan|Simbad|281.02812|+43.03706
282.4911250|+43.0612778| 7420223|18495787+4303406|4801.9| 0.029| 0.017| 35.415| 4.177|RC      | 1.0000| 1.270| 0.077|10.995| 0.023| 2.459| 0.010| 1.35e-03| 0.008| 3.559| 0.239|                |  0|KCat|Sloan|Simbad|282.49112|+43.06128
282.9008750|+43.0731389| 7421138|18513621+4304233|4879.5|-0.192| 0.052| 35.104| 4.240|RC      | 0.9931| 1.226| 0.077|10.809| 0.023| 2.459| 0.010| 1.37e-03| 0.008| 3.535| 0.192|                |  0|KCat|Sloan|Simbad|282.90087|+43.07314
285.9429583|+43.0726667| 7428217|19034631+4304216|4561.1|-0.085| 0.165| 53.324| 5.667|RGB     | 1.0377| 1.021| 0.040| 8.139| 0.015| 2.626| 0.007| 2.67e-03| 0.007| 3.990| 0.026|                |  0|KCat|Sloan|Simbad|285.94296|+43.07267
286.0246250|+43.0286389| 7428418|19040591+4301431|4805.1| 0.024| 0.001| 35.944| 4.162|RC      | 0.9973| 1.362| 0.076|11.303| 0.023| 2.466| 0.010| 1.33e-03| 0.008| 3.475| 0.149|                |  1|KCat|Sloan|Simbad|286.02462|+43.02864
286.1245833|+43.0790000| 7428624|19042990+4304444|4310.3| 0.233| 0.023| 19.221| 2.514|RGB     | 1.0454| 1.102| 0.043|14.283| 0.016| 2.170| 0.007| 5.33e-04| 0.008| 3.957| 0.102|                |  0|KCat|Sloan|Simbad|286.12458|+43.07900
286.2588750|+43.0340556| 7428931|19050213+4302026|4618.1| 0.018| 0.121| 24.759| 3.376|RC      | 1.0107| 0.919| 0.082|11.298| 0.025| 2.295| 0.010| 8.99e-04| 0.008| 3.890| 0.119|                |  0|KCat|Sloan|Simbad|286.25887|+43.03406
286.3045417|+43.0366389| 7429055|19051309+4302119|4539.8| 0.135| 0.072| 60.083| 6.125|RGB     | 1.0369| 1.066| 0.039| 7.844| 0.014| 2.677| 0.007| 3.11e-03| 0.007| 3.986| 0.049|                |  1|KCat|Sloan|Simbad|286.30454|+43.03664
286.7123333|+43.0995556| 7430037|19065096+4305584|4466.4| 0.107| 0.003| 23.729| 2.953|RGB     | 1.0421| 1.162| 0.043|13.088| 0.016| 2.270| 0.007| 7.31e-04| 0.008| 3.837| 0.128|                |  0|KCat|Sloan|Simbad|286.71233|+43.09956
286.7464167|+43.0861944| 7430104|19065914+4305103|5075.1| 0.046|-0.024| 99.457| 8.026|RC      | 0.9920| 2.314| 0.048| 8.736| 0.010| 2.920| 0.007| 4.89e-03| 0.008| 2.938| 0.127|                |  0|KCat|Sloan|Simbad|286.74642|+43.08619
287.0751667|+43.0039722| 7430868|19081804+4300143|4569.3|-0.112| 0.160| 53.793| 5.689|RGB     | 1.0373| 1.036| 0.040| 8.160| 0.015| 2.630| 0.007| 2.69e-03| 0.007| 3.969| 0.047|                |  1|KCat|Sloan|Simbad|287.07517|+43.00397
287.0836250|+43.0778611| 7430892|19082007+4304403|4556.9| 0.351| 0.019| 30.675| 3.602|RC      | 1.0092| 1.330| 0.079|12.250| 0.024| 2.386| 0.010| 1.02e-03| 0.008| 3.564| 0.126|                |  0|KCat|Sloan|Simbad|287.08362|+43.07786
287.3766250|+43.0094722| 7431665|19093039+4300341|4712.5|-0.009|-0.002| 53.694| 5.488|RGB     | 1.0347| 1.259| 0.040| 8.935| 0.015| 2.636| 0.007| 2.49e-03| 0.007| 3.666| 0.127|                |  1|KCat|Sloan|Simbad|287.37662|+43.00947
288.1039167|+43.0474167| 7433485|19122494+4302507|4847.5|-0.059| 0.019| 44.091| 4.608|RC      | 1.0004| 1.674| 0.073|11.289| 0.021| 2.556| 0.009| 1.64e-03| 0.008| 3.220| 0.103|                |  0|KCat|Sloan|Simbad|288.10392|+43.04742
288.2371667|+43.0555833| 7433813|19125692+4303201|4618.4|-0.196| 0.039| 23.900| 2.995|RGB     | 1.0397| 1.191| 0.043|13.090| 0.016| 2.280| 0.007| 7.49e-04| 0.008| 3.709| 0.175|                |  0|KCat|Sloan|Simbad|288.23717|+43.05558
288.4788333|+43.0660278| 7434436|19135492+4303577|4610.8| 0.206| 0.076| 51.767| 5.026|RGB     | 1.0324| 1.566| 0.040|10.204| 0.015| 2.615| 0.007| 2.08e-03| 0.007| 3.413| 0.136|                |  0|KCat|Sloan|Simbad|288.47883|+43.06603
288.7436250|+43.0958333| 7435143|19145847+4305450|4494.7| 0.342| 0.032| 62.512| 6.178|RGB     | 1.0364| 1.145| 0.039| 7.990| 0.014| 2.692| 0.007| 3.16e-03| 0.007| 3.921| 0.211|                |  1|KCat|Sloan|Simbad|288.74362|+43.09583
290.2925000|+43.0581111| 7439931|19211020+4303292|4945.5|-0.057| 0.030|245.313|17.343|RGB     | 1.0166| 1.389| 0.028| 4.338| 0.009| 3.306| 0.007| 2.40e-02| 0.006| 3.506| 0.029|                |  0|KCat|Sloan|Simbad|290.29250|+43.05811
290.4193750|+43.0922222| 7440390|19214065+4305320|4984.2|-0.067| 0.013|170.000|13.092|RGB     | 1.0182| 1.432| 0.030| 5.280| 0.010| 3.149| 0.007| 1.37e-02| 0.006| 3.466| 0.232|                |  0|KCat|Sloan|Simbad|290.41937|+43.09222
290.4427917|+43.0269167| 7440490|19214627+4301369|4819.7|-0.401| 0.189| 32.704| 2.778|RC(S)   |       |      |      |      |      | 2.425| 0.010|         |      |      | 0.164|No Fdnu         |  0|KCat|Sloan|Simbad|290.44279|+43.02692
290.4686667|+43.0511944| 7440589|19215248+4303043|4731.7| 0.215| 0.026| 29.778| 4.287|RC      | 0.9886| 0.696| 0.079| 8.913| 0.024| 2.381| 0.010| 1.39e-03| 0.008| 4.147| 0.233|Ageold          |  0|KCat|Sloan|Simbad|290.46867|+43.05119
291.9753333|+43.0358889| 7445517|19275408+4302092|4725.4| 0.158| 0.042| 64.035| 5.902|RGB     | 1.0290| 1.639| 0.039| 9.327| 0.014| 2.713| 0.007| 2.85e-03| 0.007| 3.327| 0.243|                |  0|KCat|Sloan|Simbad|291.97533|+43.03589
291.9753750|+43.0432778| 7445518|19275409+4302358|4700.4| 0.342| 0.002| 88.010| 7.650|RGB     | 1.0281| 1.501| 0.037| 7.625| 0.013| 2.850| 0.007| 4.78e-03| 0.007| 3.500| 0.200|                |  0|KCat|Sloan|Simbad|291.97537|+43.04328
292.0379167|+43.0010833| 7445698|19280910+4300039|4754.4|-0.045|-0.016| 40.010| 4.153|RGB     | 1.0319| 1.627| 0.041|11.739| 0.015| 2.510| 0.007| 1.42e-03| 0.007| 3.292| 0.321|                |  0|KCat|Sloan|Simbad|292.03792|+43.00108
292.1285000|+43.0878056| 7446011|19283084+4305161|4859.8| 0.251| 0.000|120.675| 9.218|RGB(S)  | 1.0127| 2.049| 0.034| 7.545| 0.012| 2.994| 0.007| 6.73e-03| 0.007| 3.035| 0.302|                |  0|KCat|Sloan|Simbad|292.12850|+43.08781
292.2194583|+43.0563889| 7446296|19285267+4303230|4849.5|-0.332| 0.056| 68.311| 6.696|RGB     | 1.0297| 1.246| 0.039| 7.822| 0.014| 2.747| 0.007| 3.67e-03| 0.007| 3.586| 0.315|                |  0|KCat|Sloan|Simbad|292.21946|+43.05639
292.3069583|+43.0270000| 7446560|19291367+4301372|4349.0|-0.319| 0.171| 12.427| 1.849|RGB     | 1.0450| 1.032| 0.044|17.152| 0.016| 1.983| 0.007| 2.88e-04| 0.008| 3.902| 0.238|                |  0|KCat|Sloan|Simbad|292.30696|+43.02700
292.3313333|+43.0804722| 7446648|19291952+4304497|4829.5| 0.112| 0.005|145.418|11.953|RGB     | 1.0224| 1.210| 0.032| 5.289| 0.011| 3.074| 0.007| 1.15e-02| 0.007| 3.771| 0.314|                |  0|KCat|Sloan|Simbad|292.33133|+43.08047
292.7644167|+43.0941111| 7448051|19310346+4305388|4513.0| 0.072| 0.028| 33.353| 3.814|RGB     | 1.0391| 1.192| 0.042|11.149| 0.016| 2.420| 0.007| 1.21e-03| 0.007| 3.788| 0.159|                |  0|KCat|Sloan|Simbad|292.76442|+43.09411
292.8495417|+43.0554167| 7448329|19312389+4303195|4997.6|-0.166| 0.069| 38.145| 4.070|RC      | 1.0003| 1.866| 0.075|12.717| 0.022| 2.500| 0.010| 1.28e-03| 0.008| 3.106| 0.285|                |  0|KCat|Sloan|Simbad|292.84954|+43.05542
292.9677917|+43.0270556| 7448746|19315227+4301374|4349.6|-0.189| 0.030|  5.986| 1.104|RGB     | 1.0489| 0.893| 0.044|22.995| 0.017| 1.666| 0.007| 1.04e-04| 0.008| 4.151| 0.243|Ageold          |  0|KCat|Sloan|Simbad|292.96779|+43.02706
293.0867917|+43.0365278| 7449159|19322083+4302115|4802.0| 0.144|-0.018| 78.177| 7.120|RGB     | 1.0288| 1.444| 0.038| 7.891| 0.014| 2.803| 0.007| 4.14e-03| 0.007| 3.515| 0.303|                |  0|KCat|Sloan|Simbad|293.08679|+43.03653
293.3916250|+43.0360000| 7450230|19333399+4302096|4790.5|-0.050| 0.067|214.909|16.824|RGB     | 1.0171| 1.003| 0.028| 3.970| 0.009| 3.242| 0.007| 2.26e-02| 0.006| 4.012| 0.000|                |  0|KCat|Sloan|Simbad|293.39162|+43.03600
295.2783750|+43.0515556| 7457184|19410681+4303056|4778.3| 0.342| 0.007| 67.188| 5.906|RGB     | 1.0219| 1.974| 0.039| 9.966| 0.014| 2.736| 0.007| 2.81e-03| 0.007| 3.100| 0.439|                |  0|KCat|Sloan|Simbad|295.27837|+43.05156
295.4967500|+43.0639722| 7458106|19415922+4303503|4682.5|-0.052| 0.026| 44.009| 4.650|RGB     | 1.0345| 1.334| 0.041|10.173| 0.015| 2.548| 0.007| 1.79e-03| 0.007| 3.586| 0.528|                |  0|KCat|Sloan|Simbad|295.49675|+43.06397
295.7494167|+43.0452500| 7459180|19425986+4302429|5029.3| 0.064|-0.029| 79.001| 6.676|RC      | 1.0024| 2.292| 0.057| 9.777| 0.013| 2.818| 0.008| 3.46e-03| 0.008| 2.962| 0.658|                |  0|KCat|Sloan|Simbad|295.74942|+43.04525
296.0450833|+43.0733611| 7460447|19441082+4304241|4976.8|-0.181| 0.015| 45.482| 4.822|RC      | 0.9970| 1.617| 0.072|10.853| 0.020| 2.576| 0.009| 1.78e-03| 0.008| 3.229| 0.497|                |  0|KCat|Sloan|Simbad|296.04508|+43.07336
296.3532500|+43.0299444| 7461851|19452478+4301478|4556.8|-0.033|-0.006| 26.322| 3.220|RGB     | 1.0405| 1.164| 0.042|12.371| 0.016| 2.319| 0.007| 8.67e-04| 0.008| 3.787| 0.513|                |  0|KCat|Sloan|Simbad|296.35325|+43.02994
296.5575833|+43.0846944| 7462845|19461382+4305049|4620.0| 0.213| 0.004| 48.111| 4.853|RGB(S)  | 1.0339| 1.443| 0.040|10.154| 0.015| 2.584| 0.007| 1.94e-03| 0.007| 3.542| 0.297|                |  0|KCat|Sloan|Simbad|296.55758|+43.08469
296.8582083|+43.0752778| 7464220|19472597+4304310|4933.3| 0.075| 0.007|106.565| 8.677|RGB     | 1.0197| 1.789| 0.036| 7.474| 0.013| 2.944| 0.007| 6.04e-03| 0.007| 3.170| 0.704|                |  0|KCat|Sloan|Simbad|296.85821|+43.07528
296.9474167|+43.0418056| 7464664|19474738+4302305|4359.5|-0.107| 0.029|  5.549| 1.191|RGB     |       |      |      |      |      | 1.633| 0.007|         |      |      | 0.731|No Fdnu, SeisUnc|  0|KCat|Sloan|Simbad|296.94742|+43.04181
297.0648333|+43.0808056| 7465221|19481556+4304509|4765.6| 0.167| 0.010| 39.089| 4.258|RC      | 1.0007| 1.558| 0.075|11.615| 0.022| 2.501| 0.010| 1.40e-03| 0.008| 3.341| 0.519|                |  0|KCat|Sloan|Simbad|297.06483|+43.08081
297.1185417|+43.0494444| 7465477|19482845+4302580|4904.9|-0.135| 0.022|109.435| 9.413|RGB     | 1.0235| 1.366| 0.035| 6.454| 0.012| 2.954| 0.007| 7.17e-03| 0.007| 3.512| 0.261|                |  0|KCat|Sloan|Simbad|297.11854|+43.04944
297.3507083|+43.0008056| 7466616|19492417+4300029|5023.3| 0.266|-0.005| 75.521| 6.309|RC      | 1.0026| 2.505| 0.058|10.458| 0.014| 2.798| 0.008| 3.09e-03| 0.008| 2.891| 0.743|                |  0|KCat|Sloan|Simbad|297.35071|+43.00081
297.5626250|+43.0973889| 7467630|19501503+4305506|4998.5| 0.138|-0.014| 72.602| 6.070|RC      | 0.9852| 2.765| 0.059|11.220| 0.014| 2.780| 0.008| 2.76e-03| 0.008| 2.730| 0.242|                |  0|KCat|Sloan|Simbad|297.56262|+43.09739
297.7110833|+43.0336111| 7468404|19505066+4302010|5076.9|-0.023|-0.023| 77.928| 6.650|RC      | 1.0011| 2.278| 0.057| 9.792| 0.013| 2.814| 0.008| 3.42e-03| 0.008| 2.955| 0.294|                |  0|KCat|Sloan|Simbad|297.71108|+43.03361
297.8060833|+43.0201111| 7468893|19511346+4301124|4912.9| 0.015|-0.010| 90.479| 7.782|RGB     | 1.0236| 1.656| 0.037| 7.812| 0.013| 2.872| 0.007| 4.90e-03| 0.007| 3.264| 0.353|                |  0|KCat|Sloan|Simbad|297.80608|+43.02011
280.4392500|+43.1471111| 7499531|18414542+4308496|4821.3| 0.091| 0.080| 69.416| 6.126|RGB     | 1.0216| 1.908| 0.039| 9.619| 0.014| 2.752| 0.007| 3.02e-03| 0.007| 3.095| 0.171|                |  0|KCat|Sloan|Simbad|280.43925|+43.14711
280.9013333|+43.1376944| 7500388|18433632+4308157|4655.0|-0.334| 0.216| 40.307| 4.673|RGB     | 1.0402| 0.974| 0.041| 9.098| 0.015| 2.509| 0.007| 1.82e-03| 0.007| 3.990| 0.113|                |  0|KCat|Sloan|Simbad|280.90133|+43.13769
281.5268750|+43.1301389| 7501516|18460645+4307485|4650.6| 0.306| 0.001| 86.497| 7.834|RGB     | 1.0309| 1.262| 0.037| 7.070| 0.013| 2.840| 0.007| 5.04e-03| 0.007| 3.763| 0.128|                |  0|KCat|Sloan|Simbad|281.52687|+43.13014
281.6056250|+43.1865000| 7501667|18462535+4311114|4690.1| 0.252| 0.044|173.239|13.886|RGB     | 1.0217| 1.078| 0.030| 4.607| 0.010| 3.144| 0.007| 1.55e-02| 0.006| 3.992| 0.025|                |  0|KCat|Sloan|Simbad|281.60562|+43.18650
281.6420417|+43.1335000| 7501722|18463409+4308006|4718.0| 0.322|-0.012|129.785|10.967|RGB     | 1.0263| 1.154| 0.034| 5.500| 0.012| 3.019| 0.007| 9.78e-03| 0.007| 3.899| 0.129|                |  0|KCat|Sloan|Simbad|281.64204|+43.13350
281.8541667|+43.1345556| 7502157|18472500+4308044|4801.4|-0.115| 0.026| 65.175| 6.292|RGB     | 1.0303| 1.363| 0.039| 8.398| 0.014| 2.724| 0.007| 3.25e-03| 0.007| 3.519| 0.086|                |  0|KCat|Sloan|Simbad|281.85417|+43.13456
282.7600417|+43.1084167| 7504110|18510241+4306303|4865.5|-0.335| 0.196| 39.199| 4.405|RC      | 0.9937| 1.456| 0.075|11.154| 0.022| 2.506| 0.010| 1.48e-03| 0.008| 3.307| 0.164|                |  0|KCat|Sloan|Simbad|282.76004|+43.10842
283.0341250|+43.1084444| 7504619|18520819+4306304|4857.5| 0.065| 0.001|235.240|17.492|RGB     | 1.0166| 1.152| 0.028| 4.052| 0.009| 3.284| 0.007| 2.44e-02| 0.006| 3.828| 0.123|                |  0|KCat|Sloan|Simbad|283.03412|+43.10844
285.7437917|+43.1202778| 7510604|19025851+4307130|4832.7|-0.037| 0.023| 34.236| 4.195|RC      | 1.0019| 1.129| 0.077|10.530| 0.023| 2.446| 0.010| 1.36e-03| 0.008| 3.662| 0.165|                |  1|KCat|Sloan|Simbad|285.74379|+43.12028
286.9071250|+43.1554722| 7513379|19073771+4309197|4932.5|-0.084|-0.006|110.326| 9.039|RGB     | 1.0200| 1.683| 0.035| 7.124| 0.012| 2.959| 0.007| 6.56e-03| 0.007| 3.212| 0.031|                |  1|KCat|Sloan|Simbad|286.90712|+43.15547
287.0020417|+43.1473056| 7513628|19080049+4308503|4998.2| 0.060|-0.020|       |      |REJECT  |       |      |      |      |      |      |      |         |      |      |      |No Seis         |  0|KCat|Sloan|Simbad|287.00204|+43.14731
287.5963750|+43.1989444| 7515137|19102313+4311562|4547.5| 0.257| 0.046| 67.146| 6.718|RGB     | 1.0366| 1.032| 0.039| 7.297| 0.014| 2.725| 0.007| 3.74e-03| 0.007| 4.066| 0.073|                |  1|KCat|Sloan|Simbad|287.59637|+43.19894
287.6329167|+43.1381389| 7515243|19103190+4308173|4773.8| 0.090|-0.022| 37.038| 3.981|RC      | 1.0115| 1.666| 0.076|12.334| 0.022| 2.477| 0.010| 1.25e-03| 0.008| 3.253| 0.101|                |  0|KCat|Sloan|Simbad|287.63292|+43.13814
287.7437917|+43.1627500| 7515516|19105851+4309459|4982.3| 0.061|-0.010| 93.715| 7.708|RC      | 0.9970| 2.170| 0.050| 8.755| 0.010| 2.890| 0.008| 4.56e-03| 0.008| 3.000| 0.049|                |  1|KCat|Sloan|Simbad|287.74379|+43.16275
287.9940000|+43.1302778| 7516156|19115856+4307490|5010.6|-0.161| 0.015|162.079|12.629|RGB     | 1.0180| 1.445| 0.031| 5.425| 0.011| 3.129| 0.007| 1.28e-02| 0.007| 3.421| 0.087|                |  0|KCat|Sloan|Simbad|287.99400|+43.13028
288.1970417|+43.1915833| 7516687|19124729+4311297|4540.2| 0.004| 0.008| 35.200| 4.097|RGB     | 1.0408| 1.055| 0.042|10.195| 0.016| 2.444| 0.007| 1.40e-03| 0.007| 3.954| 0.031|                |  1|KCat|Sloan|Simbad|288.19704|+43.19158
288.2957083|+43.1824722| 7516929|19131097+4310569|4854.5| 0.333| 0.003|       |      |REJECT  |       |      |      |      |      |      |      |         |      |      |      |No Seis         |  0|KCat|Sloan|Simbad|288.29571|+43.18247
288.7400000|+43.1433056| 7518143|19145760+4308359|4815.3| 0.208|-0.014|156.518|12.327|RGB     | 1.0210| 1.335| 0.032| 5.360| 0.011| 3.105| 0.007| 1.22e-02| 0.007| 3.649| 0.128|                |  1|KCat|Sloan|Simbad|288.74000|+43.14331
288.8064583|+43.1066944| 7518352|19151355+4306241|4906.8|-0.472| 0.050| 76.265| 7.456|RGB     | 1.0284| 1.153| 0.038| 7.101| 0.014| 2.797| 0.007| 4.54e-03| 0.007| 3.675| 0.051|                |  1|KCat|Sloan|Simbad|288.80646|+43.10669
290.0768333|+43.1767500| 7522091|19201844+4310363|4545.8| 0.241| 0.058| 26.753| 3.534|RC      | 1.0060| 0.960| 0.081|11.154| 0.025| 2.326| 0.010| 9.76e-04| 0.008| 3.887| 0.205|                |  0|KCat|Sloan|Simbad|290.07683|+43.17675
290.1370000|+43.1680556| 7522297|19203288+4310050|4793.8|-0.058| 0.009| 32.092| 4.147|RC      | 0.9988| 0.975| 0.078|10.125| 0.023| 2.416| 0.010| 1.32e-03| 0.008| 3.814| 0.150|                |  0|KCat|Sloan|Simbad|290.13700|+43.16806
290.2756667|+43.1958611| 7522765|19210616+4311451|4852.2|-0.331| 0.101| 26.471| 3.638|RC      | 1.0012| 0.931| 0.081|10.864| 0.025| 2.335| 0.010| 1.02e-03| 0.008| 3.803| 0.171|                |  0|KCat|Sloan|Simbad|290.27567|+43.19586
290.4207500|+43.1330278| 7523259|19214098+4307589|5026.1|-0.375| 0.054| 34.378| 4.164|RC      | 0.9914| 1.303| 0.077|11.177| 0.023| 2.456| 0.010| 1.32e-03| 0.008| 3.440| 0.284|                |  0|KCat|Sloan|Simbad|290.42075|+43.13303
290.6354583|+43.1913611| 7523875|19223251+4311289|4840.5|-0.023| 0.001| 86.165| 7.674|RGB     | 1.0263| 1.464| 0.037| 7.554| 0.013| 2.847| 0.007| 4.79e-03| 0.007| 3.441| 0.092|                |  0|KCat|Sloan|Simbad|290.63546|+43.19136
292.2690000|+43.1206111| 7529215|19290456+4307142|4862.3|-0.182| 0.037| 90.096| 8.330|RGB     | 1.0278| 1.207| 0.037| 6.699| 0.013| 2.868| 0.007| 5.66e-03| 0.007| 3.696| 0.118|                |  0|KCat|Sloan|Simbad|292.26900|+43.12061
292.7596667|+43.1338889| 7530849|19310232+4308020|4871.9| 0.030|-0.016|103.177| 8.741|RGB     | 1.0239| 1.522| 0.036| 7.027| 0.013| 2.927| 0.007| 6.18e-03| 0.007| 3.407| 0.228|                |  0|KCat|Sloan|Simbad|292.75967|+43.13389
292.8415833|+43.1781111| 7531119|19312198+4310412|4695.3| 0.031| 0.037| 63.345| 6.344|RGB     | 1.0349| 1.151| 0.039| 7.871| 0.014| 2.707| 0.007| 3.33e-03| 0.007| 3.836| 0.280|                |  0|KCat|Sloan|Simbad|292.84158|+43.17811
292.9024167|+43.1653611| 7531332|19313658+4309553|4884.4|-0.131| 0.016| 89.105| 7.899|RGB     | 1.0251| 1.469| 0.037| 7.424| 0.013| 2.864| 0.007| 5.06e-03| 0.007| 3.405| 0.071|                |  0|KCat|Sloan|Simbad|292.90242|+43.16536
292.9875417|+43.1590556| 7531650|19315701+4309326|4153.2|-0.353| 0.065|  3.385| 0.700|RGB     | 1.0331| 0.994| 0.044|32.635| 0.017| 1.408| 0.007| 4.04e-05| 0.008| 3.910| 0.350|                |  0|KCat|Sloan|Simbad|292.98754|+43.15906
293.0561250|+43.1049167| 7531908|19321347+4306177|4843.2| 0.026| 0.008| 37.364| 4.292|RC      | 0.9961| 1.376| 0.076|11.119| 0.022| 2.484| 0.010| 1.41e-03| 0.008| 3.464| 0.274|                |  0|KCat|Sloan|Simbad|293.05612|+43.10492
293.3259583|+43.1334722| 7532885|19331823+4308005|4824.4| 0.006| 0.006| 36.916| 4.275|RC      | 1.0010| 1.314| 0.076|10.944| 0.022| 2.478| 0.010| 1.41e-03| 0.008| 3.501| 0.272|                |  0|KCat|Sloan|Simbad|293.32596|+43.13347
293.4983333|+43.1007778| 7533496|19335960+4306028|5022.6|-0.165| 0.057| 39.023| 4.349|RC      | 0.9994| 1.549| 0.075|11.441| 0.022| 2.511| 0.010| 1.46e-03| 0.008| 3.281| 0.412|                |  0|KCat|Sloan|Simbad|293.49833|+43.10078
293.5812083|+43.1961944| 7533804|19341949+4311463|4779.3| 0.037|-0.020| 60.298| 5.643|RGB     | 1.0282| 1.671| 0.039| 9.679| 0.014| 2.689| 0.007| 2.60e-03| 0.007| 3.270| 0.053|                |  0|KCat|Sloan|Simbad|293.58121|+43.19619
293.6388333|+43.1056111| 7533995|19343332+4306202|4652.5| 0.111| 0.074|106.357| 9.576|RGB     | 1.0294| 1.057| 0.036| 5.836| 0.013| 2.930| 0.007| 7.50e-03| 0.007| 3.989| 0.027|                |  0|KCat|Sloan|Simbad|293.63883|+43.10561
295.2439583|+43.1960556| 7540130|19405855+4311458|4509.7| 0.001| 0.001| 12.360| 1.637|RGB     | 1.0302| 1.847| 0.044|22.806| 0.016| 1.988| 0.007| 2.20e-04| 0.008| 3.112| 0.583|                |  0|KCat|Sloan|Simbad|295.24396|+43.19606
295.9567500|+43.1676667| 7543102|19434962+4310036|4835.6|-0.130|-0.002| 84.962| 7.771|RGB     | 1.0273| 1.327| 0.037| 7.246| 0.013| 2.841| 0.007| 4.92e-03| 0.007| 3.556| 0.156|                |  0|KCat|Sloan|Simbad|295.95675|+43.16767
296.0831667|+43.1283611| 7543672|19441996+4307421|4644.2|-0.165| 0.031| 18.522| 2.191|RGB     | 1.0263| 2.057| 0.043|19.516| 0.016| 2.171| 0.007| 3.90e-04| 0.008| 2.949| 0.468|                |  0|KCat|Sloan|Simbad|296.08317|+43.12836
296.0883750|+43.1831944| 7543694|19442121+4310595|4692.2|-0.398| 0.181| 51.280| 5.588|RGB     | 1.0373| 1.004| 0.040| 8.173| 0.015| 2.615| 0.007| 2.59e-03| 0.007| 3.913| 0.317|                |  0|KCat|Sloan|Simbad|296.08837|+43.18319
296.6327500|+43.1597778| 7546098|19463186+4309352|4915.7|-0.107| 0.051|159.133|13.076|RGB     | 1.0202| 1.147| 0.031| 4.900| 0.011| 3.117| 0.007| 1.37e-02| 0.007| 3.781| 0.204|                |  0|KCat|Sloan|Simbad|296.63275|+43.15978
297.0397500|+43.1330278| 7547964|19480954+4307589|4773.4|-0.035| 0.041| 56.325| 5.592|RGB     | 1.0321| 1.389| 0.040| 9.132| 0.015| 2.660| 0.007| 2.57e-03| 0.007| 3.522| 0.397|                |  0|KCat|Sloan|Simbad|297.03975|+43.13303
297.3534583|+43.1168611| 7549472|19492483+4307007|4243.5|-0.204| 0.003|  4.221| 0.762|RGB     | 1.0300| 1.432| 0.044|34.891| 0.017| 1.509| 0.007| 4.76e-05| 0.008| 3.417| 0.854|SeisUnc         |  0|KCat|Sloan|Simbad|297.35346|+43.11686
297.5167500|+43.1178611| 7550235|19500402+4307043|5089.5| 0.025|-0.020| 89.563| 7.485|RC      | 0.9974| 2.195| 0.052| 8.960| 0.011| 2.875| 0.008| 4.30e-03| 0.008| 3.013| 0.652|                |  0|KCat|Sloan|Simbad|297.51675|+43.11786
297.6720833|+43.1026389| 7550955|19504130+4306095|4801.1| 0.181| 0.009|108.210| 9.341|RGB     | 1.0264| 1.304| 0.035| 6.375| 0.013| 2.944| 0.007| 7.10e-03| 0.007| 3.680| 0.367|                |  0|KCat|Sloan|Simbad|297.67208|+43.10264
298.0692500|+43.1234167| 7552779|19521662+4307243|4312.7|-0.384| 0.186|  7.181| 1.357|RGB     | 1.0154| 0.762| 0.044|19.427| 0.017| 1.743| 0.007| 1.47e-04| 0.008| 4.227| 0.382|Ageold          |  0|KCat|Sloan|Simbad|298.06925|+43.12342
280.1337083|+43.2870278| 7581214|18403209+4317133|4744.1|-0.275| 0.180| 74.327| 7.391|RGB     | 1.0326| 1.034| 0.038| 6.869| 0.014| 2.779| 0.007| 4.50e-03| 0.007| 3.902| 0.100|                |  0|KCat|Sloan|Simbad|280.13371|+43.28703
280.2624167|+43.2640556| 7581399|18410298+4315506|5079.5| 0.022|-0.015| 82.836| 6.607|RC      | 0.9939| 2.894| 0.055|10.702| 0.012| 2.841| 0.008| 3.33e-03| 0.008| 2.632| 0.150|                |  0|KCat|Sloan|Simbad|280.26242|+43.26406
280.5352500|+43.2525556| 7581822|18420846+4315092|4736.6| 0.192| 0.081|160.179|13.059|RGB     | 1.0224| 1.102| 0.031| 4.833| 0.011| 3.112| 0.007| 1.38e-02| 0.007| 3.944| 0.030|                |  0|KCat|Sloan|Simbad|280.53525|+43.25256
281.9761250|+43.2730833| 7584122|18475427+4316231|4895.1|-0.077| 0.014|       |      |REJECT  |       |      |      |      |      |      |      |         |      |      |      |No Seis         |  0|KCat|Sloan|Simbad|281.97612|+43.27308
282.3892917|+43.2817778| 7584900|18493343+4316544|4830.4| 0.322|-0.003|       |      |REJECT  |       |      |      |      |      |      |      |         |      |      |      |No Seis         |  0|KCat|Sloan|Simbad|282.38929|+43.28178
282.5159583|+43.2680278| 7585122|18500383+4316049|4705.3| 0.239|-0.004| 39.398| 4.400|RC      | 1.0021| 1.366| 0.075|10.868| 0.022| 2.501| 0.010| 1.50e-03| 0.008| 3.506| 0.074|                |  0|KCat|Sloan|Simbad|282.51596|+43.26803
282.7219583|+43.2745556| 7585523|18505327+4316284|4884.7|-0.060| 0.028| 35.808| 3.935|RC      | 1.0100| 1.642| 0.077|12.383| 0.023| 2.468| 0.010| 1.22e-03| 0.008| 3.240| 0.207|                |  0|KCat|Sloan|Simbad|282.72196|+43.27456
283.5067083|+43.2299444| 7587099|18540161+4313478|4849.7| 0.085| 0.024| 36.644| 3.876|RC      | 1.0028| 1.903| 0.076|13.202| 0.022| 2.476| 0.010| 1.17e-03| 0.008| 3.131| 0.172|                |  0|KCat|Sloan|Simbad|283.50671|+43.22994
285.5431667|+43.2122222| 7591311|19021036+4312440|4600.2| 0.280| 0.007| 36.124| 3.666|RGB(S)  | 1.0292| 1.898| 0.042|13.454| 0.015| 2.459| 0.007| 1.10e-03| 0.007| 3.148| 0.199|                |  1|KCat|Sloan|Simbad|285.54317|+43.21222
285.6044167|+43.2570833| 7591451|19022506+4315255|4736.5|-0.002| 0.110|127.442|10.992|RGB     | 1.0253| 1.093| 0.034| 5.397| 0.012| 3.012| 0.007| 9.81e-03| 0.007| 3.914| 0.092|                |  0|KCat|Sloan|Simbad|285.60442|+43.25708
285.6227083|+43.2450833| 7591481|19022945+4314423|4653.9| 0.212| 0.011| 34.041| 4.096|RC      | 1.0032| 1.148| 0.077|10.748| 0.023| 2.435| 0.010| 1.30e-03| 0.008| 3.701| 0.133|                |  1|KCat|Sloan|Simbad|285.62271|+43.24508
285.7013333|+43.2082778| 7591642|19024832+4312298|4730.8|-0.117| 0.134| 28.070| 3.733|RC      | 0.9900| 1.008| 0.080|11.047| 0.024| 2.355| 0.010| 1.06e-03| 0.008| 3.762| 0.078|                |  1|KCat|Sloan|Simbad|285.70133|+43.20828
286.0015000|+43.2628889| 7592262|19040036+4315464|4916.1| 0.005| 0.036|218.248|24.057|RGB     |       |      |      |      |      | 3.254| 0.007|         |      |      | 0.021|No Fdnu         |  1|KCat|Sloan|Simbad|286.00150|+43.26289
286.0459583|+43.2583056| 7592356|19041103+4315299|4810.2|-0.129| 0.046| 31.006| 3.997|RC      | 0.9965| 1.033| 0.079|10.593| 0.024| 2.402| 0.010| 1.23e-03| 0.008| 3.741| 0.106|                |  1|KCat|Sloan|Simbad|286.04596|+43.25831
286.7524167|+43.2343889| 7593843|19070058+4314038|4725.5|-0.029| 0.014| 32.971| 4.091|RC      | 1.0011| 1.082| 0.078|10.560| 0.023| 2.425| 0.010| 1.29e-03| 0.008| 3.708| 0.047|                |  1|KCat|Sloan|Simbad|286.75242|+43.23439
286.9560833|+43.2400278| 7594337|19074946+4314241|4815.4|-0.552| 0.199| 97.046| 9.271|RGB     | 1.0272| 0.971| 0.036| 5.803| 0.013| 2.898| 0.007| 7.00e-03| 0.007| 3.906| 0.000|                |  0|KCat|Sloan|Simbad|286.95608|+43.24003
287.1814583|+43.2996111| 7594865|19084355+4317586|4819.2|-0.182| 0.053| 31.241| 3.833|RC      | 1.0074| 1.200| 0.079|11.371| 0.024| 2.406| 0.010| 1.15e-03| 0.008| 3.568| 0.138|                |  1|KCat|Sloan|Simbad|287.18146|+43.29961
287.2940417|+43.2854444| 7595151|19091057+4317076|4341.6| 0.036| 0.039|       |      |REJECT  |       |      |      |      |      |      |      |         |      |      |      |No Seis         |  0|KCat|Sloan|Simbad|287.29404|+43.28544
287.2944583|+43.2719444| 7595155|19091067+4316190|4514.1| 0.371| 0.020| 29.137| 3.862|RC      | 1.0051| 0.864| 0.080|10.156| 0.024| 2.361| 0.010| 1.16e-03| 0.008| 3.995| 0.103|                |  1|KCat|Sloan|Simbad|287.29446|+43.27194
287.3512500|+43.2506389| 7595285|19092430+4315023|4775.1|-0.036| 0.022| 29.597| 3.802|RC      | 0.9871| 1.128| 0.079|11.351| 0.024| 2.380| 0.010| 1.09e-03| 0.008| 3.668| 0.108|                |  1|KCat|Sloan|Simbad|287.35125|+43.25064
287.4700000|+43.2673333| 7595572|19095280+4316024|4837.7| 0.149| 0.024| 50.463| 4.898|RC      | 1.0084| 1.899| 0.070|11.243| 0.019| 2.615| 0.009| 1.88e-03| 0.008| 3.151| 0.136|                |  0|KCat|Sloan|Simbad|287.47000|+43.26733
287.5280833|+43.2548889| 7595722|19100674+4315176|4912.1| 0.187|-0.023|244.712|17.447|RGB     | 1.0167| 1.332| 0.028| 4.260| 0.009| 3.304| 0.007| 2.43e-02| 0.006| 3.640| 0.167|                |  0|KCat|Sloan|Simbad|287.52808|+43.25489
287.7535833|+43.2954444| 7596219|19110086+4317436|4592.8|-0.697| 0.271| 19.490| 2.721|RGB     | 1.0431| 0.928| 0.043|12.815| 0.016| 2.190| 0.007| 6.22e-04| 0.008| 3.945| 0.031|                |  0|KCat|Sloan|Simbad|287.75358|+43.29544
287.9612083|+43.2414722| 7596701|19115069+4314293|4639.3|-0.149| 0.046| 45.713| 5.053|RGB     | 1.0384| 1.041| 0.041| 8.841| 0.015| 2.563| 0.007| 2.13e-03| 0.007| 3.925| 0.026|                |  1|KCat|Sloan|Simbad|287.96121|+43.24147
288.1065833|+43.2060556| 7597056|19122558+4312218|4595.7| 0.315| 0.005| 33.778| 4.007|RC      | 1.0042| 1.197| 0.077|11.052| 0.023| 2.429| 0.010| 1.25e-03| 0.008| 3.674| 0.151|                |  1|KCat|Sloan|Simbad|288.10658|+43.20606
288.1835833|+43.2443333| 7597230|19124406+4314396|4739.1| 0.161|-0.007| 38.487| 4.221|RC      | 0.9990| 1.538| 0.075|11.648| 0.022| 2.493| 0.010| 1.37e-03| 0.008| 3.355| 0.051|                |  1|KCat|Sloan|Simbad|288.18358|+43.24433
288.6862500|+43.2945278| 7598454|19144470+4317403|4226.4|-0.321| 0.189|  5.746| 1.015|RGB     | 1.0409| 1.095| 0.044|26.167| 0.017| 1.642| 0.007| 8.62e-05| 0.008| 3.807| 0.164|                |  0|KCat|Sloan|Simbad|288.68625|+43.29453
289.8679167|+43.2767500| 7601617|19192830+4316363|4797.4|-0.250| 0.054| 42.282| 4.682|RGB     | 1.0358| 1.187| 0.041| 9.734| 0.015| 2.536| 0.007| 1.82e-03| 0.007| 3.692| 0.242|                |  0|KCat|Sloan|Simbad|289.86792|+43.27675
289.8682500|+43.2561944| 7601618|19192838+4315223|4498.8|-0.131| 0.185| 34.043| 4.016|RGB     | 1.0414| 1.017| 0.042|10.203| 0.016| 2.428| 0.007| 1.35e-03| 0.007| 3.991| 0.102|                |  0|KCat|Sloan|Simbad|289.86825|+43.25619
289.9101250|+43.2461389| 7601720|19193843+4314461|4666.9| 0.104| 0.022| 32.015| 3.935|RC      | 0.9974| 1.153| 0.078|11.100| 0.023| 2.409| 0.010| 1.19e-03| 0.008| 3.677| 0.165|                |  0|KCat|Sloan|Simbad|289.91012|+43.24614
290.1230417|+43.2827778| 7602359|19202953+4316580|4678.1|-0.282| 0.085| 25.327| 3.154|RGB     | 1.0389| 1.179| 0.042|12.611| 0.016| 2.308| 0.007| 8.29e-04| 0.008| 3.702| 0.220|                |  0|KCat|Sloan|Simbad|290.12304|+43.28278
290.2442083|+43.2783611| 7602732|19205861+4316421|4695.7|-0.348| 0.237| 55.742| 5.940|RGB     | 1.0367| 1.013| 0.040| 7.872| 0.015| 2.651| 0.007| 2.93e-03| 0.007| 3.917| 0.199|                |  0|KCat|Sloan|Simbad|290.24421|+43.27836
290.9272500|+43.2387500| 7604896|19234254+4314195|4891.2| 0.031| 0.008| 87.313| 8.938|RGB(S)  | 1.0151| 0.878| 0.037| 5.798| 0.011| 2.855| 0.007| 6.36e-03| 0.007| 4.235| 0.488|Ageold          |  0|KCat|Sloan|Simbad|290.92725|+43.23875
292.6125833|+43.2056111| 7610113|19302702+4312202|4770.7|-0.154| 0.048| 56.932| 5.732|RGB     | 1.0326| 1.295| 0.040| 8.774| 0.015| 2.664| 0.007| 2.71e-03| 0.007| 3.594| 0.264|                |  0|KCat|Sloan|Simbad|292.61258|+43.20561
292.6606667|+43.2834722| 7610274|19303856+4317005|4998.5|-0.156| 0.039|180.253|14.317|RGB     | 1.0180| 1.199| 0.030| 4.689| 0.010| 3.175| 0.007| 1.64e-02| 0.006| 3.700| 0.260|                |  0|KCat|Sloan|Simbad|292.66067|+43.28347
292.7058750|+43.2669444| 7610417|19304941+4316010|4792.0| 0.130| 0.007| 86.802| 7.883|RGB     | 1.0290| 1.310| 0.037| 7.137| 0.013| 2.848| 0.007| 5.08e-03| 0.007| 3.659| 0.105|                |  0|KCat|Sloan|Simbad|292.70587|+43.26694
292.7783750|+43.2036111| 7610636|19310681+4312130|4673.5| 0.077|-0.001| 51.998| 5.243|RGB     | 1.0340| 1.359| 0.040| 9.453| 0.015| 2.620| 0.007| 2.27e-03| 0.007| 3.591| 0.211|                |  0|KCat|Sloan|Simbad|292.77837|+43.20361
292.9139167|+43.2316111| 7611069|19313934+4313538|4845.4| 0.083|-0.007|158.297|12.615|RGB     | 1.0206| 1.273| 0.031| 5.195| 0.011| 3.112| 0.007| 1.28e-02| 0.007| 3.681| 0.069|                |  0|KCat|Sloan|Simbad|292.91392|+43.23161
293.3394583|+43.2143056| 7612438|19332147+4312515|4888.2| 0.055| 0.026| 42.545| 4.321|RC      | 1.0031| 1.950| 0.073|12.377| 0.021| 2.543| 0.009| 1.45e-03| 0.008| 3.102| 0.269|                |  0|KCat|Sloan|Simbad|293.33946|+43.21431
293.4300833|+43.2066111| 7612755|19334322+4312238|4863.3|-0.110| 0.010| 91.357| 8.336|RGB     | 1.0271| 1.258| 0.037| 6.792| 0.013| 2.874| 0.007| 5.66e-03| 0.007| 3.633| 0.223|                |  0|KCat|Sloan|Simbad|293.43008|+43.20661
293.4835833|+43.2569167| 7612916|19335606+4315249|4811.0|-0.238| 0.173| 29.216| 3.887|RC      | 0.9995| 0.955| 0.080|10.493| 0.024| 2.376| 0.010| 1.17e-03| 0.008| 3.796| 0.299|                |  0|KCat|Sloan|Simbad|293.48358|+43.25692
293.5654167|+43.2905000| 7613227|19341570+4317258|5042.1| 0.120| 0.002|223.141|15.468|RGB     | 1.0147| 1.714| 0.028| 5.027| 0.009| 3.269| 0.007| 1.90e-02| 0.006| 3.237| 0.130|                |  0|KCat|Sloan|Simbad|293.56542|+43.29050
294.5077083|+43.2311944| 7616655|19380185+4313523|4599.6|-0.078| 0.077| 44.236| 4.912|RGB     | 1.0396| 1.038| 0.041| 8.992| 0.015| 2.547| 0.007| 2.01e-03| 0.007| 3.960| 0.260|                |  0|KCat|Sloan|Simbad|294.50771|+43.23119
294.6158333|+43.2833889| 7617072|19382780+4317002|4481.1| 0.454|-0.004| 54.112| 5.617|RGB     | 1.0389| 1.072| 0.040| 8.315| 0.015| 2.628| 0.007| 2.63e-03| 0.007| 4.033| 0.413|                |  0|KCat|Sloan|Simbad|294.61583|+43.28339
294.6576667|+43.2049444| 7617227|19383784+4312178|4845.1|-0.201| 0.026| 74.180| 7.233|RGB     | 1.0308| 1.165| 0.038| 7.260| 0.014| 2.782| 0.007| 4.29e-03| 0.007| 3.726| 0.122|                |  0|KCat|Sloan|Simbad|294.65767|+43.20494
294.7013750|+43.2017500| 7617399|19384833+4312063|4717.6| 0.193|-0.015| 71.933| 6.786|RGB     | 1.0318| 1.312| 0.038| 7.877| 0.014| 2.763| 0.007| 3.78e-03| 0.007| 3.676| 0.422|                |  0|KCat|Sloan|Simbad|294.70137|+43.20175
294.9036250|+43.2206111| 7618122|19393687+4313142|4579.9| 0.150| 0.087| 71.660| 6.976|RGB     | 1.0351| 1.097| 0.038| 7.269| 0.014| 2.755| 0.007| 4.03e-03| 0.007| 3.944| 0.112|                |  0|KCat|Sloan|Simbad|294.90362|+43.22061
295.1464167|+43.2940833| 7619034|19403514+4317387|4858.0| 0.093| 0.002| 44.749| 4.730|RC      | 1.0011| 1.578| 0.072|10.874| 0.020| 2.563| 0.009| 1.73e-03| 0.008| 3.301| 0.349|                |  0|KCat|Sloan|Simbad|295.14642|+43.29408
295.3268750|+43.2353333| 7619745|19411845+4314072|4970.3|-0.022| 0.012|169.005|13.079|RGB     | 1.0184| 1.405| 0.031| 5.249| 0.010| 3.145| 0.007| 1.37e-02| 0.006| 3.496| 0.135|                |  0|KCat|Sloan|Simbad|295.32687|+43.23533
295.3827917|+43.2397222| 7619946|19413187+4314230|4808.6|-0.024| 0.097|166.110|13.695|RGB     | 1.0208| 1.046| 0.031| 4.607| 0.010| 3.131| 0.007| 1.51e-02| 0.007| 3.952| 0.260|                |  0|KCat|Sloan|Simbad|295.38279|+43.23972
295.4631250|+43.2398611| 7620272|19415115+4314235|4747.5| 0.286| 0.014| 41.570| 4.424|RC      | 1.0021| 1.590| 0.074|11.389| 0.021| 2.526| 0.010| 1.52e-03| 0.008| 3.341| 0.522|                |  0|KCat|Sloan|Simbad|295.46312|+43.23986
295.5934583|+43.2373889| 7620783|19422243+4314146|5019.6| 0.070|-0.038| 72.078| 6.193|RC      | 1.0085| 2.288| 0.060|10.231| 0.014| 2.778| 0.008| 3.01e-03| 0.008| 2.962| 0.533|                |  0|KCat|Sloan|Simbad|295.59346|+43.23739
295.7917917|+43.2671944| 7621561|19431003+4316019|4669.5| 0.304| 0.030|115.210| 9.990|RGB     | 1.0282| 1.146| 0.035| 5.833| 0.012| 2.966| 0.007| 8.15e-03| 0.007| 3.909| 0.237|                |  0|KCat|Sloan|Simbad|295.79179|+43.26719
295.7985000|+43.2653611| 7621593|19431164+4315553|4868.0|-0.052| 0.006|127.290|10.496|RGB     | 1.0220| 1.383| 0.034| 6.033| 0.012| 3.018| 0.007| 8.88e-03| 0.007| 3.522| 0.363|                |  0|KCat|Sloan|Simbad|295.79850|+43.26536
295.9048333|+43.2836111| 7621979|19433716+4317010|4871.3| 0.087|-0.014| 44.958| 4.700|RC(S)   | 0.9910| 1.716| 0.072|11.305| 0.020| 2.566| 0.009| 1.67e-03| 0.008| 3.224| 0.526|                |  0|KCat|Sloan|Simbad|295.90483|+43.28361
295.9712083|+43.2024722| 7622273|19435309+4312089|4779.2| 0.206| 0.010|119.716|10.000|RGB     | 1.0248| 1.344| 0.034| 6.159| 0.012| 2.987| 0.007| 8.11e-03| 0.007| 3.642| 0.171|                |  0|KCat|Sloan|Simbad|295.97121|+43.20247
295.9800833|+43.2397222| 7622307|19435522+4314230|4888.9| 0.199|-0.025|119.484| 9.512|RGB     | 1.0206| 1.716| 0.034| 6.929| 0.012| 2.991| 0.007| 7.28e-03| 0.007| 3.258| 0.468|                |  0|KCat|Sloan|Simbad|295.98008|+43.23972
296.0664167|+43.2873333| 7622649|19441594+4317144|4872.8|-0.183| 0.048| 59.783| 5.887|RGB     | 1.0303| 1.404| 0.039| 8.865| 0.014| 2.690| 0.007| 2.84e-03| 0.007| 3.474| 0.662|                |  0|KCat|Sloan|Simbad|296.06642|+43.28733
296.1670833|+43.2606111| 7623046|19444010+4315382|5019.8| 0.035|-0.023| 72.737| 6.344|RC      | 1.0097| 2.125| 0.059| 9.817| 0.014| 2.781| 0.008| 3.17e-03| 0.008| 3.041| 0.317|                |  0|KCat|Sloan|Simbad|296.16708|+43.26061
296.7995417|+43.2770556| 7625723|19471189+4316374|4680.6|-0.375| 0.163| 46.896| 5.181|RGB     | 1.0377| 1.034| 0.041| 8.677| 0.015| 2.576| 0.007| 2.23e-03| 0.007| 3.868| 0.453|                |  0|KCat|Sloan|Simbad|296.79954|+43.27706
296.9720833|+43.2266667| 7626457|19475330+4313360|4853.0| 0.209| 0.025|172.757|13.271|RGB     | 1.0194| 1.360| 0.030| 5.139| 0.010| 3.150| 0.007| 1.41e-02| 0.006| 3.620| 0.299|                |  0|KCat|Sloan|Simbad|296.97208|+43.22667
297.6765833|+43.2889444| 7629559|19504238+4317202|4657.2| 0.414|-0.003| 93.438| 8.311|RGB     | 1.0306| 1.260| 0.037| 6.794| 0.013| 2.874| 0.007| 5.66e-03| 0.007| 3.781| 0.500|                |  0|KCat|Sloan|Simbad|297.67658|+43.28894
297.8410417|+43.2145556| 7630302|19512185+4312524|4902.8|-0.036| 0.012|143.186|11.982|RGB     | 1.0216| 1.173| 0.033| 5.230| 0.011| 3.071| 0.007| 1.16e-02| 0.007| 3.769| 0.305|                |  0|KCat|Sloan|Simbad|297.84104|+43.21456
297.9376250|+43.2847778| 7630743|19514503+4317052|4768.7| 0.031| 0.120|171.881|14.064|RGB     | 1.0210| 1.028| 0.030| 4.499| 0.010| 3.144| 0.007| 1.59e-02| 0.006| 4.010| 0.231|                |  0|KCat|Sloan|Simbad|297.93762|+43.28478
298.0503333|+43.2331667| 7631194|19521208+4313594|4997.8|-0.070| 0.006| 59.927| 5.574|RC      | 1.0111| 1.970| 0.065|10.425| 0.017| 2.696| 0.009| 2.45e-03| 0.008| 3.076| 0.703|                |  0|KCat|Sloan|Simbad|298.05033|+43.23317
281.3133750|+43.3496667| 7659773|18451521+4320588|4630.4|-0.560| 0.063|  9.380| 1.623|RGB     | 1.0483| 0.811| 0.044|17.231| 0.017| 1.874| 0.007| 2.23e-04| 0.008| 4.162| 0.074|Ageold          |  0|KCat|Sloan|Simbad|281.31337|+43.34967
282.4194167|+43.3146667| 7661515|18494066+4318528|4730.8| 0.140| 0.039| 32.070| 3.999|RC      | 1.0030| 1.084| 0.078|10.717| 0.023| 2.413| 0.010| 1.24e-03| 0.008| 3.747| 0.228|                |  0|KCat|Sloan|Simbad|282.41942|+43.31467
282.4677500|+43.3451944| 7661609|18495226+4320427|4458.1| 0.176|-0.019| 22.549| 2.707|RGB     | 1.0382| 1.431| 0.043|14.902| 0.016| 2.247| 0.007| 6.10e-04| 0.008| 3.543| 0.197|                |  0|KCat|Sloan|Simbad|282.46775|+43.34519
282.5473333|+43.3156111| 7661720|18501136+4318562|4753.0| 0.217| 0.000| 45.558| 4.622|RC      | 1.0082| 1.718| 0.072|11.306| 0.020| 2.566| 0.009| 1.68e-03| 0.008| 3.252| 0.188|                |  0|KCat|Sloan|Simbad|282.54733|+43.31561
282.7089583|+43.3527500| 7662025|18505015+4321099|4872.5|-0.354| 0.175| 29.313| 4.075|RC      | 0.9896| 0.847| 0.080| 9.833| 0.024| 2.380| 0.010| 1.26e-03| 0.008| 3.897| 0.118|                |  0|KCat|Sloan|Simbad|282.70896|+43.35275
283.3850833|+43.3583611| 7663228|18533242+4321301|4700.3| 0.065| 0.047| 31.706| 3.944|RC      | 1.0003| 1.108| 0.078|10.916| 0.023| 2.407| 0.010| 1.20e-03| 0.008| 3.710| 0.220|                |  0|KCat|Sloan|Simbad|283.38508|+43.35836
283.3899583|+43.3940000| 7663241|18533359+4323384|4681.7|-0.038| 0.039| 23.317| 3.086|RC      | 1.0143| 1.107| 0.082|12.731| 0.025| 2.272| 0.010| 7.56e-04| 0.008| 3.687| 0.193|                |  0|KCat|Sloan|Simbad|283.38996|+43.39400
285.4745417|+43.3333056| 7667124|19015389+4319599|4476.4|-0.148| 0.106| 25.290| 3.179|RGB     | 1.0428| 1.049| 0.042|12.034| 0.016| 2.298| 0.007| 8.48e-04| 0.008| 3.912| 0.096|                |  1|KCat|Sloan|Simbad|285.47454|+43.33331
285.7562500|+43.3054167| 7667657|19030150+4318195|4836.4| 0.034| 0.041| 44.646| 4.409|RC      | 1.0016| 2.059| 0.072|12.447| 0.020| 2.561| 0.009| 1.51e-03| 0.008| 3.059| 0.166|                |  1|KCat|Sloan|Simbad|285.75625|+43.30542
285.8045833|+43.3385556| 7667757|19031310+4320188|4831.4|-0.262| 0.048| 52.478| 5.472|RGB     | 1.0336| 1.240| 0.040| 8.912| 0.015| 2.631| 0.007| 2.47e-03| 0.007| 3.626| 0.230|                |  0|KCat|Sloan|Simbad|285.80458|+43.33856
285.8836250|+43.3462222| 7667900|19033207+4320464|4447.1|-0.374| 0.081|  9.097| 1.446|RGB     | 1.0405| 1.139| 0.044|20.948| 0.017| 1.852| 0.007| 1.75e-04| 0.008| 3.719| 0.193|                |  0|KCat|Sloan|Simbad|285.88362|+43.34622
286.2009167|+43.3283333| 7668520|19044822+4319420|4527.9|-0.106| 0.050| 17.835| 2.316|RGB     | 1.0384| 1.351| 0.043|16.216| 0.016| 2.149| 0.007| 4.47e-04| 0.008| 3.538| 0.164|                |  0|KCat|Sloan|Simbad|286.20092|+43.32833
286.2128333|+43.3592778| 7668536|19045108+4321334|4515.2|-0.057| 0.153| 15.149| 2.356|RGB     | 1.0170| 0.836| 0.043|13.855| 0.016| 2.077| 0.007| 4.43e-04| 0.008| 4.243| 0.070|Ageold          |  0|KCat|Sloan|Simbad|286.21283|+43.35928
286.3465000|+43.3796389| 7668782|19052316+4322467|4466.9|-0.263| 0.073| 14.218| 2.029|RGB     | 1.0423| 1.123| 0.043|16.615| 0.016| 2.047| 0.007| 3.45e-04| 0.008| 3.774| 0.102|                |  1|KCat|Sloan|Simbad|286.34650|+43.37964
286.3465000|+43.3088889| 7668783|19052316+4318320|4465.3|-0.679| 0.257|  4.805| 1.015|RGB     | 1.0222| 0.748| 0.044|23.334| 0.017| 1.576| 0.007| 8.31e-05| 0.008| 4.223| 0.081|Ageold          |  0|KCat|Sloan|Simbad|286.34650|+43.30889
286.5065000|+43.3631667| 7669105|19060156+4321474|4818.4|-0.389| 0.209| 27.306| 3.830|RC      | 0.9950| 0.844| 0.081|10.200| 0.025| 2.347| 0.010| 1.12e-03| 0.008| 3.897| 0.048|                |  1|KCat|Sloan|Simbad|286.50650|+43.36317
287.0960000|+43.3771111| 7670419|19082304+4322376|4558.0| 0.279| 0.018| 30.424| 3.743|RC      | 1.0055| 1.129| 0.079|11.334| 0.024| 2.382| 0.010| 1.09e-03| 0.008| 3.738| 0.151|                |  1|KCat|Sloan|Simbad|287.09600|+43.37711
287.1313333|+43.3650556| 7670489|19083152+4321542|4554.3|-0.212| 0.167| 35.165| 4.066|RGB     | 1.0391| 1.096| 0.042|10.390| 0.016| 2.445| 0.007| 1.38e-03| 0.007| 3.846| 0.021|                |  1|KCat|Sloan|Simbad|287.13133|+43.36506
287.3904583|+43.3895278| 7671055|19093371+4323223|4381.0|-0.715| 0.237|  7.329| 1.301|RGB     | 1.0466| 0.868| 0.044|20.450| 0.017| 1.755| 0.007| 1.43e-04| 0.008| 4.037| 0.070|                |  0|KCat|Sloan|Simbad|287.39046|+43.38953
287.6225833|+43.3194444| 7671562|19102942+4319100|4618.8| 0.106| 0.052| 30.148| 3.794|RC      | 0.9997| 1.086| 0.079|11.130| 0.024| 2.381| 0.010| 1.11e-03| 0.008| 3.737| 0.088|                |  1|KCat|Sloan|Simbad|287.62258|+43.31944
287.9789583|+43.3002500| 7672292|19115495+4318009|4583.7|-0.019| 0.082| 52.580| 5.605|RGB     | 1.0379| 1.030| 0.040| 8.221| 0.015| 2.621| 0.007| 2.61e-03| 0.007| 3.985| 0.067|                |  1|KCat|Sloan|Simbad|287.97896|+43.30025
288.0175833|+43.3476389| 7672405|19120422+4320515|4595.3|-0.393| 0.076| 14.166| 1.904|RGB     | 1.0334| 1.544| 0.043|19.385| 0.016| 2.052| 0.007| 2.99e-04| 0.008| 3.281| 0.112|                |  1|KCat|Sloan|Simbad|288.01758|+43.34764
288.0367500|+43.3802222| 7672453|19120882+4322488|4002.0|-0.415| 0.177|  2.023| 0.446|RGB     | 1.0134| 1.312| 0.045|48.947| 0.017| 1.177| 0.007| 1.58e-05| 0.008| 3.501| 0.162|                |  0|KCat|Sloan|Simbad|288.03675|+43.38022
288.2692500|+43.3318333| 7672969|19130462+4319546|4693.5| 0.180| 0.066| 29.736| 3.839|RC      | 1.0019| 1.009| 0.079|10.761| 0.024| 2.378| 0.010| 1.14e-03| 0.008| 3.828| 0.121|                |  1|KCat|Sloan|Simbad|288.26925|+43.33183
288.2952917|+43.3363889| 7673019|19131087+4320110|4726.2|-0.403| 0.141| 19.706| 2.845|RGB     | 1.0434| 0.837| 0.043|12.019| 0.016| 2.201| 0.007| 6.80e-04| 0.008| 4.178| 0.048|Ageold          |  0|KCat|Sloan|Simbad|288.29529|+43.33639
288.6321250|+43.3507222| 7673779|19143171+4321026|4486.2|-0.613| 0.196| 12.678| 1.994|RGB     | 1.0463| 0.845| 0.044|15.252| 0.016| 1.998| 0.007| 3.36e-04| 0.008| 4.105| 0.118|                |  0|KCat|Sloan|Simbad|288.63212|+43.35072
288.8237917|+43.3971667| 7674224|19151771+4323498|4765.8| 0.253|-0.001|129.671|10.717|RGB     | 1.0245| 1.291| 0.034| 5.804| 0.012| 3.021| 0.007| 9.31e-03| 0.007| 3.715| 0.111|                |  1|KCat|Sloan|Simbad|288.82379|+43.39717
289.7870000|+43.3862222| 7676643|19190888+4323104|4700.8|-0.083| 0.072| 40.092| 4.165|RGB     | 1.0320| 1.590| 0.041|11.627| 0.015| 2.509| 0.007| 1.43e-03| 0.007| 3.325| 0.167|                |  0|KCat|Sloan|Simbad|289.78700|+43.38622
289.9838333|+43.3395833| 7677194|19195612+4320225|4697.2| 0.095|-0.003| 53.391| 5.281|RGB     | 1.0327| 1.448| 0.040| 9.617| 0.015| 2.633| 0.007| 2.30e-03| 0.007| 3.499| 0.130|                |  0|KCat|Sloan|Simbad|289.98383|+43.33958
290.0324167|+43.3794722| 7677317|19200778+4322461|4612.5| 0.147|-0.004| 24.750| 3.139|RC      | 1.0133| 1.213| 0.082|12.985| 0.025| 2.295| 0.010| 7.81e-04| 0.008| 3.631| 0.172|                |  0|KCat|Sloan|Simbad|290.03242|+43.37947
290.2715833|+43.3625556| 7678025|19210518+4321452|4693.8|-0.223| 0.214| 16.091| 2.177|RGB(S)  | 1.0382| 1.341| 0.043|16.861| 0.016| 2.112| 0.007| 3.94e-04| 0.008| 3.545| 0.210|SeisUnc         |  0|KCat|Sloan|Simbad|290.27158|+43.36256
290.4312500|+43.3140278| 7678547|19214350+4318505|4563.7| 0.394| 0.020| 33.100| 3.911|RC      | 1.0053| 1.223| 0.078|11.306| 0.023| 2.419| 0.010| 1.19e-03| 0.008| 3.659| 0.229|                |  0|KCat|Sloan|Simbad|290.43125|+43.31403
290.6128750|+43.3855000| 7679049|19222709+4323078|4927.8|-0.378| 0.037| 32.363| 4.011|RC      | 1.0041| 1.165| 0.078|10.945| 0.023| 2.426| 0.010| 1.25e-03| 0.008| 3.563| 0.710|                |  0|KCat|Sloan|Simbad|290.61287|+43.38550
290.8547083|+43.3818889| 7679756|19232513+4322548|5034.4|-0.268| 0.048|192.993|14.820|RGB     | 1.0175| 1.298| 0.029| 4.707| 0.010| 3.206| 0.007| 1.76e-02| 0.006| 3.549| 0.174|                |  0|KCat|Sloan|Simbad|290.85471|+43.38189
290.8694167|+43.3272500| 7679799|19232866+4319381|4904.4|-0.480| 0.201| 28.612| 4.055|RC      | 0.9828| 0.834| 0.080| 9.860| 0.024| 2.371| 0.010| 1.23e-03| 0.008| 3.899| 0.211|SeisUnc         |  0|KCat|Sloan|Simbad|290.86942|+43.32725
291.0085833|+43.3223056| 7680159|19240206+4319203|4828.2|-0.089| 0.013| 30.718| 3.682|RC      | 1.0052| 1.355| 0.079|12.180| 0.024| 2.399| 0.010| 1.06e-03| 0.008| 3.446| 0.151|                |  0|KCat|Sloan|Simbad|291.00858|+43.32231
292.6564583|+43.3538333| 7685039|19303755+4321138|4891.2|-0.252| 0.028| 34.976| 4.247|RC      | 0.9896| 1.227| 0.077|10.826| 0.023| 2.458| 0.010| 1.36e-03| 0.008| 3.530| 0.282|                |  0|KCat|Sloan|Simbad|292.65646|+43.35383
292.7510000|+43.3709444| 7685316|19310024+4322154|4766.3| 0.080| 0.020| 37.510| 4.237|RC      | 0.9966| 1.428| 0.076|11.350| 0.022| 2.483| 0.010| 1.38e-03| 0.008| 3.427| 0.219|                |  0|KCat|Sloan|Simbad|292.75100|+43.37094
292.8848750|+43.3472222| 7685724|19313237+4320500|4883.4|-0.198| 0.041| 34.912| 4.198|RC      | 0.9946| 1.250| 0.077|10.941| 0.023| 2.457| 0.010| 1.35e-03| 0.008| 3.510| 0.238|                |  0|KCat|Sloan|Simbad|292.88487|+43.34722
293.3727083|+43.3286667| 7687231|19332945+4319432|4104.2|-0.381| 0.187|  3.582| 0.718|RGB     | 1.0320| 1.045| 0.044|32.626| 0.017| 1.430| 0.007| 4.24e-05| 0.008| 3.837| 0.177|                |  0|KCat|Sloan|Simbad|293.37271|+43.32867
293.4283333|+43.3830556| 7687390|19334280+4322590|4718.6| 0.172|-0.001| 83.339| 7.700|RGB     | 1.0310| 1.235| 0.037| 7.099| 0.014| 2.827| 0.007| 4.87e-03| 0.007| 3.759| 0.131|                |  0|KCat|Sloan|Simbad|293.42833|+43.38306
294.4873333|+43.3739167| 7690692|19375696+4322261|4918.4| 0.191|-0.084|177.563|13.430|RGB     | 1.0185| 1.442| 0.030| 5.202| 0.010| 3.165| 0.007| 1.44e-02| 0.006| 3.516| 0.155|                |  0|KCat|Sloan|Simbad|294.48733|+43.37392
294.6166250|+43.3570556| 7691148|19382799+4321254|4703.2|-0.026| 0.096| 30.956| 3.984|RC      | 0.9996| 0.995| 0.079|10.465| 0.024| 2.396| 0.010| 1.23e-03| 0.008| 3.795| 0.351|                |  0|KCat|Sloan|Simbad|294.61662|+43.35706
294.8346667|+43.3731389| 7691871|19392032+4322233|4554.5| 0.322| 0.037| 58.732| 5.926|RGB     | 1.0370| 1.142| 0.040| 8.204| 0.015| 2.667| 0.007| 2.92e-03| 0.007| 3.921| 0.450|                |  0|KCat|Sloan|Simbad|294.83467|+43.37314
294.8593333|+43.3083333| 7691952|19392624+4318300|4903.8|-0.204| 0.039| 81.299| 7.709|RGB     | 1.0288| 1.219| 0.038| 7.075| 0.014| 2.825| 0.007| 4.86e-03| 0.007| 3.653| 0.466|                |  0|KCat|Sloan|Simbad|294.85933|+43.30833
295.2754167|+43.3032500| 7693359|19410610+4318117|5072.6|-0.615| 0.201| 26.510| 3.203|RC(S)   | 0.9981| 1.685| 0.081|14.441| 0.025| 2.345| 0.010| 7.89e-04| 0.008| 3.102| 0.508|                |  0|KCat|Sloan|Simbad|295.27542|+43.30325
295.4251667|+43.3642778| 7693833|19414204+4321514|4983.5|-2.511| 0.366| 32.088| 4.057|RGB(S)  | 1.0282| 1.004| 0.042|10.176| 0.016| 2.424| 0.007| 1.34e-03| 0.008| 3.718| 0.310|                |  0|KCat|Sloan|Simbad|295.42517|+43.36428
295.4311667|+43.3106667| 7693845|19414348+4318384|4866.3| 0.212| 0.003|       |      |REJECT  |       |      |      |      |      |      |      |         |      |      |      |No Seis         |  0|KCat|Sloan|Simbad|295.43117|+43.31067
296.1254583|+43.3708056| 7696229|19443011+4322149|4888.3|-0.137| 0.047| 78.042| 6.981|RGB     | 1.0250| 1.620| 0.038| 8.329| 0.014| 2.806| 0.007| 3.95e-03| 0.007| 3.259| 0.556|                |  0|KCat|Sloan|Simbad|296.12546|+43.37081
296.3966667|+43.3806389| 7697146|19453520+4322503|4933.7| 0.146|-0.011| 61.379| 5.773|RC      | 1.0013| 1.877| 0.065|10.085| 0.017| 2.704| 0.009| 2.58e-03| 0.008| 3.144| 0.265|                |  0|KCat|Sloan|Simbad|296.39667|+43.38064
296.4157083|+43.3225833| 7697217|19453977+4319213|4684.6| 0.277| 0.010| 35.859| 4.140|RC      | 1.0024| 1.303| 0.076|11.136| 0.023| 2.459| 0.010| 1.33e-03| 0.008| 3.574| 0.592|                |  0|KCat|Sloan|Simbad|296.41571|+43.32258
296.5348333|+43.3888056| 7697607|19460836+4323197|4729.0| 0.078| 0.007| 48.339| 4.816|RC      | 0.9997| 1.787| 0.071|11.209| 0.020| 2.591| 0.009| 1.79e-03| 0.008| 3.187| 0.525|                |  0|KCat|Sloan|Simbad|296.53483|+43.38881
296.7715000|+43.3993333| 7698511|19470516+4323576|4839.6|-0.128| 0.027| 72.418| 6.792|RGB     | 1.0283| 1.405| 0.038| 8.072| 0.014| 2.772| 0.007| 3.77e-03| 0.007| 3.473| 0.310|                |  0|KCat|Sloan|Simbad|296.77150|+43.39933
296.8163333|+43.3779167| 7698688|19471592+4322405|4812.0|-0.123| 0.011| 82.606| 7.670|RGB     | 1.0283| 1.271| 0.038| 7.200| 0.014| 2.828| 0.007| 4.80e-03| 0.007| 3.619| 0.260|                |  0|KCat|Sloan|Simbad|296.81633|+43.37792
296.8814583|+43.3249167| 7698929|19473155+4319297|4969.3|-0.077| 0.022| 52.231| 4.954|RC      | 1.0037| 2.135| 0.069|11.639| 0.019| 2.635| 0.009| 1.91e-03| 0.008| 3.022| 0.431|                |  0|KCat|Sloan|Simbad|296.88146|+43.32492
297.2586250|+43.3014167| 7700576|19490207+4318051|4926.9| 0.108| 0.002| 58.200| 5.594|RC(S)   | 0.9990| 1.828| 0.066|10.225| 0.017| 2.681| 0.009| 2.41e-03| 0.008| 3.158| 0.733|                |  0|KCat|Sloan|Simbad|297.25862|+43.30142
297.3621250|+43.3796389| 7701048|19492691+4322467|4669.1| 0.223|-0.018| 42.219| 4.176|RGB     | 1.0287| 1.843| 0.041|12.218| 0.015| 2.530| 0.007| 1.43e-03| 0.007| 3.172| 0.387|                |  0|KCat|Sloan|Simbad|297.36212|+43.37964
298.0230000|+43.3914167| 7703954|19520552+4323291|5099.0| 0.071|-0.017| 87.131| 7.230|RC(S)   | 1.0019| 2.287| 0.053| 9.268| 0.012| 2.863| 0.008| 4.05e-03| 0.008| 2.977| 0.279|                |  0|KCat|Sloan|Simbad|298.02300|+43.39142
280.0485000|+43.4120556| 7728958|18401164+4324434|4697.7|-0.234| 0.151| 95.313| 8.975|RGB     | 1.0298| 0.999| 0.036| 5.977| 0.013| 2.884| 0.007| 6.60e-03| 0.007| 3.965| 0.000|                |  0|KCat|Sloan|Simbad|280.04850|+43.41206
280.1226667|+43.4148333| 7729057|18402944+4324534|4075.7|-0.178| 0.153|  4.091| 0.813|RGB     | 1.0405| 0.909| 0.044|28.513| 0.017| 1.486| 0.007| 5.52e-05| 0.008| 4.118| 0.131|                |  0|KCat|Sloan|Simbad|280.12267|+43.41483
280.9380000|+43.4932778| 7730215|18434512+4329358|4872.0|-0.110| 0.045|110.157| 9.754|RGB     | 1.0251| 1.189| 0.035| 6.011| 0.012| 2.955| 0.007| 7.72e-03| 0.007| 3.719| 0.152|                |  0|KCat|Sloan|Simbad|280.93800|+43.49328
282.1311667|+43.4613056| 7732065|18483148+4327407|4397.9|-0.055| 0.029| 12.555| 1.821|RGB     | 1.0431| 1.159| 0.044|18.034| 0.016| 1.990| 0.007| 2.79e-04| 0.008| 3.792| 0.123|                |  0|KCat|Sloan|Simbad|282.13117|+43.46131
282.2338333|+43.4886111| 7732255|18485612+4329190|4781.9|-0.082| 0.014| 61.264| 6.024|RGB     | 1.0317| 1.332| 0.039| 8.571| 0.014| 2.696| 0.007| 2.98e-03| 0.007| 3.579| 0.047|                |  0|KCat|Sloan|Simbad|282.23383|+43.48861
282.2845417|+43.4449444| 7732335|18490829+4326418|4833.7|-0.102| 0.023| 80.643| 7.612|RGB     | 1.0295| 1.222| 0.038| 7.135| 0.014| 2.818| 0.007| 4.74e-03| 0.007| 3.682| 0.071|                |  0|KCat|Sloan|Simbad|282.28454|+43.44494
282.5770833|+43.4223056| 7732836|18501850+4325203|4862.8|-0.100| 0.042| 35.625| 4.257|RC      | 0.9993| 1.224| 0.077|10.730| 0.023| 2.465| 0.010| 1.40e-03| 0.008| 3.557| 0.136|                |  0|KCat|Sloan|Simbad|282.57708|+43.42231
282.7493750|+43.4930556| 7733106|18505985+4329350|4879.9| 0.027| 0.031|169.153|13.021|RGB     | 1.0188| 1.393| 0.031| 5.248| 0.010| 3.142| 0.007| 1.36e-02| 0.006| 3.540| 0.074|                |  0|KCat|Sloan|Simbad|282.74937|+43.49306
283.0567083|+43.4200278| 7733619|18521361+4325121|4797.9|-0.098| 0.099|130.423|11.456|RGB     | 1.0249| 1.014| 0.034| 5.122| 0.012| 3.025| 0.007| 1.06e-02| 0.007| 3.999| 0.151|                |  0|KCat|Sloan|Simbad|283.05671|+43.42003
283.3018333|+43.4895556| 7734065|18531244+4329224|4901.8|-0.392| 0.085| 27.127| 3.672|RC      | 1.0074| 0.957| 0.081|10.851| 0.025| 2.348| 0.010| 1.06e-03| 0.008| 3.768| 0.096|                |  0|KCat|Sloan|Simbad|283.30183|+43.48956
285.9930000|+43.4776667| 7739067|19035832+4328396|4644.2| 0.174| 0.011| 65.782| 6.529|RGB     | 1.0356| 1.127| 0.039| 7.665| 0.014| 2.721| 0.007| 3.53e-03| 0.007| 3.904| 0.131|                |  0|KCat|Sloan|Simbad|285.99300|+43.47767
287.0853333|+43.4267778| 7741179|19082048+4325364|4894.8|-0.498| 0.190| 28.833| 3.931|RC      | 0.9890| 0.939| 0.080|10.430| 0.024| 2.374| 0.010| 1.17e-03| 0.008| 3.767| 0.070|                |  1|KCat|Sloan|Simbad|287.08533|+43.42678
287.2157500|+43.4410278| 7741472|19085178+4326277|4942.7|-0.238| 0.036|205.143|16.217|RGB     | 1.0170| 1.060| 0.028| 4.144| 0.009| 3.228| 0.007| 2.10e-02| 0.006| 3.859| 0.000|                |  0|KCat|Sloan|Simbad|287.21575|+43.44103
288.0111250|+43.4619722| 7743176|19120267+4327431|4819.2|-0.141| 0.054| 29.788| 3.751|RC      | 1.0077| 1.133| 0.079|11.313| 0.024| 2.385| 0.010| 1.10e-03| 0.008| 3.637| 0.078|                |  1|KCat|Sloan|Simbad|288.01112|+43.46197
288.1835000|+43.4148333| 7743539|19124404+4324534|4835.5| 0.005| 0.093| 41.273| 4.504|RC      | 0.9968| 1.521| 0.074|11.127| 0.021| 2.527| 0.010| 1.56e-03| 0.008| 3.327| 0.082|                |  0|KCat|Sloan|Simbad|288.18350|+43.41483
288.5035417|+43.4743333| 7744204|19140085+4328276|4879.5| 0.097|-0.038| 53.241| 5.187|RC      | 0.9998| 1.860| 0.068|10.810| 0.019| 2.640| 0.009| 2.08e-03| 0.008| 3.156| 0.169|                |  1|KCat|Sloan|Simbad|288.50354|+43.47433
289.6880833|+43.4886944| 7746983|19184514+4329193|4757.4| 0.199| 0.074|188.929|14.692|RGB     | 1.0197| 1.148| 0.029| 4.538| 0.010| 3.184| 0.007| 1.73e-02| 0.006| 3.880| 0.152|                |  0|KCat|Sloan|Simbad|289.68808|+43.48869
289.7135833|+43.4749722| 7747060|19185126+4328299|4867.2| 0.079| 0.000| 47.701| 4.715|RGB(S)  | 1.0292| 1.737| 0.041|11.045| 0.015| 2.592| 0.007| 1.82e-03| 0.007| 3.218| 0.271|                |  0|KCat|Sloan|Simbad|289.71358|+43.47497
289.7463333|+43.4596111| 7747146|19185912+4327346|4057.5|-0.426| 0.232|       |      |REJECT  |       |      |      |      |      |      |      |         |      |      |      |No Seis         |  0|KCat|Sloan|Simbad|289.74633|+43.45961
289.8919167|+43.4445278| 7747495|19193406+4326403|4945.6|-0.297| 0.054|101.549| 9.389|RGB     | 1.0260| 1.106| 0.036| 6.016| 0.013| 2.923| 0.007| 7.16e-03| 0.007| 3.793| 0.234|                |  0|KCat|Sloan|Simbad|289.89192|+43.44453
290.0373750|+43.4080556| 7747886|19200897+4324290|4775.6|-0.321| 0.067| 40.452| 4.464|RC(S)   | 0.9976| 1.452| 0.074|11.016| 0.021| 2.516| 0.010| 1.53e-03| 0.008| 3.311| 0.167|                |  0|KCat|Sloan|Simbad|290.03737|+43.40806
290.0760417|+43.4344722| 7748003|19201825+4326041|4905.7| 0.094| 0.011| 53.796| 5.225|RC      | 1.0007| 1.872| 0.068|10.774| 0.018| 2.645| 0.009| 2.11e-03| 0.008| 3.150| 0.192|                |  0|KCat|Sloan|Simbad|290.07604|+43.43447
290.3836667|+43.4599722| 7748979|19213208+4327359|4718.2| 0.169| 0.013| 36.063| 4.258|RC      | 1.0020| 1.199| 0.076|10.635| 0.022| 2.463| 0.010| 1.40e-03| 0.008| 3.643| 0.212|                |  0|KCat|Sloan|Simbad|290.38367|+43.45997
290.4731250|+43.4325556| 7749249|19215355+4325572|4732.1| 0.144| 0.020| 71.272| 6.674|RGB     | 1.0308| 1.375| 0.038| 8.097| 0.014| 2.760| 0.007| 3.65e-03| 0.007| 3.593| 0.169|                |  0|KCat|Sloan|Simbad|290.47312|+43.43256
290.9811250|+43.4026111| 7750700|19235547+4324094|4583.4|-0.230| 0.048| 22.108| 2.904|RGB     | 1.0426| 1.043| 0.043|12.762| 0.016| 2.245| 0.007| 7.08e-04| 0.008| 3.886| 0.205|                |  0|KCat|Sloan|Simbad|290.98112|+43.40261
291.0545000|+43.4091944| 7750902|19241308+4324331|4862.0|-0.154| 0.200| 32.844| 3.554|RC      | 1.0039| 1.939| 0.078|14.066| 0.023| 2.429| 0.010| 9.83e-04| 0.008| 3.066| 0.166|                |  0|KCat|Sloan|Simbad|291.05450|+43.40919
293.2965417|+43.4340556| 7757271|19331117+4326026|3972.6| 0.049| 0.138|  3.631| 0.676|RGB     | 1.0345| 1.313| 0.044|36.621| 0.017| 1.429| 0.007| 3.78e-05| 0.008| 3.637| 0.315|                |  0|KCat|Sloan|Simbad|293.29654|+43.43406
293.3347083|+43.4334444| 7757382|19332033+4326004|5016.4|-0.234| 0.017| 50.862| 5.046|RC(S)   | 1.0012| 1.877| 0.069|11.033| 0.019| 2.626| 0.009| 1.97e-03| 0.008| 3.081| 0.238|                |  0|KCat|Sloan|Simbad|293.33471|+43.43344
294.5720833|+43.4856111| 7761336|19381730+4329082|4948.8|-0.277| 0.071|193.129|15.536|RGB     | 1.0176| 1.050| 0.029| 4.249| 0.010| 3.202| 0.007| 1.93e-02| 0.006| 3.874| 0.091|                |  0|KCat|Sloan|Simbad|294.57208|+43.48561
294.8032917|+43.4576389| 7762104|19391279+4327275|4905.5| 0.183|-0.001|196.685|14.607|RGB     | 1.0178| 1.399| 0.029| 4.872| 0.010| 3.209| 0.007| 1.71e-02| 0.006| 3.565| 0.338|                |  0|KCat|Sloan|Simbad|294.80329|+43.45764
295.0135417|+43.4111667| 7762794|19400325+4324402|4981.1|-0.161| 0.020| 98.836| 8.724|RGB     | 1.0244| 1.391| 0.036| 6.827| 0.013| 2.913| 0.007| 6.17e-03| 0.007| 3.484| 0.388|                |  0|KCat|Sloan|Simbad|295.01354|+43.41117
295.4663750|+43.4715278| 7764335|19415193+4328175|4516.2|-0.198| 0.045|  9.580| 1.613|RGB     | 1.0380| 0.888| 0.044|17.956| 0.017| 1.878| 0.007| 2.16e-04| 0.008| 4.164| 0.781|Ageold          |  0|KCat|Sloan|Simbad|295.46637|+43.47153
295.4746250|+43.4885000| 7764361|19415391+4329186|4921.1| 0.117| 0.000| 56.857| 5.141|RC      | 1.0073| 2.307| 0.067|11.626| 0.018| 2.670| 0.009| 2.07e-03| 0.008| 2.920| 0.431|                |  0|KCat|Sloan|Simbad|295.47462|+43.48850
295.9934583|+43.4835278| 7766103|19435843+4329007|4830.0| 0.195|-0.013| 50.966| 4.977|RC      | 1.0017| 1.881| 0.069|11.139| 0.019| 2.619| 0.009| 1.92e-03| 0.008| 3.168| 0.448|                |  0|KCat|Sloan|Simbad|295.99346|+43.48353
296.9572500|+43.4221111| 7769544|19474974+4325196|5033.1|-0.183| 0.014|241.449|17.911|RGB     | 1.0168| 1.195| 0.028| 4.037| 0.009| 3.303| 0.007| 2.56e-02| 0.006| 3.702| 0.240|                |  0|KCat|Sloan|Simbad|296.95725|+43.42211
297.3216667|+43.4633056| 7771045|19491720+4327479|4955.1| 0.045| 0.007|183.903|13.905|RGB     | 1.0179| 1.413| 0.029| 5.051| 0.010| 3.182| 0.007| 1.55e-02| 0.006| 3.516| 0.304|                |  0|KCat|Sloan|Simbad|297.32167|+43.46331
297.4105000|+43.4081944| 7771441|19493852+4324295|4629.8| 0.210| 0.012| 60.233| 5.972|RGB     | 1.0351| 1.232| 0.039| 8.382| 0.014| 2.682| 0.007| 2.95e-03| 0.007| 3.780| 0.420|                |  0|KCat|Sloan|Simbad|297.41050|+43.40819
297.4450000|+43.4825278| 7771603|19494680+4328571|4845.0| 0.294| 0.025| 36.332| 3.740|RC      | 1.0069| 2.104| 0.076|13.942| 0.022| 2.472| 0.010| 1.09e-03| 0.008| 3.075| 0.687|                |  0|KCat|Sloan|Simbad|297.44500|+43.48253
280.3957917|+43.5496944| 7798339|18413499+4332589|7070.8|      |      | 28.891| 3.829|RC      |       |      |      |      |      | 2.455| 0.010|         |      |      | 0.149|No Fdnu, SeisUnc|  0|KCat|Sloan|Simbad|280.39579|+43.54969
280.5457083|+43.5284444| 7798570|18421097+4331424|4643.0| 0.052| 0.078| 81.348| 7.798|RGB     | 1.0333| 1.056| 0.038| 6.673| 0.014| 2.813| 0.007| 5.01e-03| 0.007| 3.971| 0.086|                |  0|KCat|Sloan|Simbad|280.54571|+43.52844
281.3259583|+43.5925833| 7799762|18451823+4335333|4516.8|-0.098| 0.008| 16.924| 2.261|RGB     | 1.0401| 1.258| 0.043|16.074| 0.016| 2.125| 0.007| 4.27e-04| 0.008| 3.641| 0.158|                |  0|KCat|Sloan|Simbad|281.32596|+43.59258
281.4148333|+43.5839167| 7799904|18453956+4335021|4763.0|-0.506| 0.222| 77.747| 7.849|RGB     | 1.0320| 0.938| 0.038| 6.391| 0.014| 2.799| 0.007| 5.07e-03| 0.007| 3.986| 0.000|                |  0|KCat|Sloan|Simbad|281.41483|+43.58392
282.0809167|+43.5678056| 7800922|18481942+4334041|3848.1| 0.224| 0.009|  2.929| 0.577|RGB     | 1.0307| 1.253| 0.044|40.140| 0.017| 1.329| 0.007| 2.73e-05| 0.008| 3.747| 0.272|                |  0|KCat|Sloan|Simbad|282.08092|+43.56781
283.0365417|+43.5970556| 7802549|18520877+4335494|4749.6|-0.057| 0.034| 31.597| 4.018|RC      | 1.0003| 1.034| 0.078|10.535| 0.024| 2.407| 0.010| 1.25e-03| 0.008| 3.756| 0.158|                |  0|KCat|Sloan|Simbad|283.03654|+43.59706
283.0368333|+43.5732500| 7802551|18520884+4334237|4473.7|-0.267| 0.023| 12.258| 1.773|RGB     | 1.0395| 1.249| 0.044|18.867| 0.016| 1.983| 0.007| 2.62e-04| 0.008| 3.617| 0.184|                |  0|KCat|Sloan|Simbad|283.03683|+43.57325
285.7672083|+43.5186111| 7807614|19030413+4331070|4600.0| 0.240| 0.007| 31.959| 3.847|RC      | 1.0069| 1.183| 0.078|11.292| 0.023| 2.405| 0.010| 1.16e-03| 0.008| 3.683| 0.079|                |  1|KCat|Sloan|Simbad|285.76721|+43.51861
286.0927500|+43.5015278| 7808227|19042226+4330055|4825.0|-0.129| 0.052| 32.438| 4.076|RC      | 0.9981| 1.092| 0.078|10.643| 0.023| 2.422| 0.010| 1.28e-03| 0.008| 3.682| 0.076|                |  1|KCat|Sloan|Simbad|286.09275|+43.50153
286.2370417|+43.5848889| 7808516|19045689+4335056|4626.9|-0.068| 0.116| 51.705| 5.588|RGB     | 1.0386| 1.003| 0.040| 8.163| 0.015| 2.616| 0.007| 2.60e-03| 0.007| 4.019| 0.126|                |  0|KCat|Sloan|Simbad|286.23704|+43.58489
286.3285000|+43.5707500| 7808690|19051884+4334147|4482.4|-0.243| 0.069| 17.909| 2.450|RGB     | 1.0437| 1.055| 0.043|14.336| 0.016| 2.148| 0.007| 5.05e-04| 0.008| 3.869| 0.082|                |  0|KCat|Sloan|Simbad|286.32850|+43.57075
286.3769167|+43.5509444| 7808791|19053046+4333034|4880.8|-0.296| 0.041| 34.259| 4.117|RC      | 0.9880| 1.309| 0.077|11.304| 0.023| 2.448| 0.010| 1.28e-03| 0.008| 3.440| 0.087|                |  0|KCat|Sloan|Simbad|286.37692|+43.55094
286.4305000|+43.5584722| 7808899|19054332+4333305|4473.2|-0.441| 0.202| 16.741| 2.384|RGB     | 1.0449| 0.953| 0.043|14.105| 0.016| 2.118| 0.007| 4.79e-04| 0.008| 3.977| 0.070|                |  0|KCat|Sloan|Simbad|286.43050|+43.55847
286.4454167|+43.5770833| 7808930|19054690+4334375|4836.8|-0.246| 0.193| 38.200| 4.114|RC      | 1.0089| 1.651| 0.075|12.052| 0.022| 2.494| 0.010| 1.33e-03| 0.008| 3.195| 0.049|                |  0|KCat|Sloan|Simbad|286.44542|+43.57708
286.5101667|+43.5941944| 7809050|19060244+4335391|4946.1|-0.180| 0.020|105.002| 9.043|RGB     | 1.0231| 1.437| 0.036| 6.743| 0.013| 2.938| 0.007| 6.61e-03| 0.007| 3.433| 0.087|                |  0|KCat|Sloan|Simbad|286.51017|+43.59419
286.9619583|+43.5253611| 7809908|19075087+4331313|4680.8| 0.236|-0.001| 36.555| 4.136|RC      | 0.9990| 1.404| 0.076|11.452| 0.022| 2.467| 0.010| 1.32e-03| 0.008| 3.481| 0.103|                |  1|KCat|Sloan|Simbad|286.96196|+43.52536
287.3411250|+43.5017222| 7810708|19092187+4330062|4629.4|-0.230| 0.009| 13.032| 1.806|RGB     | 1.0357| 1.489| 0.044|19.809| 0.016| 2.017| 0.007| 2.70e-04| 0.008| 3.365| 0.102|SeisUnc         |  0|KCat|Sloan|Simbad|287.34112|+43.50172
287.7112917|+43.5845556| 7811522|19105071+4335044|4512.4|-0.301| 0.185| 26.936| 3.381|RGB(S)  | 1.0426| 1.003| 0.042|11.383| 0.016| 2.327| 0.007| 9.59e-04| 0.008| 3.950| 0.006|                |  1|KCat|Sloan|Simbad|287.71129|+43.58456
288.2119583|+43.5063056| 7812552|19125087+4330227|4988.0|-0.457| 0.172|210.078|16.916|RGB     | 1.0164| 0.977| 0.028| 3.923| 0.009| 3.241| 0.007| 2.28e-02| 0.006| 3.919| 0.000|                |  0|KCat|Sloan|Simbad|288.21196|+43.50631
289.6530417|+43.5896944| 7815943|19183673+4335229|4420.2| 0.263| 0.034| 26.745| 3.241|RGB     | 1.0432| 1.125| 0.042|12.157| 0.016| 2.319| 0.007| 8.83e-04| 0.008| 3.931| 0.268|                |  0|KCat|Sloan|Simbad|289.65304|+43.58969
289.7831250|+43.5228611| 7816294|19190795+4331223|4632.7| 0.192|-0.004| 48.115| 4.848|RGB(S)  | 1.0335| 1.458| 0.040|10.198| 0.015| 2.585| 0.007| 1.94e-03| 0.007| 3.521| 0.160|                |  0|KCat|Sloan|Simbad|289.78312|+43.52286
289.8226250|+43.5501389| 7816406|19191743+4333005|4992.0| 0.107|-0.028|220.997|16.226|RGB     | 1.0169| 1.343| 0.028| 4.483| 0.009| 3.263| 0.007| 2.10e-02| 0.006| 3.606| 0.173|                |  0|KCat|Sloan|Simbad|289.82262|+43.55014
290.3917083|+43.5990556| 7818152|19213401+4335566|4806.6| 0.031| 0.016| 80.303| 7.356|RGB     | 1.0289| 1.375| 0.038| 7.596| 0.014| 2.815| 0.007| 4.42e-03| 0.007| 3.567| 0.247|                |  0|KCat|Sloan|Simbad|290.39171|+43.59906
290.4807083|+43.5421111| 7818452|19215537+4332316|4858.9|-0.027| 0.005| 36.324| 4.187|RC      | 0.9968| 1.398| 0.076|11.360| 0.022| 2.473| 0.010| 1.34e-03| 0.008| 3.424| 0.282|                |  0|KCat|Sloan|Simbad|290.48071|+43.54211
290.6414583|+43.5864722| 7818982|19223395+4335113|4630.7| 0.108| 0.020| 23.811| 3.043|RC      | 1.0104| 1.245| 0.082|13.401| 0.025| 2.279| 0.010| 7.30e-04| 0.008| 3.593| 0.274|                |  0|KCat|Sloan|Simbad|290.64146|+43.58647
291.0459583|+43.5684444| 7820169|19241103+4334064|4814.8|-0.040| 0.035| 28.912| 3.577|RC      | 1.0042| 1.268| 0.080|12.155| 0.024| 2.372| 0.010| 9.96e-04| 0.008| 3.538| 0.306|                |  0|KCat|Sloan|Simbad|291.04596|+43.56844
291.3965833|+43.5050833| 7821234|19253518+4330183|4657.2| 0.220| 0.002| 34.547| 4.085|RC      | 1.0012| 1.224| 0.077|11.015| 0.023| 2.442| 0.010| 1.29e-03| 0.008| 3.634| 0.209|                |  0|KCat|Sloan|Simbad|291.39658|+43.50508
291.6400000|+43.5693333| 7821913|19263360+4334096|4518.2|-0.110| 0.048| 22.979| 2.877|RGB     | 1.0403| 1.201| 0.043|13.480| 0.016| 2.258| 0.007| 6.92e-04| 0.008| 3.709| 0.307|                |  0|KCat|Sloan|Simbad|291.64000|+43.56933
294.7320417|+43.5630556| 7831228|19385569+4333470|4716.3|-0.372| 0.075| 26.576| 3.327|RGB     | 1.0397| 1.110| 0.042|11.922| 0.016| 2.331| 0.007| 9.24e-04| 0.008| 3.760| 0.351|                |  0|KCat|Sloan|Simbad|294.73204|+43.56306
294.7705833|+43.5596111| 7831348|19390494+4333346|4740.1|-0.269| 0.042| 35.529| 4.058|RGB     | 1.0369| 1.221| 0.042|10.800| 0.015| 2.458| 0.007| 1.37e-03| 0.007| 3.650| 0.302|                |  0|KCat|Sloan|Simbad|294.77058|+43.55961
294.8648750|+43.5585833| 7831636|19392757+4333309|4572.3| 0.208| 0.074| 75.882| 7.268|RGB     | 1.0345| 1.105| 0.038| 7.095| 0.014| 2.780| 0.007| 4.36e-03| 0.007| 3.946| 0.335|                |  0|KCat|Sloan|Simbad|294.86487|+43.55858
295.4753333|+43.5848611| 7833657|19415408+4335055|4865.7|-0.154| 0.031| 90.039| 8.108|RGB     | 1.0263| 1.351| 0.037| 7.089| 0.013| 2.867| 0.007| 5.35e-03| 0.007| 3.530| 0.170|                |  0|KCat|Sloan|Simbad|295.47533|+43.58486
295.6327500|+43.5528611| 7834159|19423186+4333103|4841.2|-0.065| 0.017| 39.659| 4.410|RC      | 1.0003| 1.451| 0.075|11.083| 0.022| 2.510| 0.010| 1.50e-03| 0.008| 3.379| 0.489|                |  0|KCat|Sloan|Simbad|295.63275|+43.55286
296.3680417|+43.5482778| 7836711|19452833+4332538|4784.1|-0.413| 0.236| 87.792| 8.524|RGB     | 1.0297| 0.986| 0.037| 6.161| 0.013| 2.853| 0.007| 5.95e-03| 0.007| 3.939| 0.404|                |  0|KCat|Sloan|Simbad|296.36804|+43.54828
296.7317083|+43.5240833| 7837954|19465561+4331267|5010.9| 0.026|-0.016|107.137| 8.472|RC(S)   | 0.9950| 2.259| 0.047| 8.342| 0.009| 2.949| 0.007| 5.49e-03| 0.008| 2.953| 0.128|                |  0|KCat|Sloan|Simbad|296.73171|+43.52408
296.8710833|+43.5671944| 7838475|19472906+4334019|5022.8|-0.198| 0.067| 98.837| 8.488|RGB     | 1.0222| 1.586| 0.036| 7.273| 0.013| 2.915| 0.007| 5.81e-03| 0.007| 3.277| 0.562|                |  0|KCat|Sloan|Simbad|296.87108|+43.56719
296.9738750|+43.5019167| 7838873|19475373+4330069|4958.8| 0.211|-0.022| 69.468| 6.118|RC      | 0.9999| 2.186| 0.061|10.219| 0.015| 2.759| 0.008| 2.89e-03| 0.008| 3.052| 0.380|                |  0|KCat|Sloan|Simbad|296.97387|+43.50192
297.5999167|+43.5406389| 7841410|19502398+4332263|4257.3| 0.194| 0.021|  7.014| 1.205|RGB     | 1.0495| 0.980| 0.044|22.366| 0.017| 1.730| 0.007| 1.23e-04| 0.008| 4.124| 0.869|SeisUnc         |  0|KCat|Sloan|Simbad|297.59992|+43.54064
297.7375000|+43.5433333| 7841977|19505700+4332360|4933.7| 0.342| 0.000| 74.824| 6.427|RC      | 0.9955| 2.264| 0.058|10.034| 0.014| 2.790| 0.008| 3.16e-03| 0.008| 3.047| 0.568|                |  0|KCat|Sloan|Simbad|297.73750|+43.54333
298.8945833|+43.5711667| 7846870|19553470+4334162|4398.9| 0.447| 0.030| 19.803| 2.585|RGB     | 1.0464| 1.106| 0.043|14.028| 0.016| 2.188| 0.007| 5.65e-04| 0.008| 3.986| 0.470|                |  0|KCat|Sloan|Simbad|298.89458|+43.57117
299.0265417|+43.5363889| 7847454|19560637+4332110|4913.6|-0.219| 0.026|199.033|15.805|RGB     | 1.0173| 1.062| 0.028| 4.218| 0.010| 3.214| 0.007| 2.00e-02| 0.006| 3.855| 0.090|                |  0|KCat|Sloan|Simbad|299.02654|+43.53639
299.1073333|+43.5534722| 7847816|19562576+4333125|4855.6| 0.016|-0.025| 49.300| 4.997|RC(S)   | 0.9987| 1.709| 0.070|10.783| 0.019| 2.605| 0.009| 1.92e-03| 0.008| 3.213| 0.129|                |  0|KCat|Sloan|Simbad|299.10733|+43.55347
299.5472500|+43.5780000| 7849791|19581134+4334408|4660.7| 0.191| 0.020| 81.203| 7.710|RGB     | 1.0331| 1.107| 0.038| 6.830| 0.014| 2.813| 0.007| 4.90e-03| 0.007| 3.939| 0.421|                |  0|KCat|Sloan|Simbad|299.54725|+43.57800
280.5505417|+43.6283889| 7867854|18421213+4337422|4924.0|-0.336| 0.073| 32.229| 4.183|RC      | 0.9969| 1.000| 0.078|10.165| 0.023| 2.424| 0.010| 1.34e-03| 0.008| 3.730| 0.170|                |  0|KCat|Sloan|Simbad|280.55054|+43.62839
281.0550833|+43.6156111| 7868532|18441322+4336562|4546.8| 0.393| 0.037| 73.853| 7.048|RGB     | 1.0354| 1.139| 0.038| 7.310| 0.014| 2.767| 0.007| 4.11e-03| 0.007| 3.937| 0.192|                |  0|KCat|Sloan|Simbad|281.05508|+43.61561
281.5967500|+43.6178056| 7869334|18462322+4337041|4864.1|-0.059| 0.000| 40.339| 4.505|RC      | 1.0018| 1.403| 0.074|10.796| 0.021| 2.519| 0.010| 1.57e-03| 0.008| 3.416| 0.093|                |  0|KCat|Sloan|Simbad|281.59675|+43.61781
282.5805833|+43.6881111| 7870980|18501934+4341172|4694.8| 0.111| 0.014| 33.933| 4.052|RC      | 1.0005| 1.216| 0.077|11.057| 0.023| 2.436| 0.010| 1.27e-03| 0.008| 3.624| 0.132|                |  0|KCat|Sloan|Simbad|282.58058|+43.68811
282.9959167|+43.6386667| 7871690|18515902+4338192|4673.6|-0.227| 0.171| 71.015| 7.093|RGB     | 1.0339| 1.034| 0.039| 7.056| 0.014| 2.756| 0.007| 4.15e-03| 0.007| 3.930| 0.118|                |  0|KCat|Sloan|Simbad|282.99592|+43.63867
283.0994583|+43.6167778| 7871897|18522387+4337004|5023.4|-0.508| 0.131| 30.608| 4.126|RC      | 0.9897| 0.960| 0.079|10.167| 0.024| 2.406| 0.010| 1.29e-03| 0.008| 3.739| 0.196|                |  0|KCat|Sloan|Simbad|283.09946|+43.61678
283.4285000|+43.6375000| 7872519|18534284+4338150|4819.1|-0.088| 0.057| 33.631| 4.116|RC      | 0.9959| 1.178| 0.078|10.860| 0.023| 2.438| 0.010| 1.30e-03| 0.008| 3.610| 0.213|                |  0|KCat|Sloan|Simbad|283.42850|+43.63750
286.0910417|+43.6215556| 7877451|19042185+4337176|4612.1| 0.200| 0.004| 52.083| 5.265|RGB     | 1.0347| 1.314| 0.040| 9.316| 0.015| 2.618| 0.007| 2.29e-03| 0.007| 3.681| 0.131|                |  0|KCat|Sloan|Simbad|286.09104|+43.62156
286.1982917|+43.6415833| 7877673|19044759+4338297|4620.4|-0.071| 0.027| 44.269| 4.853|RGB     | 1.0388| 1.103| 0.041| 9.254| 0.015| 2.548| 0.007| 1.96e-03| 0.007| 3.871| 0.164|                |  0|KCat|Sloan|Simbad|286.19829|+43.64158
287.4604583|+43.6621667| 7880096|19095051+4339438|4794.7|-0.096| 0.077| 35.529| 4.155|RC      | 1.0001| 1.305| 0.077|11.135| 0.023| 2.460| 0.010| 1.33e-03| 0.008| 3.486| 0.128|                |  0|KCat|Sloan|Simbad|287.46046|+43.66217
287.6303333|+43.6241389| 7880417|19103128+4337269|4686.7| 0.406| 0.023|190.347|14.705|RGB     | 1.0209| 1.139| 0.029| 4.519| 0.010| 3.184| 0.007| 1.74e-02| 0.006| 3.933| 0.085|                |  1|KCat|Sloan|Simbad|287.63033|+43.62414
287.6867083|+43.6544444| 7880511|19104481+4339160|4348.2|-0.323| 0.209|  6.322| 1.198|RGB     | 1.0240| 0.837| 0.044|21.667| 0.017| 1.689| 0.007| 1.16e-04| 0.008| 4.212| 0.135|Ageold          |  0|KCat|Sloan|Simbad|287.68671|+43.65444
287.7593750|+43.6893611| 7880664|19110225+4341217|4795.4| 0.058|-0.013| 38.472| 4.391|RC      | 1.0012| 1.323| 0.075|10.773| 0.022| 2.495| 0.010| 1.49e-03| 0.008| 3.509| 0.149|                |  0|KCat|Sloan|Simbad|287.75937|+43.68936
287.8664583|+43.6151944| 7880893|19112795+4336547|4872.3|-0.014| 0.008|132.956|11.019|RGB     | 1.0219| 1.300| 0.033| 5.721| 0.012| 3.037| 0.007| 9.79e-03| 0.007| 3.615| 0.049|                |  0|KCat|Sloan|Simbad|287.86646|+43.61519
288.2425833|+43.6331667| 7881669|19125822+4337594|4703.3|-0.032| 0.088| 31.366| 3.885|RC      | 0.9959| 1.161| 0.079|11.231| 0.024| 2.402| 0.010| 1.16e-03| 0.008| 3.636| 0.130|                |  0|KCat|Sloan|Simbad|288.24258|+43.63317
289.5897500|+43.6757222| 7884574|19182154+4340326|4809.6| 0.028| 0.021| 34.425| 4.150|RC      | 1.0015| 1.192| 0.077|10.802| 0.023| 2.447| 0.010| 1.33e-03| 0.008| 3.629| 0.321|                |  0|KCat|Sloan|Simbad|289.58975|+43.67572
289.9243750|+43.6077500| 7885455|19194185+4336279|4738.7| 0.045|-0.014| 28.356| 3.520|RC      | 1.0038| 1.248| 0.080|12.222| 0.024| 2.360| 0.010| 9.64e-04| 0.008| 3.579| 0.264|                |  0|KCat|Sloan|Simbad|289.92437|+43.60775
289.9527917|+43.6917778| 7885511|19194867+4341304|4845.6|-0.262| 0.140| 27.511| 3.814|RC      | 0.9958| 0.883| 0.080|10.378| 0.024| 2.352| 0.010| 1.11e-03| 0.008| 3.879| 0.207|                |  0|KCat|Sloan|Simbad|289.95279|+43.69178
290.5384167|+43.6110278| 7887295|19220922+4336397|4439.2|-0.093| 0.065| 18.238| 2.448|RGB     | 1.0436| 1.102| 0.043|14.558| 0.016| 2.154| 0.007| 5.04e-04| 0.008| 3.870| 0.205|                |  0|KCat|Sloan|Simbad|290.53842|+43.61103
290.5808333|+43.6779722| 7887436|19221940+4340407|4630.6|-0.089| 0.025| 25.082| 2.904|RGB     | 1.0335| 1.602| 0.042|14.811| 0.016| 2.302| 0.007| 6.95e-04| 0.008| 3.302| 0.194|                |  0|KCat|Sloan|Simbad|290.58083|+43.67797
290.7672917|+43.6314722| 7887960|19230415+4337533|4948.6|-0.309| 0.070| 35.979| 4.236|RC      | 0.9925| 1.356| 0.076|11.190| 0.022| 2.473| 0.010| 1.37e-03| 0.008| 3.393| 0.312|                |  0|KCat|Sloan|Simbad|290.76729|+43.63147
290.9194167|+43.6035833| 7888403|19234066+4336129|4555.7|-0.054| 0.158| 47.583| 5.235|RGB     | 1.0395| 0.988| 0.041| 8.477| 0.015| 2.576| 0.007| 2.29e-03| 0.007| 4.033| 0.147|                |  0|KCat|Sloan|Simbad|290.91942|+43.60358
291.2615417|+43.6496111| 7889420|19250277+4338586|4615.8| 0.323| 0.045| 77.336| 6.955|RGB     | 1.0303| 1.438| 0.038| 7.998| 0.014| 2.790| 0.007| 3.97e-03| 0.007| 3.567| 0.211|                |  0|KCat|Sloan|Simbad|291.26154|+43.64961
291.2644583|+43.6004167| 7889429|19250347+4336015|4631.1| 0.118|-0.015| 26.713| 3.549|RC      | 0.9983| 0.997| 0.081|11.318| 0.025| 2.329| 0.010| 9.69e-04| 0.008| 3.828| 0.077|                |  0|KCat|Sloan|Simbad|291.26446|+43.60042
291.7925833|+43.6746111| 7891047|19271022+4340286|4365.0|-0.537| 0.240|  7.494| 1.417|RGB     | 1.0137| 0.746| 0.044|18.760| 0.017| 1.764| 0.007| 1.59e-04| 0.008| 4.235| 0.362|Ageold          |  0|KCat|Sloan|Simbad|291.79258|+43.67461
294.1822500|+43.6887778| 7897890|19364374+4341196|4909.6|-0.399| 0.197| 27.674| 3.820|RC      | 0.9882| 0.939| 0.080|10.638| 0.024| 2.357| 0.010| 1.10e-03| 0.008| 3.784| 0.355|                |  0|KCat|Sloan|Simbad|294.18225|+43.68878
295.1971667|+43.6690556| 7901207|19404732+4340086|4920.2| 0.388| 0.030| 83.484| 6.504|RGB     | 1.0000| 2.934| 0.037|10.821| 0.013| 2.837| 0.007| 3.27e-03| 0.007| 2.601| 0.350|                |  0|KCat|Sloan|Simbad|295.19717|+43.66906
295.4261667|+43.6965000| 7901972|19414228+4341474|4741.9| 0.034| 0.140| 27.603| 3.099|RC(S)   | 1.0067| 1.894| 0.080|15.261| 0.024| 2.348| 0.010| 7.52e-04| 0.008| 3.129| 0.567|                |  0|KCat|Sloan|Simbad|295.42617|+43.69650
295.6256667|+43.6163611| 7902578|19423016+4336589|4618.6| 0.254|-0.008| 32.180| 4.006|RC      | 1.0044| 1.044| 0.078|10.561| 0.023| 2.409| 0.010| 1.25e-03| 0.008| 3.805| 0.197|                |  0|KCat|Sloan|Simbad|295.62567|+43.61636
295.7807917|+43.6154444| 7903116|19430739+4336556|4714.1| 0.174|-0.005| 62.614| 6.027|RGB     | 1.0322| 1.387| 0.039| 8.683| 0.014| 2.703| 0.007| 2.99e-03| 0.007| 3.586| 0.564|                |  0|KCat|Sloan|Simbad|295.78079|+43.61544
295.7994583|+43.6556667| 7903173|19431187+4339204|4935.9|-0.074|-0.002|155.446|12.566|RGB     | 1.0198| 1.263| 0.032| 5.198| 0.011| 3.108| 0.007| 1.27e-02| 0.007| 3.658| 0.239|                |  0|KCat|Sloan|Simbad|295.79946|+43.65567
295.9066250|+43.6266667| 7903576|19433759+4337360|4637.9| 0.386| 0.016| 95.794| 8.481|RGB     | 1.0304| 1.245| 0.036| 6.677| 0.013| 2.884| 0.007| 5.90e-03| 0.007| 3.797| 0.499|                |  0|KCat|Sloan|Simbad|295.90662|+43.62667
296.1935000|+43.6914722| 7904594|19444644+4341293|4685.0| 0.058| 0.023| 65.692| 6.508|RGB     | 1.0344| 1.158| 0.039| 7.756| 0.014| 2.722| 0.007| 3.50e-03| 0.007| 3.828| 0.505|                |  0|KCat|Sloan|Simbad|296.19350|+43.69147
296.3218750|+43.6421389| 7905047|19451725+4338317|4692.8|-0.172| 0.033| 44.684| 4.910|RGB     | 1.0373| 1.114| 0.041| 9.222| 0.015| 2.555| 0.007| 2.00e-03| 0.007| 3.821| 0.268|                |  0|KCat|Sloan|Simbad|296.32187|+43.64214
296.4801667|+43.6871111| 7905597|19455524+4341136|4600.1| 0.484| 0.023| 85.711| 7.721|RGB     | 1.0321| 1.274| 0.037| 7.155| 0.013| 2.834| 0.007| 4.90e-03| 0.007| 3.771| 0.642|                |  0|KCat|Sloan|Simbad|296.48017|+43.68711
296.5074167|+43.6274444| 7905696|19460178+4337388|4617.1| 0.129| 0.013| 44.553| 4.581|RGB     | 1.0343| 1.439| 0.041|10.540| 0.015| 2.550| 0.007| 1.73e-03| 0.007| 3.520| 0.446|                |  0|KCat|Sloan|Simbad|296.50742|+43.62744
296.5141250|+43.6010278| 7905712|19460339+4336037|5057.1|-0.098| 0.020|125.634| 9.627|RGB     | 1.0085| 2.098| 0.034| 7.408| 0.012| 3.020| 0.007| 7.28e-03| 0.007| 2.927| 0.518|                |  0|KCat|Sloan|Simbad|296.51412|+43.60103
296.6475000|+43.6568889| 7906186|19463540+4339248|4943.9| 0.131|-0.022| 54.440| 5.006|RC      | 1.0060| 2.280| 0.068|11.796| 0.018| 2.652| 0.009| 1.96e-03| 0.008| 2.964| 0.346|                |  0|KCat|Sloan|Simbad|296.64750|+43.65689
296.9236667|+43.6035278| 7907191|19474168+4336127|4815.3| 0.236| 0.016| 48.553| 4.803|RC      | 1.0047| 1.845| 0.071|11.311| 0.020| 2.597| 0.009| 1.80e-03| 0.008| 3.193| 0.428|                |  0|KCat|Sloan|Simbad|296.92367|+43.60353
297.1494167|+43.6630833| 7908109|19483586+4339471|4774.0|-0.744| 0.251| 52.202| 5.841|RGB     | 1.0366| 0.913| 0.040| 7.691| 0.015| 2.627| 0.007| 2.83e-03| 0.007| 3.975| 0.421|                |  0|KCat|Sloan|Simbad|297.14942|+43.66308
297.4552500|+43.6761944| 7909320|19494926+4340343|4414.6|-0.230| 0.223| 16.398| 2.314|RGB     | 1.0461| 0.985| 0.043|14.537| 0.016| 2.107| 0.007| 4.52e-04| 0.008| 4.009| 0.319|                |  0|KCat|Sloan|Simbad|297.45525|+43.67619
299.4850417|+43.6495556| 7917701|19575641+4338584|4556.6| 0.442| 0.016| 35.034| 3.946|RGB(S)  | 1.0406| 1.216| 0.042|10.960| 0.016| 2.443| 0.007| 1.30e-03| 0.007| 3.843| 0.440|                |  0|KCat|Sloan|Simbad|299.48504|+43.64956
299.9140417|+43.6661111| 7919558|19593937+4339580|4679.6| 0.096|-0.021| 38.532| 4.023|RGB     | 1.0327| 1.608| 0.041|11.938| 0.015| 2.490| 0.007| 1.33e-03| 0.007| 3.334| 0.491|                |  0|KCat|Sloan|Simbad|299.91404|+43.66611
280.1643333|+43.7578056| 7935931|18403944+4345281|4564.3| 0.191| 0.067| 30.649| 3.843|AMB     | 1.0169| 0.998| 0.147|10.606| 0.057| 2.385| 0.010| 1.18e-03| 0.010| 3.991| 0.097|                |  0|KCat|Sloan|Simbad|280.16433|+43.75781
280.2327083|+43.7856389| 7936033|18405585+4347083|4288.3|-0.144| 0.155| 14.151| 2.065|RGB     | 1.0480| 0.948| 0.043|15.463| 0.016| 2.036| 0.007| 3.62e-04| 0.008| 4.067| 0.051|                |  0|KCat|Sloan|Simbad|280.23271|+43.78564
280.4770000|+43.7199167| 7936407|18415448+4343117|4940.8| 0.177|-0.019| 86.376| 7.333|RC      | 1.0011| 2.015| 0.053| 8.806| 0.012| 2.853| 0.008| 4.16e-03| 0.008| 3.041| 0.075|                |  0|KCat|Sloan|Simbad|280.47700|+43.71992
281.2282500|+43.7722500| 7937449|18445478+4346201|4829.8| 0.133| 0.019|130.496|11.086|RGB     | 1.0245| 1.172| 0.034| 5.495| 0.012| 3.027| 0.007| 9.96e-03| 0.007| 3.830| 0.202|                |  0|KCat|Sloan|Simbad|281.22825|+43.77225
281.5151667|+43.7134167| 7937828|18460364+4342483|4905.1|-0.092| 0.023|125.931|10.659|RGB     | 1.0226| 1.271| 0.034| 5.802| 0.012| 3.015| 0.007| 9.17e-03| 0.007| 3.635| 0.170|                |  0|KCat|Sloan|Simbad|281.51517|+43.71342
281.6559583|+43.7732778| 7938029|18463743+4346238|4323.0| 0.102| 0.086| 20.763| 2.695|RGB     | 1.0454| 1.056| 0.043|13.444| 0.016| 2.205| 0.007| 6.13e-04| 0.008| 3.988| 0.086|                |  0|KCat|Sloan|Simbad|281.65596|+43.77328
282.3232917|+43.7474444| 7939118|18491759+4344508|4909.2|-0.344| 0.168| 32.215| 3.911|RC      | 0.9918| 1.328| 0.078|11.724| 0.023| 2.423| 0.010| 1.16e-03| 0.008| 3.420| 0.128|                |  0|KCat|Sloan|Simbad|282.32329|+43.74744
283.1176667|+43.7343333| 7940675|18522824+4344036|4999.9| 0.204|-0.008|101.719| 8.245|RC      | 1.0006| 2.100| 0.047| 8.259| 0.009| 2.926| 0.007| 5.26e-03| 0.008| 2.986| 0.148|                |  0|KCat|Sloan|Simbad|283.11767|+43.73433
283.5110000|+43.7541111| 7941510|18540264+4345148|4407.3|-0.329| 0.225|  7.219| 1.276|RGB     | 1.0485| 0.897| 0.044|20.911| 0.017| 1.750| 0.007| 1.38e-04| 0.008| 4.113| 0.085|SeisUnc         |  0|KCat|Sloan|Simbad|283.51100|+43.75411
283.6204167|+43.7560833| 7941728|18542890+4345219|4776.4|-0.462| 0.165| 65.077| 6.723|RGB     | 1.0330| 1.023| 0.039| 7.289| 0.014| 2.722| 0.007| 3.72e-03| 0.007| 3.855| 0.050|                |  0|KCat|Sloan|Simbad|283.62042|+43.75608
284.8060000|+43.7693056| 7944038|18591344+4346095|4563.7|-0.022|-0.008| 20.098| 2.318|RGB     | 1.0271| 2.038| 0.043|18.726| 0.016| 2.202| 0.007| 4.38e-04| 0.008| 2.983| 0.167|                |  1|KCat|Sloan|Simbad|284.80600|+43.76931
284.8927083|+43.7380556| 7944193|18593425+4344170|4705.5| 0.050| 0.043| 28.085| 3.528|RC      | 1.0020| 1.197| 0.080|12.051| 0.024| 2.354| 0.010| 9.65e-04| 0.008| 3.627| 0.193|                |  1|KCat|Sloan|Simbad|284.89271|+43.73806
286.2397500|+43.7377778| 7946636|19045754+4344160|4623.4|-0.212| 0.151| 47.217| 5.159|RGB     | 1.0379| 1.053| 0.041| 8.753| 0.015| 2.576| 0.007| 2.21e-03| 0.007| 3.910| 0.071|                |  0|KCat|Sloan|Simbad|286.23975|+43.73778
286.3066667|+43.7048333| 7946762|19051360+4342174|4644.3| 0.205| 0.004| 57.726| 5.711|RGB     | 1.0345| 1.306| 0.040| 8.808| 0.015| 2.664| 0.007| 2.70e-03| 0.007| 3.693| 0.096|                |  0|KCat|Sloan|Simbad|286.30667|+43.70483
286.3275000|+43.7685556| 7946809|19051860+4346068|4351.9|-0.474| 0.238| 11.734| 1.763|RGB     | 1.0423| 1.063| 0.044|17.913| 0.017| 1.958| 0.007| 2.61e-04| 0.008| 3.794| 0.000|                |  0|KCat|Sloan|Simbad|286.32750|+43.76856
286.7742083|+43.7849167| 7947648|19070581+4347057|4542.2|-0.067| 0.038| 25.135| 3.119|RGB     | 1.0412| 1.142| 0.042|12.553| 0.016| 2.298| 0.007| 8.14e-04| 0.008| 3.815| 0.218|                |  1|KCat|Sloan|Simbad|286.77421|+43.78492
287.0025417|+43.7865000| 7948086|19080061+4347114|4788.2| 0.091|-0.019| 42.217| 4.517|RC      | 0.9956| 1.593| 0.073|11.290| 0.021| 2.535| 0.010| 1.56e-03| 0.008| 3.299| 0.049|                |  1|KCat|Sloan|Simbad|287.00254|+43.78650
287.0641250|+43.7333056| 7948193|19081539+4343599|4920.9| 0.047|-0.013|112.107| 9.084|RGB     | 1.0205| 1.722| 0.035| 7.153| 0.012| 2.965| 0.007| 6.63e-03| 0.007| 3.220| 0.070|                |  1|KCat|Sloan|Simbad|287.06412|+43.73331
287.6003750|+43.7685556| 7949258|19102409+4346068|4661.0| 0.306| 0.019| 33.574| 4.045|RC      | 1.0048| 1.153| 0.078|10.843| 0.023| 2.430| 0.010| 1.28e-03| 0.008| 3.713| 0.230|                |  1|KCat|Sloan|Simbad|287.60037|+43.76856
287.7689167|+43.7132778| 7949585|19110454+4342478|4863.4|-0.091| 0.033| 40.666| 4.492|RC      | 1.0006| 1.461| 0.074|10.971| 0.021| 2.522| 0.010| 1.56e-03| 0.008| 3.357| 0.103|                |  1|KCat|Sloan|Simbad|287.76892|+43.71328
287.7756667|+43.7718889| 7949599|19110616+4346188|4646.4| 0.223| 0.008| 33.705| 4.100|RC      | 1.0035| 1.107| 0.078|10.610| 0.023| 2.431| 0.010| 1.31e-03| 0.008| 3.740| 0.075|                |  1|KCat|Sloan|Simbad|287.77567|+43.77189
288.2097083|+43.7425556| 7950550|19125033+4344332|4791.0|-0.128| 0.020| 61.913| 6.038|RGB     | 1.0306| 1.372| 0.039| 8.649| 0.014| 2.701| 0.007| 2.99e-03| 0.007| 3.510| 0.056|                |  1|KCat|Sloan|Simbad|288.20971|+43.74256
289.9449167|+43.7328889| 7954576|19194678+4343584|4088.1|-0.325| 0.151|  3.348| 0.663|RGB     | 1.0290| 1.182| 0.044|35.914| 0.017| 1.400| 0.007| 3.59e-05| 0.008| 3.669| 0.239|SeisUnc         |  0|KCat|Sloan|Simbad|289.94492|+43.73289
290.1862083|+43.7238333| 7955301|19204469+4343258|4805.0| 0.132| 0.006|123.209|10.440|RGB     | 1.0247| 1.243| 0.034| 5.833| 0.012| 3.001| 0.007| 8.84e-03| 0.007| 3.737| 0.205|                |  0|KCat|Sloan|Simbad|290.18621|+43.72383
290.2187500|+43.7335556| 7955392|19205250+4344008|4916.2|-0.181| 0.069| 43.115| 4.160|RGB(S)  | 1.0137| 2.284| 0.041|13.288| 0.015| 2.550| 0.007| 1.37e-03| 0.007| 2.817| 0.209|                |  0|KCat|Sloan|Simbad|290.21875|+43.73356
290.3610417|+43.7426389| 7955825|19212665+4344335|3929.0| 0.073| 0.038|  2.423| 0.531|RGB     | 1.0341| 1.009| 0.045|39.396| 0.017| 1.251| 0.007| 2.33e-05| 0.008| 4.030| 0.378|                |  0|KCat|Sloan|Simbad|290.36104|+43.74264
290.3700000|+43.7640833| 7955856|19212880+4345507|4723.8| 0.081| 0.034| 32.673| 3.969|RC      | 0.9991| 1.197| 0.078|11.162| 0.023| 2.421| 0.010| 1.21e-03| 0.008| 3.630| 0.243|                |  0|KCat|Sloan|Simbad|290.37000|+43.76408
290.5868750|+43.7319722| 7956524|19222085+4343551|4445.3| 0.039| 0.053| 18.734| 2.505|RGB     | 1.0446| 1.087| 0.043|14.259| 0.016| 2.166| 0.007| 5.29e-04| 0.008| 3.924| 0.234|                |  0|KCat|Sloan|Simbad|290.58687|+43.73197
290.6318750|+43.7779444| 7956671|19223165+4346406|4719.4|-0.010|-0.009| 42.848| 4.434|RGB     | 1.0328| 1.516| 0.041|10.969| 0.015| 2.538| 0.007| 1.62e-03| 0.007| 3.398| 0.103|                |  0|KCat|Sloan|Simbad|290.63187|+43.77794
290.8056250|+43.7404167| 7957166|19231335+4344255|4875.3| 0.285| 0.010|194.968|14.319|RGB     | 1.0180| 1.461| 0.029| 5.008| 0.010| 3.203| 0.007| 1.64e-02| 0.006| 3.524| 0.165|                |  0|KCat|Sloan|Simbad|290.80562|+43.74042
290.8887083|+43.7724167| 7957377|19233329+4346207|4727.0| 0.193| 0.009| 80.330| 7.248|RGB     | 1.0291| 1.423| 0.038| 7.759| 0.014| 2.812| 0.007| 4.30e-03| 0.007| 3.552| 0.132|                |  0|KCat|Sloan|Simbad|290.88871|+43.77242
290.9890000|+43.7476944| 7957671|19235736+4344517|4613.6|-0.260| 0.183| 54.724| 5.894|RGB     | 1.0384| 0.957| 0.040| 7.755| 0.015| 2.640| 0.007| 2.89e-03| 0.007| 4.021| 0.071|                |  0|KCat|Sloan|Simbad|290.98900|+43.74769
291.0370000|+43.7315278| 7957822|19240888+4343535|4875.0|-0.246| 0.083| 29.513| 3.880|RC      | 0.9857| 1.069| 0.079|11.011| 0.024| 2.383| 0.010| 1.13e-03| 0.008| 3.680| 0.269|                |  0|KCat|Sloan|Simbad|291.03700|+43.73153
291.0693750|+43.7325833| 7957918|19241665+4343573|4835.5|-0.039| 0.020| 83.507| 7.528|RGB     | 1.0271| 1.432| 0.037| 7.592| 0.013| 2.833| 0.007| 4.62e-03| 0.007| 3.474| 0.134|                |  0|KCat|Sloan|Simbad|291.06937|+43.73258
291.8053333|+43.7673889| 7960031|19271328+4346026|4583.9| 0.249| 0.052| 24.064| 2.913|AMB     | 1.0231| 1.437| 0.108|14.349| 0.067| 2.281| 0.010| 6.86e-04| 0.010| 3.521| 0.339|                |  0|KCat|Sloan|Simbad|291.80533|+43.76739
294.1672500|+43.7811667| 7966761|19364014+4346522|4010.3| 0.046| 0.012|  2.674| 0.562|RGB     | 1.0297| 1.131| 0.044|39.507| 0.017| 1.298| 0.007| 2.59e-05| 0.008| 3.850| 0.317|SeisUnc         |  0|KCat|Sloan|Simbad|294.16725|+43.78117
294.4238333|+43.7242222| 7967534|19374172+4343272|4684.6| 0.182| 0.028| 30.369| 4.222|RC      | 0.9939| 0.758| 0.079| 9.228| 0.024| 2.387| 0.010| 1.36e-03| 0.008| 4.084| 0.243|                |  0|KCat|Sloan|Simbad|294.42383|+43.72422
294.6068750|+43.7449722| 7968120|19382565+4344419|4942.3|-0.219| 0.045| 36.759| 4.312|RC      | 1.0003| 1.303| 0.076|10.854| 0.022| 2.482| 0.010| 1.44e-03| 0.008| 3.463| 0.417|                |  0|KCat|Sloan|Simbad|294.60687|+43.74497
295.2677083|+43.7788056| 7970167|19410425+4346437|4874.7| 0.196| 0.017|226.529|24.369|RGB     |       |      |      |      |      | 3.268| 0.007|         |      |      | 0.168|No Fdnu         |  0|KCat|Sloan|Simbad|295.26771|+43.77881
295.2824167|+43.7209722| 7970207|19410778+4343155|4618.5|-0.259| 0.211| 49.341| 5.407|RGB     | 1.0384| 0.992| 0.040| 8.313| 0.015| 2.595| 0.007| 2.43e-03| 0.007| 3.973| 0.318|                |  0|KCat|Sloan|Simbad|295.28242|+43.72097
295.4005833|+43.7501111| 7970619|19413614+4345004|4771.1|-0.148| 0.041| 49.236| 5.185|RGB     | 1.0350| 1.240| 0.040| 9.231| 0.015| 2.601| 0.007| 2.22e-03| 0.007| 3.657| 0.583|                |  0|KCat|Sloan|Simbad|295.40058|+43.75011
295.4731667|+43.7626944| 7970844|19415356+4345457|4540.9| 0.293| 0.044| 65.934| 6.585|RGB     | 1.0367| 1.056| 0.039| 7.453| 0.014| 2.717| 0.007| 3.60e-03| 0.007| 4.038| 0.452|                |  0|KCat|Sloan|Simbad|295.47317|+43.76269
296.3750417|+43.7782500| 7973937|19453001+4346417|4123.5|-0.184| 0.031|  2.843| 0.594|RGB     | 1.0281| 1.141| 0.044|38.222| 0.017| 1.331| 0.007| 2.88e-05| 0.008| 3.770| 0.766|SeisUnc         |  0|KCat|Sloan|Simbad|296.37504|+43.77825
296.5259167|+43.7710000| 7974439|19460622+4346156|4378.3|-0.173| 0.052|  8.700| 1.359|RGB     | 1.0397| 1.250| 0.044|22.523| 0.017| 1.830| 0.007| 1.54e-04| 0.008| 3.649| 0.573|                |  0|KCat|Sloan|Simbad|296.52592|+43.77100
296.5753333|+43.7404167| 7974594|19461808+4344255|4673.1|-0.294| 0.066| 24.492| 2.993|RGB     | 1.0362| 1.326| 0.043|13.606| 0.016| 2.293| 0.007| 7.43e-04| 0.008| 3.525| 0.572|                |  0|KCat|Sloan|Simbad|296.57533|+43.74042
296.7793750|+43.7408611| 7975276|19470705+4344271|4761.3| 0.137| 0.004| 87.095| 7.857|RGB     | 1.0288| 1.329| 0.037| 7.188| 0.013| 2.848| 0.007| 5.04e-03| 0.007| 3.640| 0.421|                |  0|KCat|Sloan|Simbad|296.77937|+43.74086
296.8762917|+43.7409722| 7975647|19473031+4344275|4927.0|-0.099| 0.018|104.753| 8.954|RGB     | 1.0233| 1.474| 0.036| 6.845| 0.013| 2.936| 0.007| 6.48e-03| 0.007| 3.402| 0.518|                |  0|KCat|Sloan|Simbad|296.87629|+43.74097
296.9698750|+43.7682222| 7975969|19475277+4346056|4771.7| 0.007|-0.021| 35.693| 4.180|RC      | 1.0001| 1.283| 0.077|11.027| 0.023| 2.461| 0.010| 1.35e-03| 0.008| 3.528| 0.443|                |  0|KCat|Sloan|Simbad|296.96987|+43.76822
296.9779583|+43.7084167| 7976006|19475471+4342303|4976.9|-0.097| 0.020|113.897| 9.434|RGB     | 1.0212| 1.574| 0.035| 6.766| 0.012| 2.974| 0.007| 7.17e-03| 0.007| 3.302| 0.421|                |  0|KCat|Sloan|Simbad|296.97796|+43.70842
297.0923750|+43.7526944| 7976420|19482217+4345097|4869.4| 0.128| 0.003| 45.095| 4.722|RC      | 0.9989| 1.646| 0.072|11.057| 0.020| 2.567| 0.009| 1.72e-03| 0.008| 3.270| 0.448|                |  0|KCat|Sloan|Simbad|297.09237|+43.75269
297.7582500|+43.7472778| 7979316|19510198+4344502|4899.6| 0.120|-0.009| 52.109| 5.040|RC      | 1.0048| 1.929| 0.069|11.117| 0.019| 2.631| 0.009| 1.98e-03| 0.008| 3.128| 0.386|                |  0|KCat|Sloan|Simbad|297.75825|+43.74728
297.7969583|+43.7017222| 7979468|19511127+4342062|4693.6|-0.012|-0.008| 58.039| 5.924|RGB     | 1.0354| 1.161| 0.040| 8.260| 0.015| 2.669| 0.007| 2.91e-03| 0.007| 3.790| 0.781|                |  0|KCat|Sloan|Simbad|297.79696|+43.70172
298.6529583|+43.7230278| 7983015|19543671+4343229|4649.9| 0.295| 0.071|135.908|11.409|RGB     | 1.0260| 1.109| 0.033| 5.287| 0.012| 3.036| 0.007| 1.06e-02| 0.007| 3.960| 0.489|                |  0|KCat|Sloan|Simbad|298.65296|+43.72303
298.7023750|+43.7181944| 7983221|19544857+4343055|5061.4| 0.037|-0.035| 82.860| 6.890|RC      | 0.9900| 2.474| 0.055| 9.904| 0.012| 2.840| 0.008| 3.59e-03| 0.008| 2.869| 0.340|                |  0|KCat|Sloan|Simbad|298.70237|+43.71819
298.7593750|+43.7650278| 7983431|19550225+4345541|4688.6|-0.109| 0.134|110.570|10.013|REJECT  |       |      |      |      |      |      |      |         |      |      | 0.309|No Seis         |  0|KCat|Sloan|Simbad|298.75937|+43.76503
298.7713333|+43.7663056| 7983470|19550512+4345587|4714.5| 0.416| 0.007|122.374|10.422|RGB     | 1.0274| 1.180| 0.034| 5.728| 0.012| 2.994| 0.007| 8.85e-03| 0.007| 3.881| 0.346|                |  0|KCat|Sloan|Simbad|298.77133|+43.76631
299.2510833|+43.7264444| 7985382|19570026+4343352|4782.3| 0.103|-0.013| 74.442| 6.753|RGB     | 1.0282| 1.535| 0.038| 8.347| 0.014| 2.781| 0.007| 3.72e-03| 0.007| 3.410| 0.471|                |  0|KCat|Sloan|Simbad|299.25108|+43.72644
299.2654583|+43.7890556| 7985438|19570371+4347206|4895.4| 0.175|-0.017|170.084|12.741|RGB     | 1.0184| 1.555| 0.030| 5.525| 0.010| 3.145| 0.007| 1.30e-02| 0.006| 3.398| 0.240|                |  0|KCat|Sloan|Simbad|299.26546|+43.78906
300.0996250|+43.7368611| 7988900|20002391+4344127|5083.4| 0.027|-0.028| 46.495| 4.124|RC      | 1.0000| 3.292| 0.071|15.233| 0.020| 2.590| 0.009| 1.31e-03| 0.008| 2.633| 0.474|                |  0|KCat|Sloan|Simbad|300.09962|+43.73686
300.1736250|+43.7787222| 7989213|20004167+4346434|4377.0|-0.233| 0.150|  8.001| 1.443|RGB     | 1.0193| 0.828| 0.044|19.119| 0.017| 1.793| 0.007| 1.67e-04| 0.008| 4.242| 1.040|Ageold          |  0|KCat|Sloan|Simbad|300.17362|+43.77872
280.0820417|+43.8105556| 8004637|18401969+4348380|4717.9| 0.115| 0.007| 85.984| 8.084|RGB     | 1.0317| 1.113| 0.037| 6.637| 0.013| 2.841| 0.007| 5.37e-03| 0.007| 3.903| 0.127|                |  0|KCat|Sloan|Simbad|280.08204|+43.81056
280.2315000|+43.8836667| 8004863|18405556+4353012|4934.8|-0.119| 0.031| 96.946| 8.537|RGB     | 1.0246| 1.411| 0.036| 6.958| 0.013| 2.903| 0.007| 5.91e-03| 0.007| 3.464| 0.172|                |  0|KCat|Sloan|Simbad|280.23150|+43.88367
280.4265833|+43.8404444| 8005116|18414238+4350256|4703.2| 0.207|-0.009| 38.228| 4.161|RC      | 1.0008| 1.567| 0.075|11.817| 0.022| 2.488| 0.010| 1.34e-03| 0.008| 3.345| 0.174|                |  0|KCat|Sloan|Simbad|280.42658|+43.84044
281.0782500|+43.8673889| 8006058|18441878+4352026|4833.3|-0.239| 0.090| 37.201| 4.275|RC      | 0.9933| 1.391| 0.076|11.210| 0.022| 2.482| 0.010| 1.39e-03| 0.008| 3.384| 0.081|                |  0|KCat|Sloan|Simbad|281.07825|+43.86739
281.8536250|+43.8911111| 8007217|18472487+4353280|4910.4| 0.308| 0.002| 91.946| 7.299|RC      | 0.9925| 2.539| 0.051| 9.595| 0.011| 2.878| 0.008| 4.05e-03| 0.008| 2.863| 0.054|                |  0|KCat|Sloan|Simbad|281.85362|+43.89111
281.8544583|+43.8084167| 8007218|18472507+4348303|4854.4| 0.069|-0.004|178.656|14.233|RGB     | 1.0195| 1.137| 0.030| 4.621| 0.010| 3.164| 0.007| 1.63e-02| 0.006| 3.851| 0.100|                |  0|KCat|Sloan|Simbad|281.85446|+43.80842
282.0125000|+43.8675278| 8007458|18480300+4352031|4922.8|-0.297| 0.018| 66.116| 6.265|RGB     | 1.0270| 1.523| 0.039| 8.758| 0.014| 2.736| 0.007| 3.20e-03| 0.007| 3.299| 0.084|                |  0|KCat|Sloan|Simbad|282.01250|+43.86753
282.6654167|+43.8114167| 8008492|18503970+4348411|4271.0|-0.281| 0.184|  5.825| 1.159|RGB     | 1.0082| 0.775| 0.044|21.804| 0.017| 1.650| 0.007| 1.05e-04| 0.008| 4.247| 0.049|Ageold          |  0|KCat|Sloan|Simbad|282.66542|+43.81142
283.1247500|+43.8697778| 8009339|18522994+4352112|4742.4| 0.162| 0.005| 37.211| 3.969|RC      | 1.0139| 1.678| 0.076|12.370| 0.022| 2.478| 0.010| 1.25e-03| 0.008| 3.262| 0.098|                |  0|KCat|Sloan|Simbad|283.12475|+43.86978
286.5524167|+43.8550556| 8015956|19061258+4351182|4695.2|-0.441| 0.218| 49.428| 5.462|RGB     | 1.0378| 0.984| 0.040| 8.239| 0.015| 2.599| 0.007| 2.48e-03| 0.007| 3.936| 0.000|                |  0|KCat|Sloan|Simbad|286.55242|+43.85506
286.6385833|+43.8500278| 8016118|19063326+4351001|5016.8| 0.024| 0.007| 82.884| 7.198|RC      | 0.9972| 1.993| 0.055| 8.906| 0.012| 2.838| 0.008| 3.98e-03| 0.008| 3.028| 0.048|                |  1|KCat|Sloan|Simbad|286.63858|+43.85003
286.6390833|+43.8643056| 8016119|19063338+4351515|4651.2|-0.348| 0.088| 20.475| 2.450|RGB     | 1.0291| 1.763| 0.043|17.176| 0.016| 2.214| 0.007| 4.91e-04| 0.008| 3.096| 0.087|                |  0|KCat|Sloan|Simbad|286.63908|+43.86431
287.1734583|+43.8695278| 8017159|19084163+4352103|4629.0|-1.952| 0.304|  3.069| 0.690|RGB     | 1.0210| 0.966| 0.044|32.876| 0.017| 1.389| 0.007| 3.83e-05| 0.008| 3.751| 0.070|                |  1|KCat|Sloan|Simbad|287.17346|+43.86953
287.5239583|+43.8652778| 8017898|19100575+4351550|4779.5|-0.046| 0.017| 75.205| 7.194|RGB     | 1.0312| 1.213| 0.038| 7.385| 0.014| 2.785| 0.007| 4.25e-03| 0.007| 3.721| 0.083|                |  0|KCat|Sloan|Simbad|287.52396|+43.86528
287.8088750|+43.8092778| 8018464|19111413+4348334|4780.7|-0.307| 0.075| 44.174| 4.903|RGB     | 1.0366| 1.116| 0.041| 9.242| 0.015| 2.554| 0.007| 1.99e-03| 0.007| 3.776| 0.152|                |  0|KCat|Sloan|Simbad|287.80887|+43.80928
287.8696250|+43.8846111| 8018575|19112871+4353046|4570.6|-0.412| 0.101| 19.359| 2.725|RGB     | 1.0464| 0.887| 0.043|12.585| 0.016| 2.186| 0.007| 6.28e-04| 0.008| 4.094| 0.127|                |  0|KCat|Sloan|Simbad|287.86962|+43.88461
288.0730833|+43.8401944| 8019020|19121754+4350247|4780.2|-0.243| 0.191| 27.781| 3.863|RC      | 0.9912| 0.862| 0.080|10.241| 0.024| 2.353| 0.010| 1.13e-03| 0.008| 3.898| 0.124|                |  0|KCat|Sloan|Simbad|288.07308|+43.84019
290.0598750|+43.8424722| 8023581|19201437+4350329|4665.5|-0.418| 0.212| 49.118| 5.432|RGB     | 1.0382| 0.976| 0.040| 8.245| 0.015| 2.595| 0.007| 2.46e-03| 0.007| 3.956| 0.125|                |  0|KCat|Sloan|Simbad|290.05987|+43.84247
290.1920000|+43.8521667| 8023982|19204608+4351078|4820.6| 0.034| 0.001| 36.045| 4.220|RC(S)   | 1.0008| 1.288| 0.076|10.968| 0.022| 2.468| 0.010| 1.38e-03| 0.008| 3.543| 0.279|                |  0|KCat|Sloan|Simbad|290.19200|+43.85217
291.1575417|+43.8475000| 8026963|19243781+4350510|4900.8|-0.067| 0.020| 94.057| 8.139|RGB     | 1.0244| 1.544| 0.037| 7.403| 0.013| 2.888| 0.007| 5.37e-03| 0.007| 3.357| 0.124|                |  0|KCat|Sloan|Simbad|291.15754|+43.84750
291.3700000|+43.8159444| 8027609|19252880+4348574|4888.1| 0.216| 0.008|220.255|16.400|RGB     | 1.0172| 1.233| 0.028| 4.325| 0.009| 3.257| 0.007| 2.15e-02| 0.006| 3.767| 0.377|                |  0|KCat|Sloan|Simbad|291.37000|+43.81594
291.8539167|+43.8365833| 8028908|19272494+4350117|4785.2|-0.225| 0.200|140.746|12.128|RGB     | 1.0230| 1.018| 0.033| 4.944| 0.011| 3.058| 0.007| 1.19e-02| 0.007| 3.958| 0.044|                |  0|KCat|Sloan|Simbad|291.85392|+43.83658
294.6485833|+43.8464444| 8037095|19383566+4350472|3927.3|-0.229| 0.206|  2.023| 0.466|RGB     | 1.0503| 0.929| 0.045|41.379| 0.017| 1.172| 0.007| 1.85e-05| 0.008| 4.073| 0.457|SeisUnc         |  0|KCat|Sloan|Simbad|294.64858|+43.84644
294.6497917|+43.8913056| 8037100|19383595+4353287|4616.9|-0.872| 0.254| 14.383| 2.072|RGB     | 1.0378| 1.141| 0.043|16.518| 0.016| 2.059| 0.007| 3.57e-04| 0.008| 3.606| 0.320|                |  0|KCat|Sloan|Simbad|294.64979|+43.89131
295.0367083|+43.8588889| 8038347|19400881+4351320|4876.6|-0.542|-0.044| 51.520| 5.458|RGB     | 1.0322| 1.209| 0.040| 8.861| 0.015| 2.625| 0.007| 2.45e-03| 0.007| 3.580| 0.366|                |  0|KCat|Sloan|Simbad|295.03671|+43.85889
295.2717500|+43.8922778| 8039063|19410522+4353322|4592.5| 0.260| 0.064| 80.045| 7.531|RGB     | 1.0335| 1.137| 0.038| 6.998| 0.014| 2.804| 0.007| 4.68e-03| 0.007| 3.914| 0.359|                |  0|KCat|Sloan|Simbad|295.27175|+43.89228
295.3818333|+43.8225278| 8039416|19413164+4349211|4684.7| 0.116| 0.017| 32.136| 3.979|RC      | 1.0022| 1.101| 0.078|10.814| 0.023| 2.412| 0.010| 1.23e-03| 0.008| 3.725| 0.393|                |  0|KCat|Sloan|Simbad|295.38183|+43.82253
295.6460833|+43.8789167| 8040267|19423506+4352441|4860.6| 0.043| 0.051|196.673|15.466|RGB     | 1.0182| 1.096| 0.029| 4.322| 0.010| 3.206| 0.007| 1.92e-02| 0.006| 3.908| 0.219|                |  0|KCat|Sloan|Simbad|295.64608|+43.87892
295.8018750|+43.8410000| 8040763|19431245+4350276|5003.8|-0.020|-0.012|150.755|11.714|RGB     | 1.0185| 1.565| 0.032| 5.855| 0.011| 3.097| 0.007| 1.10e-02| 0.007| 3.331| 0.495|                |  0|KCat|Sloan|Simbad|295.80187|+43.84100
296.0659583|+43.8108333| 8041612|19441583+4348390|4021.4| 0.188| 0.019|  4.115| 0.762|RGB     | 1.0404| 1.174| 0.044|32.424| 0.017| 1.486| 0.007| 4.85e-05| 0.008| 3.841| 0.599|SeisUnc         |  0|KCat|Sloan|Simbad|296.06596|+43.81083
296.1550000|+43.8924167| 8041904|19443720+4353327|4730.7|-0.047|-0.014| 49.168| 4.935|RGB     | 1.0319| 1.504| 0.040|10.194| 0.015| 2.599| 0.007| 2.00e-03| 0.007| 3.404| 0.416|                |  0|KCat|Sloan|Simbad|296.15500|+43.89242
296.2160833|+43.8987222| 8042126|19445186+4353554|4871.7|-0.385| 0.174|155.475|13.289|RGB     | 1.0202| 0.989| 0.032| 4.615| 0.011| 3.105| 0.007| 1.42e-02| 0.007| 3.932| 0.051|                |  0|KCat|Sloan|Simbad|296.21608|+43.89872
296.6207917|+43.8761944| 8043596|19462899+4352343|4802.6|-0.385| 0.216|111.151|10.250|RGB     | 1.0262| 0.976| 0.035| 5.442| 0.012| 2.956| 0.007| 8.54e-03| 0.007| 3.953| 0.216|                |  0|KCat|Sloan|Simbad|296.62079|+43.87619
296.8033333|+43.8932778| 8044218|19471280+4353358|4625.9| 0.163| 0.008| 67.708| 6.705|RGB     | 1.0357| 1.098| 0.039| 7.464| 0.014| 2.733| 0.007| 3.72e-03| 0.007| 3.941| 0.374|                |  0|KCat|Sloan|Simbad|296.80333|+43.89328
297.2325833|+43.8614167| 8045883|19485582+4351411|4786.4|-0.135| 0.039| 30.862| 3.965|RC      | 0.9943| 1.054| 0.079|10.740| 0.024| 2.399| 0.010| 1.20e-03| 0.008| 3.713| 0.399|                |  0|KCat|Sloan|Simbad|297.23258|+43.86142
297.3050833|+43.8347222| 8046212|19491322+4350050|4765.3| 0.122|-0.017| 72.716| 6.640|RGB     | 1.0288| 1.518| 0.038| 8.407| 0.014| 2.770| 0.007| 3.60e-03| 0.007| 3.431| 0.389|                |  0|KCat|Sloan|Simbad|297.30508|+43.83472
297.3587083|+43.8725000| 8046439|19492609+4352210|4988.4|-0.025| 0.011| 70.486| 6.376|RC      | 0.9977| 1.970| 0.060| 9.615| 0.015| 2.766| 0.008| 3.12e-03| 0.008| 3.064| 0.384|                |  0|KCat|Sloan|Simbad|297.35871|+43.87250
298.5945833|+43.8684167| 8051694|19542270+4352063|4771.9| 0.102|-0.005| 40.614| 4.444|RC      | 0.9958| 1.505| 0.074|11.197| 0.021| 2.517| 0.010| 1.51e-03| 0.008| 3.368| 0.394|                |  0|KCat|Sloan|Simbad|298.59458|+43.86842
299.1696667|+43.8618611| 8053949|19564072+4351427|4806.1| 0.022|-0.002| 70.745| 6.504|RGB     | 1.0282| 1.542| 0.039| 8.573| 0.014| 2.760| 0.007| 3.45e-03| 0.007| 3.387| 0.444|                |  0|KCat|Sloan|Simbad|299.16967|+43.86186
299.1982500|+43.8508056| 8054055|19564758+4351029|4788.9| 0.149|-0.020|123.737|10.423|REJECT  |       |      |      |      |      |      |      |         |      |      | 0.370|No Seis         |  0|KCat|Sloan|Simbad|299.19825|+43.85081
299.4275833|+43.8996667| 8055041|19574262+4353588|5068.8| 0.021| 0.003| 97.111| 7.868|RC(S)   | 0.9912| 2.336| 0.049| 8.885| 0.010| 2.909| 0.007| 4.70e-03| 0.008| 2.923| 0.469|                |  0|KCat|Sloan|Simbad|299.42758|+43.89967
299.4458333|+43.8214444| 8055108|19574700+4349172|4992.9|-0.142| 0.018|114.768| 9.186|RGB     | 1.0155| 1.841| 0.035| 7.284| 0.012| 2.978| 0.007| 6.72e-03| 0.007| 3.075| 0.441|                |  0|KCat|Sloan|Simbad|299.44583|+43.82144
299.8751667|+43.8405278| 8056874|19593004+4350259|4913.2|-0.008|-0.012| 53.099| 5.269|RC      | 0.9997| 1.751| 0.068|10.484| 0.019| 2.640| 0.009| 2.14e-03| 0.008| 3.174| 0.591|                |  0|KCat|Sloan|Simbad|299.87517|+43.84053
299.9162500|+43.8626111| 8057047|19593990+4351454|4719.1| 0.091| 0.028|102.253| 9.342|RGB     | 1.0297| 1.058| 0.036| 5.933| 0.013| 2.916| 0.007| 7.15e-03| 0.007| 3.980| 0.528|                |  0|KCat|Sloan|Simbad|299.91625|+43.86261
299.9504583|+43.8461389| 8057180|19594811+4350461|4831.7|-0.009| 0.003| 90.212| 7.976|RGB     | 1.0260| 1.438| 0.037| 7.319| 0.013| 2.867| 0.007| 5.17e-03| 0.007| 3.468| 0.468|                |  0|KCat|Sloan|Simbad|299.95046|+43.84614
300.1789583|+43.8331389| 8058062|20004295+4349593|4934.5|-0.293| 0.019|140.148|11.804|RGB     | 1.0206| 1.184| 0.033| 5.302| 0.011| 3.063| 0.007| 1.12e-02| 0.007| 3.677| 0.519|                |  0|KCat|Sloan|Simbad|300.17896|+43.83314
280.3823333|+43.9819722| 8073887|18413176+4358551|4814.1| 0.227| 0.017|189.693|14.694|RGB     | 1.0192| 1.185| 0.029| 4.587| 0.010| 3.189| 0.007| 1.73e-02| 0.006| 3.836| 0.156|                |  0|KCat|Sloan|Simbad|280.38233|+43.98197
280.6887500|+43.9590833| 8074326|18424530+4357327|4728.1| 0.149| 0.016| 35.030| 4.193|RC      | 1.0024| 1.171| 0.077|10.657| 0.023| 2.451| 0.010| 1.36e-03| 0.008| 3.667| 0.268|                |  0|KCat|Sloan|Simbad|280.68875|+43.95908
282.8234167|+43.9363056| 8077790|18511762+4356107|4834.5| 0.091| 0.007|142.598|11.745|RGB     | 1.0225| 1.225| 0.033| 5.374| 0.011| 3.066| 0.007| 1.11e-02| 0.007| 3.746| 0.095|                |  0|KCat|Sloan|Simbad|282.82342|+43.93631
283.1602917|+43.9310833| 8078554|18523847+4355519|4842.6|-0.064| 0.025| 35.173| 4.222|RC      | 1.0004| 1.205| 0.077|10.725| 0.023| 2.458| 0.010| 1.38e-03| 0.008| 3.595| 0.103|                |  0|KCat|Sloan|Simbad|283.16029|+43.93108
284.4467083|+43.9584444| 8081069|18574721+4357304|4744.0| 0.095| 0.005| 34.064| 4.116|RC      | 1.0025| 1.165| 0.077|10.773| 0.023| 2.440| 0.010| 1.32e-03| 0.008| 3.659| 0.148|                |  1|KCat|Sloan|Simbad|284.44671|+43.95844
284.4875417|+43.9161389| 8081145|18575701+4354581|4145.0|-0.470| 0.195|  3.242| 0.694|RGB     | 1.0368| 0.889| 0.044|31.542| 0.017| 1.389| 0.007| 4.00e-05| 0.008| 4.043| 0.105|                |  1|KCat|Sloan|Simbad|284.48754|+43.91614
284.5530833|+43.9920833| 8081278|18581274+4359315|4529.5| 0.078| 0.015| 33.736| 3.848|RGB     | 1.0389| 1.198| 0.042|11.104| 0.016| 2.426| 0.007| 1.23e-03| 0.007| 3.781| 0.082|                |  1|KCat|Sloan|Simbad|284.55308|+43.99208
284.6920000|+43.9230833| 8081535|18584608+4355231|4770.4| 0.182| 0.007| 42.641| 4.570|RC      | 0.9993| 1.535| 0.073|11.037| 0.021| 2.538| 0.009| 1.61e-03| 0.008| 3.355| 0.150|                |  1|KCat|Sloan|Simbad|284.69200|+43.92308
284.7481667|+43.9737778| 8081636|18585956+4358256|4766.5|-0.453| 0.081| 38.105| 4.373|RGB     | 1.0376| 1.123| 0.041| 9.986| 0.015| 2.489| 0.007| 1.59e-03| 0.007| 3.717| 0.152|                |  0|KCat|Sloan|Simbad|284.74817|+43.97378
284.8700417|+43.9700833| 8081853|18592881+4358123|4381.3|-0.052| 0.044|  7.064| 1.332|RGB     | 1.0101| 0.815| 0.044|20.179| 0.017| 1.739| 0.007| 1.40e-04| 0.008| 4.244| 0.240|Ageold          |  1|KCat|Sloan|Simbad|284.87004|+43.97008
285.1558333|+43.9806389| 8082339|19003740+4358503|4654.6|-0.477| 0.154| 31.252| 3.892|RGB     | 1.0414| 0.939| 0.042|10.146| 0.016| 2.398| 0.007| 1.27e-03| 0.008| 3.982| 0.100|                |  0|KCat|Sloan|Simbad|285.15583|+43.98064
285.2398333|+43.9773889| 8082494|19005756+4358386|4704.8| 0.148| 0.015| 32.473| 3.836|RC      | 0.9982| 1.344| 0.078|11.876| 0.023| 2.417| 0.010| 1.13e-03| 0.008| 3.515| 0.191|                |  1|KCat|Sloan|Simbad|285.23983|+43.97739
285.4776667|+43.9602222| 8082913|19015464+4357368|4540.4|-0.514| 0.175|  8.030| 1.452|RGB     | 1.0359| 0.808| 0.044|18.681| 0.017| 1.803| 0.007| 1.75e-04| 0.008| 4.195| 0.010|Ageold, SeisUnc |  0|KCat|Sloan|Simbad|285.47767|+43.96022
286.7651250|+43.9187778| 8085217|19070363+4355076|3957.5|-0.279| 0.221|  2.138| 0.512|RGB     | 1.0290| 0.828| 0.045|37.919| 0.017| 1.198| 0.007| 2.14e-05| 0.008| 4.205| 0.239|Ageold, SeisUnc |  0|KCat|Sloan|Simbad|286.76512|+43.91878
287.1481667|+43.9174722| 8085964|19083556+4355029|4980.5| 0.219|-0.013| 95.063| 7.446|RC      | 0.9953| 2.617| 0.050| 9.547| 0.010| 2.896| 0.007| 4.24e-03| 0.008| 2.775| 0.070|                |  1|KCat|Sloan|Simbad|287.14817|+43.91747
287.2582917|+43.9460556| 8086192|19090199+4356458|4699.5| 0.104| 0.011| 75.108| 7.078|RGB     | 1.0315| 1.256| 0.038| 7.550| 0.014| 2.781| 0.007| 4.12e-03| 0.007| 3.717| 0.073|                |  1|KCat|Sloan|Simbad|287.25829|+43.94606
287.6832917|+43.9123611| 8087067|19104399+4354445|4790.6| 0.053|-0.012|100.241| 8.977|RGB     | 1.0278| 1.205| 0.036| 6.370| 0.013| 2.911| 0.007| 6.57e-03| 0.007| 3.764| 0.081|                |  1|KCat|Sloan|Simbad|287.68329|+43.91236
288.2366250|+43.9766111| 8088143|19125679+4358358|4458.5|-0.642| 0.251|  7.115| 1.347|RGB     | 1.0260| 0.769| 0.044|19.451| 0.017| 1.746| 0.007| 1.48e-04| 0.008| 4.233| 0.095|Ageold          |  0|KCat|Sloan|Simbad|288.23662|+43.97661
288.2582917|+43.9060833| 8088198|19130199+4354219|4851.1|-0.140| 0.029| 35.398| 4.139|RC      | 0.9995| 1.337| 0.077|11.258| 0.023| 2.461| 0.010| 1.32e-03| 0.008| 3.451| 0.238|                |  1|KCat|Sloan|Simbad|288.25829|+43.90608
288.2777500|+43.9306944| 8088244|19130666+4355505|4909.5|-0.438| 0.238| 31.010| 4.183|RC      | 0.9914| 0.907| 0.079| 9.876| 0.024| 2.406| 0.010| 1.33e-03| 0.008| 3.817| 0.051|                |  1|KCat|Sloan|Simbad|288.27775|+43.93069
289.2567917|+43.9451667| 8090356|19170163+4356426|4006.1|-0.010| 0.032|  2.150| 0.536|RGB     | 0.9902| 0.830| 0.045|37.763| 0.017| 1.203| 0.007| 2.18e-05| 0.008| 4.243| 0.350|Ageold          |  0|KCat|Sloan|Simbad|289.25679|+43.94517
289.5915000|+43.9024444| 8091157|19182196+4354088|4763.5|-0.147| 0.023| 59.013| 5.862|RGB     | 1.0318| 1.320| 0.040| 8.703| 0.014| 2.679| 0.007| 2.83e-03| 0.007| 3.566| 0.130|                |  0|KCat|Sloan|Simbad|289.59150|+43.90244
289.7230833|+43.9556389| 8091492|19185354+4357203|4688.1| 0.212| 0.027| 79.150| 7.212|RGB     | 1.0302| 1.366| 0.038| 7.674| 0.014| 2.803| 0.007| 4.26e-03| 0.007| 3.621| 0.230|                |  0|KCat|Sloan|Simbad|289.72308|+43.95564
289.9472917|+43.9354167| 8092097|19194735+4356075|4836.3|-0.245| 0.065| 31.882| 3.479|RGB     | 1.0292| 1.733| 0.042|13.515| 0.016| 2.415| 0.007| 9.90e-04| 0.008| 3.130| 0.172|                |  0|KCat|Sloan|Simbad|289.94729|+43.93542
290.0795833|+43.9369722| 8092466|19201910+4356131|4722.2|-0.019|-0.020| 59.016| 5.880|RGB     | 1.0331| 1.281| 0.040| 8.591| 0.014| 2.677| 0.007| 2.85e-03| 0.007| 3.642| 0.214|                |  0|KCat|Sloan|Simbad|290.07958|+43.93697
290.4720833|+43.9988611| 8093877|19215330+4359559|4653.2|-0.173| 0.054| 35.589| 4.143|RGB     | 1.0391| 1.089| 0.042|10.236| 0.015| 2.455| 0.007| 1.43e-03| 0.007| 3.857| 0.201|                |  0|KCat|Sloan|Simbad|290.47208|+43.99886
290.6059167|+43.9718611| 8094277|19222542+4358187|4914.3|-1.172| 0.296| 62.504| 6.812|RGB     | 1.0306| 0.905| 0.039| 6.948| 0.014| 2.711| 0.007| 3.81e-03| 0.007| 3.907| 0.000|                |  0|KCat|Sloan|Simbad|290.60592|+43.97186
290.7221250|+43.9230833| 8094602|19225331+4355231|4616.5| 0.200| 0.035| 54.892| 5.435|RGB     | 1.0340| 1.360| 0.040| 9.229| 0.015| 2.641| 0.007| 2.44e-03| 0.007| 3.633| 0.278|                |  0|KCat|Sloan|Simbad|290.72212|+43.92308
290.8256667|+43.9754444| 8094889|19231816+4358316|4094.2|-0.179| 0.163|  4.902| 0.841|RGB     | 1.0323| 1.417| 0.044|32.494| 0.017| 1.566| 0.007| 5.82e-05| 0.008| 3.463| 0.264|                |  0|KCat|Sloan|Simbad|290.82567|+43.97544
290.8492500|+43.9440000| 8094948|19232382+4356384|4619.7|-0.360| 0.074| 23.591| 3.038|RGB     | 1.0408| 1.078| 0.043|12.536| 0.016| 2.274| 0.007| 7.72e-04| 0.008| 3.803| 0.106|                |  0|KCat|Sloan|Simbad|290.84925|+43.94400
291.8584583|+43.9089167| 8097755|19272603+4354321|4893.1|-0.483| 0.273| 29.224| 4.117|RC      | 0.9839| 0.829| 0.080| 9.737| 0.024| 2.380| 0.010| 1.27e-03| 0.008| 3.902| 0.340|                |  0|KCat|Sloan|Simbad|291.85846|+43.90892
291.8827083|+43.9969167| 8097831|19273185+4359489|4770.9|-0.385| 0.059| 39.353| 4.465|RGB     | 1.0363| 1.145| 0.041| 9.922| 0.015| 2.504| 0.007| 1.65e-03| 0.007| 3.714| 0.124|                |  0|KCat|Sloan|Simbad|291.88271|+43.99692
291.9214167|+43.9250556| 8097926|19274114+4355302|4944.7|-0.468| 0.129| 29.258| 4.010|RC      | 0.9887| 0.921| 0.080|10.230| 0.024| 2.383| 0.010| 1.21e-03| 0.008| 3.795| 0.234|                |  0|KCat|Sloan|Simbad|291.92142|+43.92506
292.1198333|+43.9748611| 8098454|19282876+4358295|4813.8| 0.333| 0.027|230.924|17.127|RGB     | 1.0175| 1.166| 0.028| 4.124| 0.009| 3.274| 0.007| 2.35e-02| 0.006| 3.886| 0.256|                |  0|KCat|Sloan|Simbad|292.11983|+43.97486
292.1704167|+43.9287222| 8098590|19284090+4355434|4901.6|-0.097| 0.033|127.009|10.887|RGB     | 1.0234| 1.193| 0.034| 5.599| 0.012| 3.018| 0.007| 9.58e-03| 0.007| 3.732| 0.278|                |  0|KCat|Sloan|Simbad|292.17042|+43.92872
292.1770000|+43.9463056| 8098608|19284248+4356467|4844.4| 0.043| 0.015|125.531|10.746|RGB     | 1.0244| 1.187| 0.034| 5.635| 0.012| 3.011| 0.007| 9.36e-03| 0.007| 3.785| 0.340|                |  0|KCat|Sloan|Simbad|292.17700|+43.94631
292.3460000|+43.9199722| 8099073|19292304+4355119|4934.4| 0.041| 0.014| 41.838| 4.434|RC      | 1.0079| 1.664| 0.074|11.502| 0.021| 2.538| 0.010| 1.54e-03| 0.008| 3.247| 0.344|                |  0|KCat|Sloan|Simbad|292.34600|+43.91997
292.3543750|+43.9947222| 8099102|19292505+4359410|4732.3|-0.762| 0.214| 26.711| 3.446|RGB     | 1.0402| 0.982| 0.042|11.177| 0.016| 2.334| 0.007| 9.92e-04| 0.008| 3.844| 0.284|                |  0|KCat|Sloan|Simbad|292.35437|+43.99472
294.3115417|+43.9255278| 8104771|19371477+4355319|4870.9| 0.065|-0.005| 59.068| 5.578|RC      | 1.0001| 1.891| 0.066|10.353| 0.017| 2.685| 0.009| 2.40e-03| 0.008| 3.135| 0.227|                |  0|KCat|Sloan|Simbad|294.31154|+43.92553
294.8757083|+43.9145278| 8106525|19393017+4354523|4695.8|-0.051|-0.005| 23.954| 2.634|RGB     | 1.0244| 2.181| 0.043|17.620| 0.016| 2.285| 0.007| 5.62e-04| 0.008| 2.901| 0.210|                |  0|KCat|Sloan|Simbad|294.87571|+43.91453
295.0544167|+43.9346944| 8107079|19401306+4356049|4887.0| 0.065| 0.009|129.402|10.419|RGB     | 1.0213| 1.509| 0.034| 6.244| 0.012| 3.026| 0.007| 8.74e-03| 0.007| 3.420| 0.239|                |  0|KCat|Sloan|Simbad|295.05442|+43.93469
295.1110000|+43.9325833| 8107227|19402664+4355573|5135.3|-0.006|-0.015| 72.455| 6.087|RC      | 0.9869| 2.810| 0.060|11.245| 0.014| 2.785| 0.008| 2.79e-03| 0.008| 2.636| 0.470|                |  0|KCat|Sloan|Simbad|295.11100|+43.93258
295.1536667|+43.9374722| 8107355|19403688+4356149|4811.4| 0.157| 0.019|245.774|17.967|RGB     | 1.0164| 1.165| 0.028| 3.996| 0.009| 3.301| 0.007| 2.58e-02| 0.006| 3.843| 0.124|                |  0|KCat|Sloan|Simbad|295.15367|+43.93747
295.3062083|+43.9994444| 8107831|19411349+4359580|4805.8| 0.130|-0.043| 50.057| 4.849|RC      | 1.0091| 1.906| 0.070|11.329| 0.019| 2.610| 0.009| 1.85e-03| 0.008| 3.141| 0.428|                |  0|KCat|Sloan|Simbad|295.30621|+43.99944
295.3552083|+43.9071111| 8107984|19412525+4354256|4467.6| 0.353| 0.015| 44.905| 4.829|RGB     | 1.0397| 1.113| 0.041| 9.308| 0.015| 2.547| 0.007| 1.95e-03| 0.007| 3.965| 0.419|                |  0|KCat|Sloan|Simbad|295.35521|+43.90711
295.5880417|+43.9487500| 8108732|19422113+4356555|4827.9|-0.016| 0.027|115.091|10.270|RGB     | 1.0265| 1.082| 0.035| 5.624| 0.012| 2.972| 0.007| 8.58e-03| 0.007| 3.895| 0.419|                |  0|KCat|Sloan|Simbad|295.58804|+43.94875
296.2009583|+43.9765278| 8110811|19444823+4358355|5049.6| 0.113|-0.017| 98.605| 7.892|RC      | 0.9923| 2.391| 0.048| 8.929| 0.010| 2.915| 0.007| 4.73e-03| 0.008| 2.902| 0.238|                |  0|KCat|Sloan|Simbad|296.20096|+43.97653
296.3414583|+43.9949722| 8111302|19452195+4359419|4863.4|-0.209| 0.027| 59.676| 5.855|RGB     | 1.0296| 1.427| 0.039| 8.952| 0.014| 2.689| 0.007| 2.81e-03| 0.007| 3.421| 0.588|                |  0|KCat|Sloan|Simbad|296.34146|+43.99497
296.4620833|+43.9058333| 8111705|19455090+4354210|5047.2| 0.120|-0.015|106.705| 8.308|RC      | 0.9978| 2.412| 0.047| 8.623| 0.009| 2.949| 0.007| 5.31e-03| 0.008| 2.854| 0.572|                |  0|KCat|Sloan|Simbad|296.46208|+43.90583
296.6646250|+43.9597222| 8112377|19463951+4357350|4625.2| 0.112|-0.010| 52.431| 5.333|RGB     | 1.0347| 1.278| 0.040| 9.152| 0.015| 2.622| 0.007| 2.35e-03| 0.007| 3.695| 0.385|                |  0|KCat|Sloan|Simbad|296.66462|+43.95972
296.7062500|+43.9302222| 8112523|19464950+4355488|4573.3| 0.320|-0.003| 64.876| 6.419|RGB     | 1.0359| 1.129| 0.039| 7.755| 0.014| 2.712| 0.007| 3.41e-03| 0.007| 3.936| 0.378|                |  0|KCat|Sloan|Simbad|296.70625|+43.93022
297.4325417|+43.9930556| 8115488|19494381+4359350|4870.6| 0.003| 0.015|158.951|12.904|RGB     | 1.0206| 1.186| 0.031| 4.999| 0.011| 3.114| 0.007| 1.34e-02| 0.007| 3.762| 0.442|                |  0|KCat|Sloan|Simbad|297.43254|+43.99306
298.5256667|+43.9900000| 8120076|19540616+4359240|4760.8| 0.051| 0.018| 33.762| 3.949|RC      | 0.9963| 1.380| 0.077|11.765| 0.023| 2.437| 0.010| 1.20e-03| 0.008| 3.463| 0.472|                |  0|KCat|Sloan|Simbad|298.52567|+43.99000
299.3399583|+43.9072778| 8123432|19572159+4354262|4851.8| 0.145| 0.010|143.519|11.617|RGB     | 1.0219| 1.315| 0.033| 5.544| 0.011| 3.069| 0.007| 1.09e-02| 0.007| 3.657| 0.536|                |  0|KCat|Sloan|Simbad|299.33996|+43.90728
299.4464167|+43.9334167| 8123810|19574714+4356003|4187.3| 0.382| 0.010| 14.244| 1.940|RGB     | 1.0448| 1.212| 0.043|17.530| 0.016| 2.034| 0.007| 3.17e-04| 0.008| 3.838| 1.709|                |  0|KCat|Sloan|Simbad|299.44642|+43.93342
299.4540000|+43.9689167| 8123843|19574896+4358081|4612.1| 0.154| 0.012| 34.939| 3.659|RGB     | 1.0322| 1.716| 0.042|12.999| 0.016| 2.445| 0.007| 1.10e-03| 0.007| 3.267| 0.613|                |  0|KCat|Sloan|Simbad|299.45400|+43.96892
299.6505833|+43.9599722| 8124622|19583614+4357359|5072.3| 0.103|-0.017| 63.811| 5.603|RC      | 1.0081| 2.410| 0.063|11.133| 0.016| 2.727| 0.009| 2.46e-03| 0.008| 2.884| 0.568|                |  0|KCat|Sloan|Simbad|299.65058|+43.95997
300.0072500|+43.9691944| 8125993|20000174+4358091|4633.9|-0.015| 0.020|       |      |REJECT  |       |      |      |      |      |      |      |         |      |      |      |No Seis         |  0|KCat|Sloan|Simbad|300.00725|+43.96919
300.0900833|+43.9044167| 8126282|20002162+4354159|5097.2| 0.100|-0.045| 95.487| 7.567|RC(S)   | 0.9946| 2.582| 0.049| 9.408| 0.010| 2.903| 0.007| 4.37e-03| 0.008| 2.766| 0.561|                |  0|KCat|Sloan|Simbad|300.09008|+43.90442
300.1615417|+43.9929167| 8126531|20003877+4359345|4832.4| 0.361| 0.006|164.550|12.338|RGB     | 1.0196| 1.563| 0.031| 5.650| 0.011| 3.128| 0.007| 1.22e-02| 0.007| 3.432| 0.640|                |  0|KCat|Sloan|Simbad|300.16154|+43.99292
300.4386667|+43.9839722| 8127582|20014528+4359023|4803.5| 0.147| 0.020|135.585|11.342|RGB     | 1.0239| 1.193| 0.033| 5.446| 0.012| 3.042| 0.007| 1.04e-02| 0.007| 3.807| 0.491|                |  0|KCat|Sloan|Simbad|300.43867|+43.98397
300.4753750|+43.9670556| 8127707|20015409+4358014|4842.9| 0.173| 0.011|226.130|17.014|RGB     | 1.0171| 1.136| 0.028| 4.107| 0.009| 3.266| 0.007| 2.31e-02| 0.006| 3.886| 0.374|                |  0|KCat|Sloan|Simbad|300.47537|+43.96706
300.7950833|+43.9825833| 8129047|20031082+4358573|4535.4| 0.107| 0.087| 60.588| 6.117|RGB     | 1.0361| 1.100| 0.039| 7.939| 0.014| 2.680| 0.007| 3.10e-03| 0.007| 3.928| 0.070|                |  0|KCat|Sloan|Simbad|300.79508|+43.98258
280.5487917|+44.0193889| 8142438|18421171+4401098|4836.1|-0.026| 0.029| 97.133| 8.743|RGB     | 1.0272| 1.239| 0.036| 6.547| 0.013| 2.899| 0.007| 6.23e-03| 0.007| 3.688| 0.240|                |  0|KCat|Sloan|Simbad|280.54879|+44.01939
280.9264583|+44.0763611| 8142943|18434235+4404349|4900.1|-0.338| 0.210| 44.724| 4.657|RC      | 1.0030| 1.685| 0.072|11.214| 0.020| 2.565| 0.009| 1.69e-03| 0.008| 3.156| 0.112|                |  0|KCat|Sloan|Simbad|280.92646|+44.07636
281.9536250|+44.0834444| 8144467|18474887+4405004|4857.5| 0.052| 0.030|137.302|11.571|RGB     | 1.0232| 1.166| 0.033| 5.336| 0.011| 3.050| 0.007| 1.08e-02| 0.007| 3.813| 0.127|                |  0|KCat|Sloan|Simbad|281.95362|+44.08344
281.9946667|+44.0800278| 8144529|18475872+4404481|4636.4| 0.006| 0.009| 39.366| 4.384|RGB     | 1.0376| 1.175| 0.041|10.123| 0.015| 2.498| 0.007| 1.60e-03| 0.007| 3.783| 0.129|                |  0|KCat|Sloan|Simbad|281.99467|+44.08003
282.3723333|+44.0913056| 8145152|18492936+4405287|4472.5| 0.126|-0.011| 23.459| 2.836|RGB     | 1.0392| 1.337| 0.043|14.114| 0.016| 2.265| 0.007| 6.71e-04| 0.008| 3.630| 0.101|                |  0|KCat|Sloan|Simbad|282.37233|+44.09131
282.3878750|+44.0555556| 8145176|18493309+4403200|4885.3|-0.473| 0.253| 29.667| 4.173|RC      | 0.9912| 0.797| 0.079| 9.475| 0.024| 2.386| 0.010| 1.32e-03| 0.008| 3.939| 0.088|                |  0|KCat|Sloan|Simbad|282.38787|+44.05556
282.4695417|+44.0758333| 8145311|18495269+4404330|4666.5| 0.275|-0.001| 84.278| 7.620|RGB     | 1.0303| 1.313| 0.037| 7.300| 0.013| 2.830| 0.007| 4.76e-03| 0.007| 3.694| 0.142|                |  0|KCat|Sloan|Simbad|282.46954|+44.07583
284.4236250|+44.0949722| 8148993|18574167+4405419|4950.0|-0.194| 0.036| 32.683| 3.862|RC      | 1.0023| 1.416| 0.078|11.995| 0.023| 2.431| 0.010| 1.16e-03| 0.008| 3.369| 0.199|                |  0|KCat|Sloan|Simbad|284.42362|+44.09497
284.6078333|+44.0963611| 8149325|18582588+4405469|4795.3|-0.101| 0.052| 31.125| 4.041|RC      | 0.9991| 0.985| 0.079|10.334| 0.024| 2.403| 0.010| 1.26e-03| 0.008| 3.788| 0.123|                |  0|KCat|Sloan|Simbad|284.60783|+44.09636
284.7231667|+44.0470278| 8149536|18585356+4402493|4882.7|-0.162| 0.038| 34.310| 4.204|RC      | 0.9973| 1.166| 0.077|10.663| 0.023| 2.449| 0.010| 1.36e-03| 0.008| 3.611| 0.173|                |  0|KCat|Sloan|Simbad|284.72317|+44.04703
285.7034167|+44.0747500| 8151314|19024882+4404291|4671.7| 0.226| 0.008| 34.954| 4.103|RC      | 1.0017| 1.250| 0.077|11.056| 0.023| 2.448| 0.010| 1.30e-03| 0.008| 3.615| 0.159|                |  1|KCat|Sloan|Simbad|285.70342|+44.07475
286.7585417|+44.0305833| 8153309|19070205+4401501|4638.8|-0.117| 0.050| 28.884| 3.388|RGB     | 1.0370| 1.306| 0.042|12.455| 0.016| 2.363| 0.007| 9.53e-04| 0.008| 3.585| 0.106|                |  1|KCat|Sloan|Simbad|286.75854|+44.03058
287.3211667|+44.0033889| 8154383|19091708+4400122|4613.2| 0.261| 0.007| 65.600| 6.378|RGB     | 1.0349| 1.218| 0.039| 7.992| 0.014| 2.718| 0.007| 3.36e-03| 0.007| 3.806| 0.000|                |  1|KCat|Sloan|Simbad|287.32117|+44.00339
287.3997500|+44.0133333| 8154541|19093594+4400480|4777.0| 0.193|-0.019| 38.980| 4.238|RC      | 1.0020| 1.573| 0.075|11.680| 0.022| 2.500| 0.010| 1.39e-03| 0.008| 3.336| 0.129|                |  1|KCat|Sloan|Simbad|287.39975|+44.01333
287.4750833|+44.0006389| 8154693|19095402+4400023|4938.5|-0.185| 0.015|142.360|11.760|RGB     | 1.0204| 1.262| 0.033| 5.430| 0.011| 3.070| 0.007| 1.11e-02| 0.007| 3.622| 0.111|                |  0|KCat|Sloan|Simbad|287.47508|+44.00064
287.5243333|+44.0053611| 8154799|19100584+4400193|4542.9|-0.089| 0.012| 23.975| 2.992|RGB     | 1.0407| 1.174| 0.043|13.031| 0.016| 2.278| 0.007| 7.49e-04| 0.008| 3.766| 0.208|                |  1|KCat|Sloan|Simbad|287.52433|+44.00536
287.5348750|+44.0883333| 8154817|19100837+4405180|4592.7| 0.057| 0.028| 43.841| 4.784|RGB     | 1.0378| 1.128| 0.041| 9.420| 0.015| 2.542| 0.007| 1.90e-03| 0.007| 3.866| 0.130|                |  0|KCat|Sloan|Simbad|287.53487|+44.08833
289.2122500|+44.0824722| 8158382|19165094+4404569|4675.5| 0.187| 0.036| 90.812| 8.385|RGB     | 1.0315| 1.118| 0.037| 6.487| 0.013| 2.862| 0.007| 5.78e-03| 0.007| 3.921| 0.129|                |  0|KCat|Sloan|Simbad|289.21225|+44.08247
289.5408750|+44.0839722| 8159241|19180981+4405023|4522.1|-0.578| 0.205| 13.968| 2.065|RGB     | 1.0434| 1.004| 0.043|15.808| 0.016| 2.042| 0.007| 3.58e-04| 0.008| 3.852| 0.180|                |  0|KCat|Sloan|Simbad|289.54087|+44.08397
289.9712500|+44.0529167| 8160419|19195310+4403105|4388.8| 0.167| 0.025| 23.614| 3.007|RGB     | 1.0459| 1.023| 0.043|12.363| 0.016| 2.264| 0.007| 7.64e-04| 0.008| 4.054| 0.076|                |  0|KCat|Sloan|Simbad|289.97125|+44.05292
289.9734167|+44.0637500| 8160428|19195362+4403495|4966.1|-0.314| 0.054|126.393|10.753|RGB     | 1.0211| 1.271| 0.034| 5.775| 0.012| 3.019| 0.007| 9.31e-03| 0.007| 3.553| 0.000|                |  0|KCat|Sloan|Simbad|289.97342|+44.06375
290.0245833|+44.0958611| 8160590|19200590+4405451|4668.5| 0.209| 0.007| 33.629| 3.986|RC      | 0.9984| 1.264| 0.078|11.337| 0.023| 2.431| 0.010| 1.22e-03| 0.008| 3.603| 0.259|                |  0|KCat|Sloan|Simbad|290.02458|+44.09586
290.0425000|+44.0591944| 8160637|19201020+4403331|4629.5| 0.177| 0.019| 54.286| 5.512|RGB     | 1.0352| 1.243| 0.040| 8.867| 0.015| 2.637| 0.007| 2.51e-03| 0.007| 3.756| 0.269|                |  0|KCat|Sloan|Simbad|290.04250|+44.05919
290.5808750|+44.0922222| 8162345|19221941+4405320|4717.9|-0.370| 0.150| 43.127| 4.878|RGB     | 1.0385| 1.032| 0.041| 9.022| 0.015| 2.541| 0.007| 1.98e-03| 0.007| 3.871| 0.241|                |  0|KCat|Sloan|Simbad|290.58087|+44.09222
290.7948333|+44.0095000| 8162973|19231076+4400342|4448.5| 0.107| 0.016| 21.523| 2.794|RGB     | 1.0450| 1.064| 0.043|13.159| 0.016| 2.226| 0.007| 6.58e-04| 0.008| 3.974| 0.310|                |  0|KCat|Sloan|Simbad|290.79483|+44.00950
290.8827917|+44.0993056| 8163250|19233187+4405575|4729.7|-0.406| 0.115| 54.328| 5.732|RGB     | 1.0348| 1.101| 0.040| 8.299| 0.015| 2.642| 0.007| 2.72e-03| 0.007| 3.771| 0.279|                |  0|KCat|Sloan|Simbad|290.88279|+44.09931
291.2427500|+44.0174722| 8164254|19245826+4401029|4618.3| 0.143| 0.048| 51.594| 5.394|RGB     | 1.0374| 1.149| 0.040| 8.752| 0.015| 2.614| 0.007| 2.42e-03| 0.007| 3.870| 0.377|                |  0|KCat|Sloan|Simbad|291.24275|+44.01747
291.5134167|+44.0249167| 8164977|19260322+4401297|4918.4|-0.138| 0.053| 34.372| 3.973|RC      | 1.0020| 1.459| 0.077|11.892| 0.023| 2.452| 0.010| 1.22e-03| 0.008| 3.351| 0.427|                |  0|KCat|Sloan|Simbad|291.51342|+44.02492
291.5481667|+44.0797500| 8165094|19261156+4404471|4937.2|-0.133| 0.049|121.941|10.069|RGB     | 1.0211| 1.472| 0.034| 6.335| 0.012| 3.002| 0.007| 8.16e-03| 0.007| 3.399| 0.241|                |  0|KCat|Sloan|Simbad|291.54817|+44.07975
291.5770417|+44.0795833| 8165159|19261849+4404465|4851.5|-0.184| 0.017| 75.770| 7.268|RGB     | 1.0300| 1.224| 0.038| 7.360| 0.014| 2.792| 0.007| 4.33e-03| 0.007| 3.675| 0.280|                |  0|KCat|Sloan|Simbad|291.57704|+44.07958
291.6828333|+44.0617222| 8165444|19264388+4403422|4868.7|-0.028| 0.027| 41.034| 4.507|RC      | 1.0014| 1.479| 0.074|10.985| 0.021| 2.526| 0.010| 1.57e-03| 0.008| 3.356| 0.345|                |  0|KCat|Sloan|Simbad|291.68283|+44.06172
292.2399583|+44.0317222| 8166918|19285759+4401542|4674.6| 0.084| 0.003| 47.152| 4.862|RGB     | 1.0343| 1.370| 0.041| 9.965| 0.015| 2.578| 0.007| 1.95e-03| 0.007| 3.581| 0.196|                |  0|KCat|Sloan|Simbad|292.23996|+44.03172
292.4009167|+44.0870833| 8167335|19293622+4405135|4861.7|-0.060| 0.027| 78.699| 7.154|RGB     | 1.0273| 1.481| 0.038| 7.941| 0.014| 2.809| 0.007| 4.17e-03| 0.007| 3.424| 0.171|                |  0|KCat|Sloan|Simbad|292.40092|+44.08708
292.6752500|+44.0892222| 8168080|19304206+4405212|4814.4|-0.308| 0.032| 43.172| 4.680|RGB     | 1.0347| 1.278| 0.041| 9.984| 0.015| 2.546| 0.007| 1.81e-03| 0.007| 3.552| 0.347|                |  0|KCat|Sloan|Simbad|292.67525|+44.08922
294.2135833|+44.0616944| 8172679|19365126+4403421|5088.0|-0.131| 0.053|148.025|12.148|RGB     | 1.0198| 1.307| 0.032| 5.377| 0.011| 3.093| 0.007| 1.19e-02| 0.007| 3.574| 0.382|                |  0|KCat|Sloan|Simbad|294.21358|+44.06169
294.2301250|+44.0225833| 8172720|19365523+4401213|4931.8|-0.258| 0.038| 34.061| 4.207|RC      | 0.9955| 1.163| 0.077|10.658| 0.023| 2.448| 0.010| 1.35e-03| 0.008| 3.592| 0.311|                |  0|KCat|Sloan|Simbad|294.23012|+44.02258
294.2502083|+44.0496944| 8172784|19370005+4402589|5007.0|-0.321| 0.240|120.781| 9.703|RGB     | 1.0177| 1.716| 0.034| 6.850| 0.012| 3.001| 0.007| 7.53e-03| 0.007| 3.146| 0.235|                |  0|KCat|Sloan|Simbad|294.25021|+44.04969
294.2821250|+44.0281667| 8172877|19370771+4401414|4642.0| 0.128| 0.035| 56.617| 5.806|RGB     | 1.0360| 1.146| 0.040| 8.332| 0.015| 2.656| 0.007| 2.79e-03| 0.007| 3.868| 0.316|                |  0|KCat|Sloan|Simbad|294.28212|+44.02817
294.3320000|+44.0185278| 8173036|19371968+4401067|4704.8|-0.079| 0.147| 27.970| 3.713|RC      | 1.0025| 0.961| 0.080|10.820| 0.024| 2.352| 0.010| 1.07e-03| 0.008| 3.834| 0.281|                |  0|KCat|Sloan|Simbad|294.33200|+44.01853
294.3656250|+44.0650278| 8173148|19372775+4403541|4751.5| 0.086| 0.004| 35.051| 4.148|RC      | 1.0007| 1.242| 0.077|10.960| 0.023| 2.453| 0.010| 1.33e-03| 0.008| 3.590| 0.372|                |  0|KCat|Sloan|Simbad|294.36562|+44.06503
294.5059167|+44.0199722| 8173581|19380142+4401119|4817.5| 0.194| 0.003| 98.647| 8.718|RGB     | 1.0278| 1.302| 0.036| 6.666| 0.013| 2.905| 0.007| 6.20e-03| 0.007| 3.688| 0.437|                |  0|KCat|Sloan|Simbad|294.50592|+44.01997
294.5415833|+44.0672222| 8173696|19380998+4404020|4510.7|-0.351| 0.147| 20.571| 2.768|RGB     | 1.0442| 0.988| 0.043|12.929| 0.016| 2.210| 0.007| 6.45e-04| 0.008| 3.932| 0.292|                |  0|KCat|Sloan|Simbad|294.54158|+44.06722
294.5520417|+44.0763889| 8173725|19381249+4404350|4893.1|-0.035|-0.006| 47.999| 4.957|RC      | 0.9975| 1.655| 0.071|10.733| 0.020| 2.595| 0.009| 1.89e-03| 0.008| 3.224| 0.231|                |  0|KCat|Sloan|Simbad|294.55204|+44.07639
294.6173750|+44.0332778| 8173921|19382817+4401598|4651.7| 0.023| 0.004| 47.472| 5.034|RGB     | 1.0366| 1.197| 0.041| 9.294| 0.015| 2.580| 0.007| 2.10e-03| 0.007| 3.777| 0.280|                |  0|KCat|Sloan|Simbad|294.61737|+44.03328
294.6904167|+44.0042500| 8174161|19384570+4400153|4691.2| 0.219|-0.023| 46.979| 4.550|RGB     | 1.0287| 1.814| 0.041|11.479| 0.015| 2.577| 0.007| 1.69e-03| 0.007| 3.198| 0.271|                |  0|KCat|Sloan|Simbad|294.69042|+44.00425
294.9756667|+44.0215556| 8175027|19395416+4401176|4804.2| 0.176|-0.003|131.992|10.940|RGB     | 1.0238| 1.272| 0.033| 5.700| 0.012| 3.031| 0.007| 9.69e-03| 0.007| 3.713| 0.241|                |  0|KCat|Sloan|Simbad|294.97567|+44.02156
295.0927500|+44.0225556| 8175438|19402226+4401212|4765.6|-0.038| 0.125| 41.473| 4.436|RC      | 0.9980| 1.597| 0.074|11.417| 0.021| 2.526| 0.010| 1.51e-03| 0.008| 3.269| 0.351|                |  0|KCat|Sloan|Simbad|295.09275|+44.02256
295.1563750|+44.0427222| 8175678|19403753+4402338|4877.1|-0.274| 0.064| 67.279| 6.681|RGB     | 1.0310| 1.204| 0.039| 7.740| 0.014| 2.741| 0.007| 3.66e-03| 0.007| 3.668| 0.493|                |  0|KCat|Sloan|Simbad|295.15637|+44.04272
295.3401250|+44.0274722| 8176259|19412163+4401389|4769.0|-0.068| 0.039| 73.912| 7.282|RGB     | 1.0331| 1.085| 0.038| 7.049| 0.014| 2.777| 0.007| 4.37e-03| 0.007| 3.894| 0.507|                |  0|KCat|Sloan|Simbad|295.34012|+44.02747
295.4320417|+44.0939444| 8176543|19414369+4405382|4369.6|-0.023| 0.021| 13.384| 1.928|RGB     | 1.0444| 1.101| 0.044|17.052| 0.016| 2.016| 0.007| 3.13e-04| 0.008| 3.869| 0.460|                |  0|KCat|Sloan|Simbad|295.43204|+44.09394
295.4932500|+44.0447778| 8176733|19415838+4402412|4142.5|-0.180| 0.144|  5.481| 1.038|RGB     | 1.0329| 0.869| 0.044|23.994| 0.017| 1.617| 0.007| 8.87e-05| 0.008| 4.187| 0.451|Ageold          |  0|KCat|Sloan|Simbad|295.49325|+44.04478
295.5113750|+44.0738889| 8176777|19420273+4404260|4899.0| 0.154|-0.012|207.481|15.234|RGB     | 1.0173| 1.388| 0.028| 4.726| 0.009| 3.231| 0.007| 1.85e-02| 0.006| 3.571| 0.102|                |  0|KCat|Sloan|Simbad|295.51137|+44.07389
295.5515000|+44.0294444| 8176893|19421236+4401460|4771.7| 0.159|-0.007| 70.640| 6.542|RGB     | 1.0299| 1.474| 0.039| 8.402| 0.014| 2.758| 0.007| 3.50e-03| 0.007| 3.490| 0.450|                |  0|KCat|Sloan|Simbad|295.55150|+44.02944
295.5533750|+44.0402778| 8176905|19421281+4402250|4407.7|-0.361| 0.087|  9.721| 1.498|RGB     | 1.0396| 1.195| 0.044|20.798| 0.017| 1.879| 0.007| 1.87e-04| 0.008| 3.649| 0.514|                |  0|KCat|Sloan|Simbad|295.55337|+44.04028
296.0560000|+44.0684167| 8178600|19441344+4404063|4662.9| 0.111| 0.030| 31.122| 3.906|RC      | 1.0011| 1.074| 0.079|10.865| 0.024| 2.397| 0.010| 1.18e-03| 0.008| 3.753| 0.422|                |  0|KCat|Sloan|Simbad|296.05600|+44.06842
296.4818750|+44.0091389| 8179973|19455565+4400329|4882.2| 0.075|-0.021|       |      |REJECT  |       |      |      |      |      |      |      |         |      |      |      |No Seis         |  0|KCat|Sloan|Simbad|296.48187|+44.00914
296.9649583|+44.0133333| 8181700|19475159+4400480|4843.7| 0.157|-0.015| 45.857| 4.571|RC      | 1.0175| 1.817| 0.072|11.534| 0.020| 2.573| 0.009| 1.67e-03| 0.008| 3.189| 0.386|                |  0|KCat|Sloan|Simbad|296.96496|+44.01333
298.6730833|+44.0943611| 8188772|19544154+4405397|4961.4|-0.007| 0.000|126.442|10.153|RGB     | 1.0200| 1.605| 0.034| 6.490| 0.012| 3.019| 0.007| 8.28e-03| 0.007| 3.295| 0.417|                |  0|KCat|Sloan|Simbad|298.67308|+44.09436
299.4718333|+44.0746667| 8191905|19575324+4404288|4814.8| 0.341| 0.015|189.625|14.073|RGB     | 1.0189| 1.409| 0.029| 5.002| 0.010| 3.189| 0.007| 1.59e-02| 0.006| 3.594| 0.530|                |  0|KCat|Sloan|Simbad|299.47183|+44.07467
299.5403750|+44.0971667| 8192188|19580969+4405498|4218.0| 0.405| 0.014| 13.952| 1.929|RGB     | 1.0457| 1.175| 0.043|17.405| 0.016| 2.027| 0.007| 3.14e-04| 0.008| 3.889| 1.150|                |  0|KCat|Sloan|Simbad|299.54037|+44.09717
299.6853333|+44.0889167| 8192753|19584448+4405201|4819.8| 0.295| 0.018|239.227|17.336|RGB     | 1.0170| 1.240| 0.028| 4.176| 0.009| 3.290| 0.007| 2.40e-02| 0.006| 3.782| 0.319|                |  0|KCat|Sloan|Simbad|299.68533|+44.08892
299.7227500|+44.0755556| 8192892|19585346+4404320|4893.7|-0.206| 0.048|119.098|10.343|RGB     | 1.0234| 1.205| 0.034| 5.812| 0.012| 2.990| 0.007| 8.65e-03| 0.007| 3.671| 0.390|                |  0|KCat|Sloan|Simbad|299.72275|+44.07556
300.3512917|+44.0397500| 8195153|20012431+4402231|4824.5|-0.139| 0.044| 72.160| 7.028|RGB     | 1.0312| 1.194| 0.038| 7.460| 0.014| 2.769| 0.007| 4.05e-03| 0.007| 3.713| 0.390|                |  0|KCat|Sloan|Simbad|300.35129|+44.03975
300.4886250|+44.0515833| 8195595|20015727+4403057|4803.2|-0.087| 0.014| 66.042| 6.451|RGB     | 1.0316| 1.278| 0.039| 8.078| 0.014| 2.730| 0.007| 3.42e-03| 0.007| 3.636| 0.317|                |  0|KCat|Sloan|Simbad|300.48862|+44.05158
300.7023333|+44.0668056| 8196436|20024856+4404005|4623.9| 0.161|-0.016| 40.401| 4.139|RGB     | 1.0326| 1.624| 0.041|11.755| 0.015| 2.508| 0.007| 1.41e-03| 0.007| 3.339| 0.317|                |  0|KCat|Sloan|Simbad|300.70233|+44.06681
300.8948750|+44.0423056| 8197210|20033477+4402323|4867.1| 0.035|-0.027| 45.119| 4.657|RC      | 0.9954| 1.765| 0.072|11.448| 0.020| 2.567| 0.009| 1.66e-03| 0.008| 3.197| 0.213|                |  0|KCat|Sloan|Simbad|300.89487|+44.04231
301.0257083|+44.0819167| 8197719|20040617+4404549|5090.3| 0.012|-0.036|104.999| 8.363|RC      | 0.9948| 2.294| 0.047| 8.459| 0.009| 2.944| 0.007| 5.34e-03| 0.008| 2.910| 0.240|                |  0|KCat|Sloan|Simbad|301.02571|+44.08192
280.7189167|+44.1660556| 8210306|18425254+4409578|4737.5|-0.110| 0.009| 72.258| 7.028|RGB     | 1.0318| 1.163| 0.038| 7.393| 0.014| 2.766| 0.007| 4.06e-03| 0.007| 3.753| 0.160|                |  0|KCat|Sloan|Simbad|280.71892|+44.16606
281.5868750|+44.1186111| 8211573|18462085+4407070|4584.2| 0.312| 0.014| 71.760| 6.882|RGB     | 1.0348| 1.166| 0.038| 7.489| 0.014| 2.756| 0.007| 3.92e-03| 0.007| 3.885| 0.147|                |  0|KCat|Sloan|Simbad|281.58687|+44.11861
282.1170833|+44.1572778| 8212479|18482810+4409262|4618.8|-0.677| 0.200| 20.503| 2.769|RGB     | 1.0407| 1.026| 0.043|13.120| 0.016| 2.213| 0.007| 6.41e-04| 0.008| 3.798| 0.022|                |  0|KCat|Sloan|Simbad|282.11708|+44.15728
282.3010417|+44.1286944| 8212786|18491225+4407433|4354.2| 0.303| 0.024| 19.636| 2.555|RGB     | 1.0456| 1.116| 0.043|14.186| 0.016| 2.182| 0.007| 5.51e-04| 0.008| 3.951| 0.178|                |  0|KCat|Sloan|Simbad|282.30104|+44.12869
282.4713333|+44.1104167| 8213138|18495312+4406375|4622.3|-0.122| 0.126| 58.893| 6.133|RGB     | 1.0371| 1.026| 0.040| 7.737| 0.015| 2.672| 0.007| 3.12e-03| 0.007| 3.970| 0.081|                |  0|KCat|Sloan|Simbad|282.47133|+44.11042
282.9613750|+44.1583611| 8213984|18515073+4409301|4878.5|-0.025|-0.002| 49.284| 5.018|RC      | 0.9972| 1.701| 0.070|10.745| 0.019| 2.606| 0.009| 1.93e-03| 0.008| 3.201| 0.060|                |  0|KCat|Sloan|Simbad|282.96137|+44.15836
284.4519583|+44.1745556| 8217125|18574847+4410284|4679.8|-0.192| 0.176| 53.511| 5.452|RGB     | 1.0338| 1.271| 0.040| 9.006| 0.015| 2.633| 0.007| 2.45e-03| 0.007| 3.623| 0.024|                |  0|KCat|Sloan|Simbad|284.45196|+44.17456
284.6373750|+44.1051667| 8217514|18583297+4406186|4567.6| 0.348| 0.021| 31.361| 3.795|RC      | 1.0077| 1.164| 0.079|11.327| 0.024| 2.396| 0.010| 1.13e-03| 0.008| 3.714| 0.201|                |  1|KCat|Sloan|Simbad|284.63737|+44.10517
284.8842083|+44.1336667| 8217977|18593221+4408012|4746.0|-0.215| 0.107| 22.503| 3.175|RC      | 1.0127| 0.911| 0.083|11.720| 0.026| 2.260| 0.010| 7.98e-04| 0.008| 3.843| 0.120|                |  0|KCat|Sloan|Simbad|284.88421|+44.13367
285.1441250|+44.1413889| 8218419|19003459+4408290|4432.5| 0.119|-0.274|       |      |REJECT  |       |      |      |      |      |      |      |         |      |      |      |No Seis         |  1|KCat|Sloan|Simbad|285.14412|+44.14139
285.2407917|+44.1187500| 8218568|19005779+4407075|4861.4|-0.001| 0.010|115.358| 9.876|RGB     | 1.0243| 1.299| 0.035| 6.144| 0.012| 2.975| 0.007| 7.90e-03| 0.007| 3.618| 0.000|                |  1|KCat|Sloan|Simbad|285.24079|+44.11875
285.3872500|+44.1933333| 8218803|19013294+4411360|4048.7|-0.034| 0.101|  4.396| 0.855|RGB     | 1.0419| 0.909| 0.044|27.561| 0.017| 1.516| 0.007| 6.13e-05| 0.008| 4.155| 0.102|Ageold          |  0|KCat|Sloan|Simbad|285.38725|+44.19333
285.4588333|+44.1048889| 8218906|19015012+4406176|4705.1| 0.034| 0.035| 29.763| 3.843|RC      | 1.0017| 1.013| 0.079|10.768| 0.024| 2.379| 0.010| 1.14e-03| 0.008| 3.799| 0.127|                |  0|KCat|Sloan|Simbad|285.45883|+44.10489
285.5179583|+44.1387778| 8219000|19020431+4408196|4582.3| 0.067| 0.024| 43.513| 4.770|RGB     | 1.0383| 1.110| 0.041| 9.386| 0.015| 2.539| 0.007| 1.89e-03| 0.007| 3.894| 0.054|                |  1|KCat|Sloan|Simbad|285.51796|+44.13878
285.5322917|+44.1622500| 8219022|19020775+4409441|4839.1|-0.377| 0.225|142.392|12.402|RGB     | 1.0222| 0.984| 0.033| 4.817| 0.011| 3.065| 0.007| 1.24e-02| 0.007| 3.940| 0.000|                |  0|KCat|Sloan|Simbad|285.53229|+44.16225
285.5663750|+44.1366389| 8219070|19021593+4408119|5009.9|-0.595| 0.207| 29.512| 4.181|RC      | 0.9818| 0.839| 0.079| 9.687| 0.024| 2.389| 0.010| 1.30e-03| 0.008| 3.876| 0.062|                |  0|KCat|Sloan|Simbad|285.56637|+44.13664
285.5965000|+44.1500278| 8219125|19022316+4409001|4593.4| 0.228| 0.012| 63.436| 6.281|RGB     | 1.0356| 1.160| 0.039| 7.942| 0.014| 2.703| 0.007| 3.27e-03| 0.007| 3.878| 0.054|                |  1|KCat|Sloan|Simbad|285.59650|+44.15003
285.6728333|+44.1167222| 8219268|19024148+4407002|4643.4| 0.432| 0.029|109.445| 9.437|RGB     | 1.0290| 1.219| 0.035| 6.181| 0.012| 2.942| 0.007| 7.28e-03| 0.007| 3.832| 0.122|                |  0|KCat|Sloan|Simbad|285.67283|+44.11672
287.2647917|+44.1168056| 8222189|19090355+4407005|4893.2|-0.016| 0.014| 23.105| 2.630|RGB     | 1.0258| 2.084| 0.043|17.357| 0.016| 2.278| 0.007| 5.62e-04| 0.008| 2.955| 0.128|                |  0|KCat|Sloan|Simbad|287.26479|+44.11681
287.5352083|+44.1100556| 8222691|19100845+4406362|4840.5|-0.472| 0.232| 29.974| 4.172|RC      | 0.9892| 0.817| 0.079| 9.568| 0.024| 2.389| 0.010| 1.32e-03| 0.008| 3.914| 0.000|                |  0|KCat|Sloan|Simbad|287.53521|+44.11006
287.6650417|+44.1564167| 8222944|19103961+4409231|4642.7| 0.397| 0.015| 91.787| 8.187|RGB     | 1.0308| 1.261| 0.037| 6.863| 0.013| 2.866| 0.007| 5.50e-03| 0.007| 3.780| 0.193|                |  0|KCat|Sloan|Simbad|287.66504|+44.15642
287.6949167|+44.1463889| 8223014|19104678+4408470|4608.2| 0.044| 0.029| 44.838| 4.822|RGB     | 1.0373| 1.178| 0.041| 9.511| 0.015| 2.553| 0.007| 1.93e-03| 0.007| 3.797| 0.209|                |  0|KCat|Sloan|Simbad|287.69492|+44.14639
287.9320833|+44.1138333| 8223463|19114370+4406498|4943.0|-0.073| 0.034|131.709|10.949|RGB     | 1.0216| 1.326| 0.033| 5.785| 0.012| 3.036| 0.007| 9.66e-03| 0.007| 3.587| 0.150|                |  0|KCat|Sloan|Simbad|287.93208|+44.11383
288.1616667|+44.1279444| 8223927|19123880+4407406|4617.7|-0.229| 0.207| 52.932| 5.658|RGB     | 1.0381| 1.022| 0.040| 8.149| 0.015| 2.625| 0.007| 2.66e-03| 0.007| 3.957| 0.104|                |  0|KCat|Sloan|Simbad|288.16167|+44.12794
289.0998750|+44.1531944| 8225839|19162397+4409115|4598.2| 0.253|-0.002| 32.451| 3.967|RC      | 1.0035| 1.109| 0.078|10.854| 0.023| 2.412| 0.010| 1.22e-03| 0.008| 3.745| 0.130|                |  0|KCat|Sloan|Simbad|289.09987|+44.15319
289.7143750|+44.1244444| 8227312|19185145+4407280|4675.9|-0.131| 0.194| 22.881| 3.276|RC      | 1.0137| 0.824| 0.083|11.091| 0.026| 2.264| 0.010| 8.52e-04| 0.008| 3.961| 0.149|                |  0|KCat|Sloan|Simbad|289.71437|+44.12444
290.2424167|+44.1962778| 8228880|19205818+4411466|4936.0|-0.034| 0.044|157.702|12.063|RGB     | 1.0181| 1.563| 0.031| 5.742| 0.011| 3.114| 0.007| 1.16e-02| 0.007| 3.332| 0.102|                |  0|KCat|Sloan|Simbad|290.24242|+44.19628
290.8119167|+44.1041111| 8230578|19231486+4406148|5123.6|-0.209| 0.044| 88.535| 7.546|RC      | 0.9884| 2.151| 0.052| 8.905| 0.011| 2.871| 0.008| 4.29e-03| 0.008| 2.966| 0.169|                |  0|KCat|Sloan|Simbad|290.81192|+44.10411
290.8305000|+44.1676944| 8230626|19231932+4410037|5102.9| 0.135|-0.001|109.001| 7.975|RC(S)   | 1.0000| 3.051| 0.047| 9.568| 0.009| 2.961| 0.007| 4.91e-03| 0.008| 2.702| 0.200|                |  0|KCat|Sloan|Simbad|290.83050|+44.16769
291.2907500|+44.1285278| 8231947|19250978+4407427|4230.2| 0.104|-0.006|  7.058| 1.176|RGB     | 1.0446| 1.112| 0.044|23.795| 0.017| 1.731| 0.007| 1.16e-04| 0.008| 3.899| 0.414|                |  0|KCat|Sloan|Simbad|291.29075|+44.12853
291.3182917|+44.1047222| 8232017|19251639+4406170|4773.2|-0.210| 0.064| 48.342| 5.082|RGB     | 1.0341| 1.277| 0.040| 9.453| 0.015| 2.593| 0.007| 2.13e-03| 0.007| 3.585| 0.314|                |  0|KCat|Sloan|Simbad|291.31829|+44.10472
291.4053333|+44.1767778| 8232262|19253728+4410364|4871.6| 0.313|-0.003| 73.363| 5.994|RC(S)   | 0.9883| 2.850| 0.059|11.404| 0.014| 2.779| 0.008| 2.71e-03| 0.008| 2.711| 0.412|                |  0|KCat|Sloan|Simbad|291.40533|+44.17678
291.6218333|+44.1317778| 8232851|19262924+4407544|4744.1| 0.368|-0.021| 47.315| 4.687|RC      | 1.0087| 1.811| 0.071|11.394| 0.020| 2.582| 0.009| 1.73e-03| 0.008| 3.229| 0.301|                |  0|KCat|Sloan|Simbad|291.62183|+44.13178
291.9637500|+44.1098611| 8233775|19275130+4406355|4885.8|-0.339| 0.064| 80.547| 7.509|RGB     | 1.0267| 1.321| 0.038| 7.404| 0.014| 2.820| 0.007| 4.59e-03| 0.007| 3.502| 0.211|                |  0|KCat|Sloan|Simbad|291.96375|+44.10986
292.0188333|+44.1460000| 8233917|19280452+4408456|4640.1| 0.050| 0.106| 29.973| 3.787|RC      | 0.9967| 1.096| 0.079|11.199| 0.024| 2.379| 0.010| 1.10e-03| 0.008| 3.720| 0.260|                |  0|KCat|Sloan|Simbad|292.01883|+44.14600
292.1992917|+44.1348889| 8234394|19284783+4408056|4693.3| 0.216| 0.003| 34.140| 4.141|RC      | 1.0042| 1.118| 0.077|10.570| 0.023| 2.438| 0.010| 1.34e-03| 0.008| 3.730| 0.338|                |  0|KCat|Sloan|Simbad|292.19929|+44.13489
292.3915000|+44.1792222| 8234900|19293396+4410452|4915.4|-0.069| 0.035|170.162|13.793|RGB     | 1.0195| 1.135| 0.030| 4.716| 0.010| 3.146| 0.007| 1.53e-02| 0.006| 3.819| 0.082|                |  0|KCat|Sloan|Simbad|292.39150|+44.17922
292.4312917|+44.1165000| 8235013|19294351+4406594|4758.2|-0.015| 0.020| 29.677| 3.688|RC      | 1.0020| 1.203| 0.079|11.720| 0.024| 2.381| 0.010| 1.05e-03| 0.008| 3.594| 0.316|                |  0|KCat|Sloan|Simbad|292.43129|+44.11650
292.4772083|+44.1346944| 8235144|19295453+4408049|4782.1| 0.316|-0.021|158.892|12.764|RGB     | 1.0224| 1.196| 0.031| 5.043| 0.011| 3.110| 0.007| 1.32e-02| 0.007| 3.841| 0.313|                |  0|KCat|Sloan|Simbad|292.47721|+44.13469
292.5994167|+44.1007222| 8235448|19302386+4406026|4742.3|-0.324| 0.042| 31.440| 3.705|RGB     | 1.0371| 1.217| 0.042|11.461| 0.016| 2.405| 0.007| 1.14e-03| 0.008| 3.619| 0.310|                |  0|KCat|Sloan|Simbad|292.59942|+44.10072
294.6411250|+44.1515556| 8241402|19383387+4409056|4664.6| 0.052| 0.102| 29.510| 3.809|RC      | 1.0019| 1.009| 0.079|10.816| 0.024| 2.374| 0.010| 1.12e-03| 0.008| 3.804| 0.300|                |  0|KCat|Sloan|Simbad|294.64112|+44.15156
295.2391250|+44.1211389| 8243314|19405739+4407161|4587.4| 0.286|-0.011| 62.855| 6.250|RGB     | 1.0357| 1.149| 0.039| 7.941| 0.014| 2.699| 0.007| 3.23e-03| 0.007| 3.904| 0.417|                |  0|KCat|Sloan|Simbad|295.23912|+44.12114
295.7002917|+44.1786667| 8244769|19424807+4410432|4554.3| 0.278|-0.028| 59.096| 5.894|RGB     | 1.0356| 1.195| 0.040| 8.368| 0.014| 2.670| 0.007| 2.88e-03| 0.007| 3.839| 0.380|                |  0|KCat|Sloan|Simbad|295.70029|+44.17867
296.2716667|+44.1107778| 8246635|19450520+4406388|4724.3| 0.241|-0.002| 41.819| 4.453|RC      | 1.0021| 1.565| 0.074|11.281| 0.021| 2.528| 0.010| 1.54e-03| 0.008| 3.350| 0.311|                |  0|KCat|Sloan|Simbad|296.27167|+44.11078
296.6309583|+44.1129722| 8247851|19463143+4406467|4968.4|-0.328| 0.074| 41.571| 4.533|RC      | 0.9964| 1.580| 0.074|11.226| 0.021| 2.536| 0.010| 1.58e-03| 0.008| 3.218| 0.470|                |  0|KCat|Sloan|Simbad|296.63096|+44.11297
296.6807917|+44.1957222| 8248041|19464339+4411446|4815.8|-0.029| 0.037| 74.172| 7.183|RGB     | 1.0318| 1.182| 0.038| 7.324| 0.014| 2.781| 0.007| 4.24e-03| 0.007| 3.761| 0.509|                |  0|KCat|Sloan|Simbad|296.68079|+44.19572
296.9392917|+44.1221389| 8248948|19474543+4407197|4426.8| 0.369|-0.005| 29.072| 3.340|RGB     | 1.0402| 1.298| 0.042|12.525| 0.016| 2.356| 0.007| 9.32e-04| 0.008| 3.734| 0.484|                |  0|KCat|Sloan|Simbad|296.93929|+44.12214
297.1311667|+44.1161667| 8249714|19483148+4406582|4614.3|-0.215| 0.173| 52.050| 5.508|RGB     | 1.0371| 1.085| 0.040| 8.470| 0.015| 2.618| 0.007| 2.52e-03| 0.007| 3.862| 0.453|                |  0|KCat|Sloan|Simbad|297.13117|+44.11617
297.2829167|+44.1674444| 8250333|19490790+4410028|4776.2|-0.276| 0.043| 52.036| 5.420|RGB     | 1.0337| 1.234| 0.040| 8.956| 0.015| 2.625| 0.007| 2.42e-03| 0.007| 3.633| 0.318|                |  0|KCat|Sloan|Simbad|297.28292|+44.16744
297.3218333|+44.1376389| 8250489|19491724+4408155|4773.8|-0.093| 0.021| 45.745| 4.732|RGB     | 1.0331| 1.445| 0.041|10.335| 0.015| 2.569| 0.007| 1.84e-03| 0.007| 3.445| 0.419|                |  0|KCat|Sloan|Simbad|297.32183|+44.13764
298.6540833|+44.1136667| 8255956|19543698+4406492|4918.5|-0.117|-0.003| 48.177| 4.828|RC      | 1.0054| 1.816| 0.071|11.207| 0.020| 2.598| 0.009| 1.82e-03| 0.008| 3.126| 0.387|                |  0|KCat|Sloan|Simbad|298.65408|+44.11367
298.6714583|+44.1478333| 8256020|19544115+4408522|4835.4| 0.077| 0.007|138.379|11.360|RGB     | 1.0225| 1.279| 0.033| 5.574| 0.011| 3.053| 0.007| 1.04e-02| 0.007| 3.673| 0.305|                |  0|KCat|Sloan|Simbad|298.67146|+44.14783
299.2591250|+44.1424167| 8258311|19570219+4408327|4953.8|-0.332| 0.057| 34.871| 4.203|RC      | 0.9886| 1.297| 0.077|11.111| 0.023| 2.459| 0.010| 1.33e-03| 0.008| 3.447| 0.541|                |  0|KCat|Sloan|Simbad|299.25912|+44.14242
299.2960833|+44.1454722| 8258413|19571106+4408437|4697.5| 0.158| 0.005| 40.200| 4.265|RC(S)   | 1.0063| 1.611| 0.074|11.690| 0.022| 2.510| 0.010| 1.42e-03| 0.008| 3.302| 1.635|                |  0|KCat|Sloan|Simbad|299.29608|+44.14547
299.3712083|+44.1931667| 8258630|19572909+4411354|4650.9| 0.325| 0.000| 71.844| 6.645|RGB     | 1.0317| 1.392| 0.038| 8.148| 0.014| 2.760| 0.007| 3.63e-03| 0.007| 3.616| 0.391|                |  0|KCat|Sloan|Simbad|299.37121|+44.19317
299.5343333|+44.1281111| 8259226|19580824+4407412|4870.7| 0.000| 0.021|141.167|11.404|RGB     | 1.0210| 1.360| 0.033| 5.680| 0.011| 3.063| 0.007| 1.05e-02| 0.007| 3.549| 0.280|                |  0|KCat|Sloan|Simbad|299.53433|+44.12811
299.7479583|+44.1298056| 8260055|19585951+4407473|4542.2| 0.419| 0.024| 32.169| 3.863|RC      | 1.0065| 1.166| 0.078|11.211| 0.023| 2.405| 0.010| 1.17e-03| 0.008| 3.713| 1.339|                |  0|KCat|Sloan|Simbad|299.74796|+44.12981
299.8453750|+44.1417778| 8260453|19592289+4408304|4821.4| 0.041| 0.008| 42.801| 4.585|RC      | 0.9972| 1.570| 0.073|11.111| 0.021| 2.542| 0.009| 1.61e-03| 0.008| 3.308| 0.522|                |  0|KCat|Sloan|Simbad|299.84537|+44.14178
299.9085000|+44.1075556| 8260689|19593804+4406272|4586.3| 0.199| 0.023| 53.588| 5.558|RGB     | 1.0377| 1.129| 0.040| 8.526| 0.015| 2.629| 0.007| 2.57e-03| 0.007| 3.911| 0.498|                |  0|KCat|Sloan|Simbad|299.90850|+44.10756
300.3706667|+44.1561389| 8262338|20012896+4409221|4850.8| 0.202| 0.000|229.340|16.907|RGB     | 1.0169| 1.220| 0.028| 4.224| 0.009| 3.273| 0.007| 2.28e-02| 0.006| 3.782| 0.304|                |  0|KCat|Sloan|Simbad|300.37067|+44.15614
300.8497917|+44.1796389| 8264006|20032395+4410467|4610.2| 0.157| 0.041| 28.967| 3.710|RC      | 0.9938| 1.077| 0.080|11.312| 0.024| 2.363| 0.010| 1.05e-03| 0.008| 3.758| 0.303|                |  0|KCat|Sloan|Simbad|300.84979|+44.17964
300.8688750|+44.1616944| 8264079|20032853+4409421|4907.7| 0.211|-0.002|194.011|14.348|RGB     | 1.0178| 1.443| 0.029| 4.981| 0.010| 3.203| 0.007| 1.65e-02| 0.006| 3.525| 0.232|                |  0|KCat|Sloan|Simbad|300.86887|+44.16169
280.8027083|+44.2050278| 8277043|18431265+4412181|4736.1| 0.164| 0.002| 81.189| 7.525|RGB     | 1.0309| 1.259| 0.038| 7.258| 0.014| 2.817| 0.007| 4.65e-03| 0.007| 3.729| 0.168|                |  0|KCat|Sloan|Simbad|280.80271|+44.20503
281.0377083|+44.2918611| 8277362|18440905+4417307|4483.8|-0.217| 0.207| 29.446| 3.648|RGB     | 1.0439| 0.952| 0.042|10.624| 0.016| 2.364| 0.007| 1.12e-03| 0.008| 4.064| 0.000|                |  0|KCat|Sloan|Simbad|281.03771|+44.29186
281.4204167|+44.2806389| 8277879|18454090+4416503|4832.1|-0.134| 0.145| 91.860| 7.904|RGB     | 1.0237| 1.588| 0.037| 7.624| 0.013| 2.875| 0.007| 5.06e-03| 0.007| 3.287| 0.054|                |  0|KCat|Sloan|Simbad|281.42042|+44.28064
282.0946250|+44.2366944| 8278906|18482271+4414121|4702.9|-0.015| 0.039| 31.512| 3.993|RC      | 1.0000| 1.038| 0.079|10.595| 0.024| 2.404| 0.010| 1.23e-03| 0.008| 3.753| 0.003|                |  0|KCat|Sloan|Simbad|282.09462|+44.23669
284.4882917|+44.2908611| 8283356|18575719+4417271|4793.8| 0.156| 0.035|134.101|11.174|RGB     | 1.0239| 1.221| 0.033| 5.544| 0.012| 3.037| 0.007| 1.01e-02| 0.007| 3.773| 0.097|                |  1|KCat|Sloan|Simbad|284.48829|+44.29086
284.6395417|+44.2000000| 8283646|18583349+4412000|4738.4| 0.186|-0.018| 65.641| 6.128|RGB     | 1.0303| 1.517| 0.039| 8.858| 0.014| 2.724| 0.007| 3.08e-03| 0.007| 3.450| 0.081|                |  1|KCat|Sloan|Simbad|284.63954|+44.20000
284.8290833|+44.2665833| 8283958|18591898+4415597|4718.9|-0.180| 0.025| 35.847| 4.007|RGB     | 1.0353| 1.319| 0.042|11.186| 0.015| 2.461| 0.007| 1.33e-03| 0.007| 3.565| 0.085|                |  1|KCat|Sloan|Simbad|284.82908|+44.26658
284.8742083|+44.2563889| 8284032|18592981+4415230|4750.5|-0.279| 0.067| 38.720| 4.287|RGB     | 1.0351| 1.281| 0.041|10.591| 0.015| 2.496| 0.007| 1.52e-03| 0.007| 3.582| 0.103|                |  1|KCat|Sloan|Simbad|284.87421|+44.25639
285.1621250|+44.2094722| 8284510|19003891+4412341|4849.2| 0.006| 0.002| 46.285| 4.767|RC      | 0.9953| 1.727| 0.072|11.191| 0.020| 2.578| 0.009| 1.74e-03| 0.008| 3.193| 0.083|                |  0|KCat|Sloan|Simbad|285.16212|+44.20947
285.2585000|+44.2088056| 8284682|19010204+4412317|4610.4| 0.235| 0.010| 29.508| 3.568|RC      | 1.0113| 1.241| 0.079|12.029| 0.024| 2.371| 0.010| 1.00e-03| 0.008| 3.627| 0.118|                |  1|KCat|Sloan|Simbad|285.25850|+44.20881
285.4377500|+44.2155556| 8285025|19014506+4412560|4411.3| 0.114| 0.026| 15.328| 2.047|RGB     | 1.0404| 1.341| 0.043|17.544| 0.016| 2.077| 0.007| 3.50e-04| 0.008| 3.625| 0.158|                |  1|KCat|Sloan|Simbad|285.43775|+44.21556
285.7011667|+44.2712222| 8285510|19024828+4416164|4644.8|-0.306| 0.043| 24.693| 3.114|RGB     | 1.0399| 1.134| 0.043|12.548| 0.016| 2.295| 0.007| 8.10e-04| 0.008| 3.734| 0.035|                |  1|KCat|Sloan|Simbad|285.70117|+44.27122
285.8167917|+44.2283056| 8285712|19031603+4413419|4440.0| 0.058|-0.010| 11.023| 1.476|RGB     | 1.0288| 1.947| 0.044|24.891| 0.017| 1.935| 0.007| 1.78e-04| 0.008| 3.067| 0.100|                |  0|KCat|Sloan|Simbad|285.81679|+44.22831
287.1038333|+44.2184167| 8288164|19082492+4413063|4687.8| 0.047| 0.090| 30.563| 3.971|RC      | 1.0027| 0.953| 0.079|10.317| 0.024| 2.390| 0.010| 1.22e-03| 0.008| 3.857| 0.075|                |  1|KCat|Sloan|Simbad|287.10383|+44.21842
287.1470833|+44.2027222| 8288278|19083530+4412098|4155.5|-0.191| 0.070|  3.238| 0.722|RGB     | 1.0144| 0.824| 0.044|30.381| 0.017| 1.389| 0.007| 4.14e-05| 0.008| 4.242| 0.139|Ageold          |  0|KCat|Sloan|Simbad|287.14708|+44.20272
289.2842083|+44.2170556| 8292681|19170821+4413014|4844.9| 0.056|-0.005| 45.680| 4.766|RC      | 1.0007| 1.625| 0.072|10.928| 0.020| 2.572| 0.009| 1.76e-03| 0.008| 3.269| 0.048|                |  0|KCat|Sloan|Simbad|289.28421|+44.21706
289.4682917|+44.2615000| 8293158|19175239+4415414|4742.2| 0.094| 0.031| 34.581| 4.198|RC      | 1.0036| 1.121| 0.077|10.487| 0.023| 2.446| 0.010| 1.37e-03| 0.008| 3.698| 0.168|                |  0|KCat|Sloan|Simbad|289.46829|+44.26150
289.5099583|+44.2785556| 8293291|19180239+4416428|4858.8| 0.090|-0.024| 50.782| 5.046|RC      | 0.9982| 1.802| 0.070|10.907| 0.019| 2.618| 0.009| 1.96e-03| 0.008| 3.184| 0.120|                |  0|KCat|Sloan|Simbad|289.50996|+44.27856
289.5300417|+44.2870556| 8293345|19180721+4417134|4240.8|-0.122| 0.150|  8.952| 1.426|RGB     | 1.0452| 1.048| 0.044|20.500| 0.017| 1.835| 0.007| 1.71e-04| 0.008| 3.939| 0.119|                |  0|KCat|Sloan|Simbad|289.53004|+44.28706
289.6578750|+44.2703889| 8293686|19183789+4416134|4228.3| 0.265|-0.003|  9.789| 1.453|RGB     | 1.0421| 1.281| 0.044|21.689| 0.017| 1.873| 0.007| 1.77e-04| 0.008| 3.733| 0.277|                |  0|KCat|Sloan|Simbad|289.65787|+44.27039
289.8763333|+44.2179167| 8294303|19193032+4413045|4359.1|-0.008| 0.034|  7.918| 1.349|RGB     | 1.0495| 0.931| 0.044|20.396| 0.017| 1.788| 0.007| 1.55e-04| 0.008| 4.146| 0.212|Ageold          |  0|KCat|Sloan|Simbad|289.87633|+44.21792
290.6225833|+44.2798333| 8296548|19222942+4416474|4946.3|-0.235| 0.026| 41.766| 4.573|RC(S)   | 0.9928| 1.560| 0.074|11.139| 0.021| 2.537| 0.010| 1.59e-03| 0.008| 3.251| 0.242|                |  0|KCat|Sloan|Simbad|290.62258|+44.27983
290.6869583|+44.2902778| 8296709|19224487+4417250|4482.0|-0.151| 0.003| 10.322| 1.775|RGB     | 1.0155| 0.818| 0.044|16.627| 0.017| 1.909| 0.007| 2.51e-04| 0.008| 4.245| 0.159|Ageold          |  0|KCat|Sloan|Simbad|290.68696|+44.29028
290.6949167|+44.2648889| 8296729|19224678+4415536|4638.4| 0.142| 0.017| 48.260| 4.919|RGB     | 1.0342| 1.385| 0.040| 9.925| 0.015| 2.586| 0.007| 2.00e-03| 0.007| 3.584| 0.304|                |  0|KCat|Sloan|Simbad|290.69492|+44.26489
291.7166667|+44.2092222| 8299489|19265200+4412332|4921.5|-0.091| 0.025|140.279|11.561|RGB     | 1.0210| 1.283| 0.033| 5.520| 0.011| 3.062| 0.007| 1.08e-02| 0.007| 3.621| 0.228|                |  0|KCat|Sloan|Simbad|291.71667|+44.20922
291.8776250|+44.2040000| 8299922|19273063+4412144|5075.3| 0.102|-0.002| 85.196| 6.888|RC      | 0.9909| 2.694| 0.054|10.185| 0.012| 2.853| 0.008| 3.60e-03| 0.008| 2.723| 0.131|                |  0|KCat|Sloan|Simbad|291.87762|+44.20400
292.1665417|+44.2647222| 8300692|19283997+4415530|4881.7|-0.429| 0.271| 27.076| 3.690|RC      | 0.9998| 0.956| 0.081|10.864| 0.025| 2.346| 0.010| 1.05e-03| 0.008| 3.766| 0.340|                |  0|KCat|Sloan|Simbad|292.16654|+44.26472
292.1887500|+44.2617778| 8300747|19284530+4415424|4498.4|-0.587| 0.223| 16.073| 2.360|RGB     | 1.0466| 0.880| 0.043|13.813| 0.016| 2.102| 0.007| 4.71e-04| 0.008| 4.046| 0.160|                |  0|KCat|Sloan|Simbad|292.18875|+44.26178
292.3698333|+44.2989722| 8301180|19292876+4417563|4943.4| 0.131|-0.024|228.306|16.426|RGB     | 1.0168| 1.389| 0.028| 4.497| 0.009| 3.275| 0.007| 2.15e-02| 0.006| 3.557| 0.203|                |  0|KCat|Sloan|Simbad|292.36983|+44.29897
292.6405833|+44.2480278| 8301905|19303374+4414529|4985.8|-0.282| 0.058|138.889|11.840|RGB     | 1.0209| 1.155| 0.033| 5.247| 0.011| 3.061| 0.007| 1.13e-02| 0.007| 3.727| 0.316|                |  0|KCat|Sloan|Simbad|292.64058|+44.24803
292.7258750|+44.2537778| 8302107|19305421+4415136|4401.1|-0.114| 0.130| 23.914| 3.087|RGB     | 1.0456| 0.962| 0.043|11.903| 0.016| 2.270| 0.007| 8.04e-04| 0.008| 4.081| 0.329|                |  0|KCat|Sloan|Simbad|292.72587|+44.25378
294.5186667|+44.2255000| 8307149|19380448+4413318|4609.0| 0.248| 0.001| 72.558| 6.996|RGB     | 1.0346| 1.139| 0.038| 7.350| 0.014| 2.762| 0.007| 4.04e-03| 0.007| 3.908| 0.239|                |  0|KCat|Sloan|Simbad|294.51867|+44.22550
294.6379167|+44.2761667| 8307548|19383310+4416342|5065.2| 0.028|-0.029|104.803| 8.370|RC      | 0.9939| 2.266| 0.047| 8.425| 0.009| 2.942| 0.007| 5.34e-03| 0.008| 2.954| 0.131|                |  0|KCat|Sloan|Simbad|294.63792|+44.27617
294.6641667|+44.2741667| 8307630|19383940+4416270|4920.0|-0.226| 0.037| 32.836| 3.874|RC      | 1.0030| 1.402| 0.078|11.925| 0.023| 2.432| 0.010| 1.17e-03| 0.008| 3.377| 0.319|                |  0|KCat|Sloan|Simbad|294.66417|+44.27417
295.3852083|+44.2550556| 8309890|19413245+4415182|4639.0| 0.121|-0.015| 51.888| 5.147|RGB     | 1.0332| 1.442| 0.040| 9.766| 0.015| 2.618| 0.007| 2.18e-03| 0.007| 3.514| 0.206|                |  0|KCat|Sloan|Simbad|295.38521|+44.25506
295.6657500|+44.2720556| 8310792|19423978+4416194|5068.3|-0.054|-0.013|109.930| 8.232|RC(S)   | 0.9989| 2.741| 0.047| 9.046| 0.009| 2.963| 0.007| 5.22e-03| 0.008| 2.723| 0.454|                |  0|KCat|Sloan|Simbad|295.66575|+44.27206
296.1495417|+44.2981111| 8312324|19443589+4417532|4665.9|-0.317| 0.203| 54.583| 5.857|RGB     | 1.0377| 0.993| 0.040| 7.889| 0.015| 2.641| 0.007| 2.85e-03| 0.007| 3.966| 0.421|                |  0|KCat|Sloan|Simbad|296.14954|+44.29811
296.2137500|+44.2665000| 8312512|19445130+4415594|4769.5|-0.194| 0.189|101.915| 9.171|RGB     | 1.0270| 1.158| 0.036| 6.201| 0.013| 2.917| 0.007| 6.85e-03| 0.007| 3.758| 0.337|                |  0|KCat|Sloan|Simbad|296.21375|+44.26650
296.7126667|+44.2003333| 8314240|19465104+4412012|4759.2|-0.179| 0.042| 57.839| 5.957|RGB     | 1.0346| 1.151| 0.040| 8.211| 0.015| 2.670| 0.007| 2.93e-03| 0.007| 3.770| 0.297|                |  0|KCat|Sloan|Simbad|296.71267|+44.20033
296.7972500|+44.2302778| 8314514|19471134+4413490|4806.9| 0.201|-0.028| 50.449| 4.830|RC(S)   | 1.0105| 1.972| 0.070|11.478| 0.019| 2.613| 0.009| 1.84e-03| 0.008| 3.126| 0.420|                |  0|KCat|Sloan|Simbad|296.79725|+44.23028
297.1246667|+44.2931389| 8315796|19482992+4417353|4788.3| 0.094| 0.032| 99.678| 8.880|RGB     | 1.0277| 1.237| 0.036| 6.473| 0.013| 2.908| 0.007| 6.43e-03| 0.007| 3.737| 0.399|                |  0|KCat|Sloan|Simbad|297.12467|+44.29314
297.2759583|+44.2267500| 8316412|19490623+4413363|4711.1| 0.177| 0.018|103.788| 9.221|RGB     | 1.0286| 1.168| 0.036| 6.190| 0.013| 2.922| 0.007| 6.95e-03| 0.007| 3.849| 0.207|                |  0|KCat|Sloan|Simbad|297.27596|+44.22675
298.9590000|+44.2672778| 8323295|19555016+4416022|4749.9| 0.278|-0.011|129.417|10.805|RGB     | 1.0251| 1.233| 0.034| 5.683| 0.012| 3.020| 0.007| 9.47e-03| 0.007| 3.787| 0.565|                |  0|KCat|Sloan|Simbad|298.95900|+44.26728
299.3082083|+44.2766389| 8324636|19571397+4416359|      |      |      | 36.888| 4.234|Bad Teff|       |      |      |      |      |      |      |         |      |      |      |No Seis         |  0|KCat|Sloan|Simbad|299.30821|+44.27664
299.6066250|+44.2475278| 8325630|19582559+4414511|4293.9| 0.015| 0.052| 12.913| 1.863|RGB     | 1.0451| 1.103| 0.044|17.451| 0.016| 1.997| 0.007| 2.93e-04| 0.008| 3.901| 1.299|                |  0|KCat|Sloan|Simbad|299.60662|+44.24753
299.6454167|+44.2748889| 8325764|19583490+4416296|4841.5|-0.382| 0.073| 27.799| 3.847|RC      | 0.9910| 0.896| 0.080|10.402| 0.024| 2.356| 0.010| 1.12e-03| 0.008| 3.842| 0.363|                |  0|KCat|Sloan|Simbad|299.64542|+44.27489
300.3871667|+44.2668889| 8328390|20013292+4416008|4662.7| 0.207| 0.006| 84.246| 7.781|RGB     | 1.0315| 1.199| 0.037| 6.980| 0.013| 2.829| 0.007| 4.97e-03| 0.007| 3.816| 0.556|                |  0|KCat|Sloan|Simbad|300.38717|+44.26689
300.4998333|+44.2650556| 8328668|20015996+4415542|4835.9| 0.003| 0.000|101.029| 8.715|RGB     | 1.0249| 1.425| 0.036| 6.884| 0.013| 2.916| 0.007| 6.16e-03| 0.007| 3.482| 0.458|                |  0|KCat|Sloan|Simbad|300.49983|+44.26506
301.0255833|+44.2150833| 8330598|20040614+4412543|4837.6| 0.062|-0.004| 40.957| 4.518|RC      | 0.9990| 1.456| 0.074|10.928| 0.021| 2.524| 0.010| 1.57e-03| 0.008| 3.394| 0.445|                |  0|KCat|Sloan|Simbad|301.02558|+44.21508
301.4750000|+44.2651111| 8332266|20055400+4415544|4691.7| 0.068| 0.017| 60.500| 6.126|RGB     | 1.0355| 1.149| 0.039| 8.050| 0.014| 2.687| 0.007| 3.11e-03| 0.007| 3.841| 0.639|                |  0|KCat|Sloan|Simbad|301.47500|+44.26511
281.0448750|+44.3696667| 8343654|18441077+4422108|4563.0| 0.173|-0.014| 30.386| 3.299|RGB     | 1.0331| 1.677| 0.042|13.816| 0.016| 2.382| 0.007| 8.97e-04| 0.008| 3.299| 0.162|                |  0|KCat|Sloan|Simbad|281.04487|+44.36967
281.9705000|+44.3388611| 8345076|18475292+4420199|4127.7|-0.452| 0.215|  3.596| 0.714|RGB     | 1.0301| 1.103| 0.044|33.398| 0.017| 1.433| 0.007| 4.18e-05| 0.008| 3.730| 0.080|                |  0|KCat|Sloan|Simbad|281.97050|+44.33886
282.6373333|+44.3437778| 8346238|18503296+4420376|4531.9| 0.345| 0.009| 31.260| 3.753|RC      | 1.0113| 1.174| 0.079|11.419| 0.024| 2.393| 0.010| 1.11e-03| 0.008| 3.707| 0.100|                |  0|KCat|Sloan|Simbad|282.63733|+44.34378
283.9217917|+44.3847222| 8348568|18554123+4423050|4837.9|-0.170| 0.034| 32.835| 4.013|RC      | 0.9985| 1.208| 0.078|11.116| 0.023| 2.428| 0.010| 1.24e-03| 0.008| 3.572| 0.097|                |  1|KCat|Sloan|Simbad|283.92179|+44.38472
284.0285833|+44.3752500| 8348765|18560686+4422309|4833.1| 0.105|-0.017| 46.829| 4.757|RC(S)   | 0.9991| 1.768| 0.071|11.264| 0.020| 2.582| 0.009| 1.74e-03| 0.008| 3.204| 0.099|                |  0|KCat|Sloan|Simbad|284.02858|+44.37525
284.3582083|+44.3299444| 8349350|18572597+4419478|4634.1| 0.000| 0.098| 30.383| 3.839|RC      | 0.9869| 1.123| 0.079|11.263| 0.024| 2.385| 0.010| 1.11e-03| 0.008| 3.671| 0.004|                |  0|KCat|Sloan|Simbad|284.35821|+44.32994
284.5647917|+44.3707778| 8349732|18581555+4422148|4913.5| 0.041| 0.023|138.653|11.393|RGB     | 1.0221| 1.305| 0.033| 5.602| 0.011| 3.057| 0.007| 1.05e-02| 0.007| 3.642| 0.165|                |  0|KCat|Sloan|Simbad|284.56479|+44.37078
284.9400000|+44.3712500| 8350443|18594560+4422165|4813.3|-0.152| 0.051| 31.716| 3.985|RC      | 0.9984| 1.112| 0.078|10.866| 0.023| 2.412| 0.010| 1.22e-03| 0.008| 3.659| 0.101|                |  1|KCat|Sloan|Simbad|284.94000|+44.37125
285.0478750|+44.3116944| 8350645|19001149+4418421|4698.8| 0.133| 0.024| 53.848| 5.241|RGB     | 1.0319| 1.537| 0.040| 9.864| 0.015| 2.637| 0.007| 2.26e-03| 0.007| 3.420| 0.140|                |  1|KCat|Sloan|Simbad|285.04787|+44.31169
285.1841667|+44.3522778| 8350894|19004420+4421082|4934.3|-1.116| 0.152| 12.545| 2.011|RGB     | 1.0405| 0.934| 0.044|15.738| 0.016| 2.014| 0.007| 3.38e-04| 0.008| 3.867| 0.308|                |  0|KCat|Sloan|Simbad|285.18417|+44.35228
287.3813750|+44.3625556| 8354896|19093153+4421452|4965.6|-0.181| 0.020| 95.914| 8.338|RGB     | 1.0234| 1.522| 0.036| 7.255| 0.013| 2.899| 0.007| 5.62e-03| 0.007| 3.347| 0.080|                |  1|KCat|Sloan|Simbad|287.38137|+44.36256
288.8908750|+44.3639444| 8357852|19153381+4421502|4545.1|-0.213| 0.165| 35.396| 4.145|RGB     | 1.0403| 1.027| 0.042|10.029| 0.015| 2.447| 0.007| 1.44e-03| 0.007| 3.947| 0.110|                |  0|KCat|Sloan|Simbad|288.89087|+44.36394
289.2611667|+44.3775000| 8358665|19170268+4422390|4521.4|-0.327| 0.187| 17.618| 2.241|RGB     | 1.0346| 1.505| 0.043|17.232| 0.016| 2.143| 0.007| 4.15e-04| 0.008| 3.334| 0.114|                |  0|KCat|Sloan|Simbad|289.26117|+44.37750
289.4689583|+44.3323333| 8359169|19175255+4419564|4834.8| 0.227| 0.038| 53.872| 5.239|RC      | 0.9996| 1.827| 0.068|10.676| 0.018| 2.643| 0.009| 2.12e-03| 0.008| 3.197| 0.197|                |  0|KCat|Sloan|Simbad|289.46896|+44.33233
289.4748333|+44.3825000| 8359180|19175396+4422570|4634.6| 0.041| 0.020| 32.238| 3.559|RGB     | 1.0348| 1.502| 0.042|12.647| 0.016| 2.411| 0.007| 1.05e-03| 0.008| 3.439| 0.263|                |  0|KCat|Sloan|Simbad|289.47483|+44.38250
289.7899167|+44.3691944| 8359997|19190958+4422091|4393.6| 0.155| 0.075| 27.294| 3.458|RGB     | 1.0342| 0.946| 0.042|11.056| 0.016| 2.327| 0.007| 9.87e-04| 0.008| 4.176| 0.187|Ageold          |  0|KCat|Sloan|Simbad|289.78992|+44.36919
289.9085833|+44.3905833| 8360297|19193806+4423261|4711.2|-0.318| 0.181| 82.536| 8.138|RGB     | 1.0323| 0.955| 0.038| 6.275| 0.014| 2.823| 0.007| 5.45e-03| 0.007| 4.027| 0.130|                |  0|KCat|Sloan|Simbad|289.90858|+44.39058
289.9230833|+44.3533889| 8360334|19194154+4421122|4677.8| 0.204| 0.020| 33.039| 4.064|RC      | 1.0027| 1.094| 0.078|10.638| 0.023| 2.423| 0.010| 1.28e-03| 0.008| 3.749| 0.298|                |  0|KCat|Sloan|Simbad|289.92308|+44.35339
290.5060833|+44.3475000| 8361996|19220146+4420510|4790.4|-0.152| 0.077| 30.250| 3.970|RC      | 0.9928| 0.995| 0.079|10.537| 0.024| 2.390| 0.010| 1.20e-03| 0.008| 3.778| 0.201|                |  0|KCat|Sloan|Simbad|290.50608|+44.34750
290.5590417|+44.3799722| 8362163|19221417+4422479|4545.6|-0.042| 0.037| 27.039| 3.293|RGB(S)  | 1.0407| 1.148| 0.042|12.129| 0.016| 2.330| 0.007| 9.07e-04| 0.008| 3.809| 0.277|                |  0|KCat|Sloan|Simbad|290.55904|+44.37997
290.7322500|+44.3050278| 8362623|19225574+4418181|4766.2|-0.300| 0.131|105.555| 9.766|RGB     | 1.0275| 0.998| 0.036| 5.657| 0.013| 2.932| 0.007| 7.77e-03| 0.007| 3.957| 0.196|                |  0|KCat|Sloan|Simbad|290.73225|+44.30503
290.9728750|+44.3133056| 8363272|19235349+4418479|5049.2| 0.065|-0.005| 91.060| 7.474|RC      | 0.9979| 2.289| 0.051| 9.091| 0.011| 2.880| 0.008| 4.29e-03| 0.008| 2.971| 0.170|                |  0|KCat|Sloan|Simbad|290.97287|+44.31331
291.0288333|+44.3895000| 8363443|19240692+4423222|4578.4| 0.342| 0.006| 31.985| 3.786|RC      | 1.0095| 1.243| 0.078|11.583| 0.023| 2.405| 0.010| 1.13e-03| 0.008| 3.642| 0.141|                |  0|KCat|Sloan|Simbad|291.02883|+44.38950
291.0933750|+44.3807778| 8363613|19242241+4422508|4792.2| 0.147|-0.005| 43.095| 4.605|RC      | 0.9979| 1.557| 0.073|11.042| 0.021| 2.544| 0.009| 1.63e-03| 0.008| 3.333| 0.220|                |  0|KCat|Sloan|Simbad|291.09337|+44.38078
291.3612500|+44.3736111| 8364363|19252670+4422250|4881.8|-0.202| 0.005| 38.438| 4.393|RC      | 0.9947| 1.389| 0.075|10.992| 0.022| 2.498| 0.010| 1.47e-03| 0.008| 3.387| 0.194|                |  0|KCat|Sloan|Simbad|291.36125|+44.37361
291.4476667|+44.3367778| 8364578|19254744+4420124|4891.9|-0.392| 0.092| 28.549| 3.705|RC      | 1.0010| 1.101| 0.080|11.350| 0.024| 2.370| 0.010| 1.06e-03| 0.008| 3.616| 0.315|                |  0|KCat|Sloan|Simbad|291.44767|+44.33678
291.5264583|+44.3867222| 8364786|19260635+4423122|4881.8|-0.209| 0.065| 58.501| 5.507|RGB     | 1.0251| 1.758| 0.040|10.024| 0.015| 2.681| 0.007| 2.46e-03| 0.007| 3.123| 0.093|                |  0|KCat|Sloan|Simbad|291.52646|+44.38672
291.6158750|+44.3343333| 8365018|19262781+4420036|5011.8| 0.125|-0.014| 96.607| 7.869|RC      | 0.9973| 2.205| 0.049| 8.680| 0.010| 2.904| 0.007| 4.76e-03| 0.008| 3.005| 0.153|                |  0|KCat|Sloan|Simbad|291.61587|+44.33433
291.6307500|+44.3415556| 8365052|19263138+4420296|4997.8|-0.199| 0.029| 53.891| 5.054|RC      | 1.0040| 2.181| 0.068|11.566| 0.018| 2.650| 0.009| 1.99e-03| 0.008| 2.907| 0.296|                |  0|KCat|Sloan|Simbad|291.63075|+44.34156
291.8008333|+44.3813889| 8365522|19271220+4422530|4848.8| 0.263|-0.004| 53.638| 5.182|RC      | 1.0019| 1.874| 0.068|10.829| 0.018| 2.642| 0.009| 2.08e-03| 0.008| 3.185| 0.318|                |  0|KCat|Sloan|Simbad|291.80083|+44.38139
291.9037917|+44.3867778| 8365782|19273691+4423124|5153.3| 0.026|-0.003| 78.794| 6.302|RC(S)   | 1.0000| 3.000| 0.057|11.133| 0.013| 2.822| 0.008| 3.07e-03| 0.008| 2.600| 0.130|                |  0|KCat|Sloan|Simbad|291.90379|+44.38678
291.9610417|+44.3375833| 8365909|19275065+4420153|4584.6| 0.069| 0.029| 39.572| 4.413|RGB     | 1.0386| 1.140| 0.041| 9.971| 0.015| 2.497| 0.007| 1.62e-03| 0.007| 3.855| 0.299|                |  0|KCat|Sloan|Simbad|291.96104|+44.33758
292.0795000|+44.3218333| 8366239|19281908+4419186|4980.7|-0.046| 0.005|184.628|13.673|RGB     | 1.0172| 1.546| 0.029| 5.265| 0.010| 3.184| 0.007| 1.49e-02| 0.006| 3.346| 0.090|                |  0|KCat|Sloan|Simbad|292.07950|+44.32183
292.0913750|+44.3600556| 8366262|19282193+4421362|4838.0|-0.084| 0.016| 66.181| 6.364|RGB     | 1.0302| 1.380| 0.039| 8.371| 0.014| 2.732| 0.007| 3.32e-03| 0.007| 3.523| 0.316|                |  0|KCat|Sloan|Simbad|292.09137|+44.36006
292.1761250|+44.3082778| 8366486|19284227+4418298|4786.3| 0.090|-0.038| 40.266| 4.084|RGB(S)  | 1.0284| 1.816| 0.041|12.344| 0.015| 2.514| 0.007| 1.36e-03| 0.007| 3.158| 0.376|                |  0|KCat|Sloan|Simbad|292.17612|+44.30828
292.2744167|+44.3961944| 8366758|19290586+4423463|4649.8| 0.225|-0.003| 26.715| 3.840|RC      | 0.9976| 0.734| 0.081| 9.702| 0.025| 2.330| 0.010| 1.13e-03| 0.008| 4.111| 0.343|                |  0|KCat|Sloan|Simbad|292.27442|+44.39619
292.6835417|+44.3440000| 8367834|19304405+4420384|4708.2| 0.266| 0.005| 29.324| 4.306|RC      | 0.9845| 0.659| 0.080| 8.751| 0.024| 2.373| 0.010| 1.39e-03| 0.008| 4.182| 0.136|Ageold          |  0|KCat|Sloan|Simbad|292.68354|+44.34400
294.8652500|+44.3204167| 8374104|19392766+4419135|4968.6|-0.009|-0.010| 69.818| 6.300|RC(S)   | 1.0000| 1.978| 0.061| 9.692| 0.015| 2.761| 0.008| 3.06e-03| 0.008| 3.065| 0.274|                |  0|KCat|Sloan|Simbad|294.86525|+44.32042
295.2287083|+44.3386111| 8375240|19405489+4420190|4601.1| 0.230|-0.023| 51.076| 5.137|RGB     | 1.0344| 1.363| 0.040| 9.590| 0.015| 2.609| 0.007| 2.18e-03| 0.007| 3.628| 0.158|                |  0|KCat|Sloan|Simbad|295.22871|+44.33861
295.8326250|+44.3461944| 8377116|19431983+4420463|4641.0| 0.214| 0.013| 31.071| 3.860|RC      | 1.0014| 1.111| 0.079|11.073| 0.024| 2.395| 0.010| 1.15e-03| 0.008| 3.742| 0.462|                |  0|KCat|Sloan|Simbad|295.83262|+44.34619
295.8555833|+44.3489444| 8377200|19432534+4420562|4696.9| 0.184|-0.012| 37.671| 4.255|RC      | 1.0001| 1.372| 0.076|11.142| 0.022| 2.481| 0.010| 1.40e-03| 0.008| 3.496| 0.295|                |  0|KCat|Sloan|Simbad|295.85558|+44.34894
296.0224583|+44.3949444| 8377727|19440539+4423418|4853.3| 0.170|-0.012| 40.876| 4.360|RC      | 1.0055| 1.635| 0.074|11.584| 0.021| 2.524| 0.010| 1.48e-03| 0.008| 3.284| 0.589|                |  0|KCat|Sloan|Simbad|296.02246|+44.39494
296.2424583|+44.3180556| 8378462|19445819+4419050|5002.2| 0.081|-0.005| 88.425| 7.268|RC      | 1.0036| 2.259| 0.052| 9.188| 0.011| 2.866| 0.008| 4.11e-03| 0.008| 2.992| 0.387|                |  0|KCat|Sloan|Simbad|296.24246|+44.31806
296.2492500|+44.3509722| 8378481|19445982+4421035|4770.1|-0.157| 0.019| 62.039| 6.193|RGB     | 1.0325| 1.230| 0.039| 8.191| 0.014| 2.701| 0.007| 3.16e-03| 0.007| 3.669| 0.447|                |  0|KCat|Sloan|Simbad|296.24925|+44.35097
296.2964583|+44.3802500| 8378653|19451115+4422489|4951.6| 0.162|-0.004| 90.254| 7.396|RC      | 1.0033| 2.209| 0.052| 9.015| 0.011| 2.872| 0.008| 4.25e-03| 0.008| 3.027| 0.388|                |  0|KCat|Sloan|Simbad|296.29646|+44.38025
296.5441667|+44.3416944| 8379490|19461060+4420301|4892.6|-0.067|-0.002| 39.798| 4.459|RC      | 1.0011| 1.420| 0.075|10.919| 0.022| 2.514| 0.010| 1.54e-03| 0.008| 3.406| 0.467|                |  0|KCat|Sloan|Simbad|296.54417|+44.34169
296.5785417|+44.3091389| 8379613|19461885+4418329|4741.3|-0.240| 0.066| 65.009| 6.623|RGB     | 1.0339| 1.066| 0.039| 7.461| 0.014| 2.720| 0.007| 3.62e-03| 0.007| 3.853| 0.410|                |  0|KCat|Sloan|Simbad|296.57854|+44.30914
296.7672083|+44.3416389| 8380242|19470413+4420299|4776.6| 0.037| 0.009| 35.510| 4.184|RC      | 1.0003| 1.260| 0.077|10.953| 0.023| 2.459| 0.010| 1.35e-03| 0.008| 3.568| 0.419|                |  0|KCat|Sloan|Simbad|296.76721|+44.34164
297.0296250|+44.3545278| 8381246|19480711+4421163|4650.8| 0.465| 0.019| 86.772| 7.519|RGB     | 1.0290| 1.512| 0.037| 7.726| 0.013| 2.842| 0.007| 4.62e-03| 0.007| 3.502| 0.413|                |  0|KCat|Sloan|Simbad|297.02962|+44.35453
297.0935833|+44.3904444| 8381505|19482246+4423256|4333.3| 0.082|-0.010|  8.228| 1.277|RGB     | 1.0395| 1.338| 0.044|24.025| 0.017| 1.803| 0.007| 1.36e-04| 0.008| 3.615| 0.708|                |  0|KCat|Sloan|Simbad|297.09358|+44.39044
297.2930417|+44.3552500| 8382339|19491033+4421189|4820.6| 0.171|-0.005| 44.478| 4.693|RC      | 0.9979| 1.600| 0.072|11.004| 0.021| 2.559| 0.009| 1.69e-03| 0.008| 3.305| 0.689|                |  0|KCat|Sloan|Simbad|297.29304|+44.35525
298.1943333|+44.3621389| 8385961|19524664+4421437|4584.3| 0.176| 0.032| 53.089| 5.526|RGB     | 1.0378| 1.123| 0.040| 8.544| 0.015| 2.625| 0.007| 2.54e-03| 0.007| 3.914| 0.501|                |  0|KCat|Sloan|Simbad|298.19433|+44.36214
298.2798333|+44.3300000| 8386283|19530716+4419480|4966.5|-0.164| 0.030|137.284|11.144|RGB     | 1.0200| 1.418| 0.033| 5.853| 0.011| 3.055| 0.007| 9.98e-03| 0.007| 3.452| 0.575|                |  0|KCat|Sloan|Simbad|298.27983|+44.33000
298.2946250|+44.3641667| 8386337|19531071+4421510|4685.0| 0.138|-0.004| 62.069| 5.988|RGB     | 1.0325| 1.372| 0.039| 8.688| 0.014| 2.698| 0.007| 2.95e-03| 0.007| 3.592| 0.612|                |  0|KCat|Sloan|Simbad|298.29462|+44.36417
298.3401250|+44.3768611| 8386537|19532163+4422367|4768.9|-0.134| 0.037| 29.971| 3.876|RC      | 0.9896| 1.071| 0.079|10.996| 0.024| 2.385| 0.010| 1.14e-03| 0.008| 3.697| 0.448|                |  0|KCat|Sloan|Simbad|298.34012|+44.37686
298.4395000|+44.3483333| 8386921|19534548+4420540|4656.1| 0.113| 0.027| 27.123| 3.489|RC      | 1.0108| 1.071| 0.081|11.631| 0.025| 2.337| 0.010| 9.60e-04| 0.008| 3.755| 0.658|                |  0|KCat|Sloan|Simbad|298.43950|+44.34833
298.5680417|+44.3725278| 8387412|19541633+4422211|4141.4| 0.293| 0.008|  6.830| 1.081|RGB     | 1.0384| 1.401| 0.044|27.290| 0.017| 1.712| 0.007| 9.73e-05| 0.008| 3.605| 0.957|SeisUnc         |  0|KCat|Sloan|Simbad|298.56804|+44.37253
299.0177917|+44.3982222| 8389200|19560427+4423536|4845.1| 0.308|-0.021| 56.206| 4.879|RGB(S)  | 1.0058| 2.700| 0.040|12.698| 0.015| 2.662| 0.007| 1.86e-03| 0.007| 2.701| 0.499|                |  0|KCat|Sloan|Simbad|299.01779|+44.39822
299.0666667|+44.3325833| 8389387|19561600+4419573|4628.2|-0.203| 0.036| 22.246| 2.748|RGB     | 1.0363| 1.378| 0.043|14.588| 0.016| 2.249| 0.007| 6.26e-04| 0.008| 3.478| 0.442|                |  0|KCat|Sloan|Simbad|299.06667|+44.33258
299.1578333|+44.3176667| 8389696|19563788+4419036|4518.8| 0.148| 0.018| 26.231| 3.065|RGB     | 1.0376| 1.402| 0.042|13.630| 0.016| 2.316| 0.007| 7.81e-04| 0.008| 3.570| 1.439|                |  0|KCat|Sloan|Simbad|299.15783|+44.31767
299.5655833|+44.3536389| 8391175|19581574+4421131|4820.8| 0.012|-0.007| 88.204| 7.722|RGB     | 1.0256| 1.527| 0.037| 7.632| 0.013| 2.856| 0.007| 4.84e-03| 0.007| 3.384| 0.511|                |  0|KCat|Sloan|Simbad|299.56558|+44.35364
299.6604583|+44.3111944| 8391532|19583851+4418403|4893.6| 0.049| 0.001| 56.917| 5.470|RC      | 0.9999| 1.844| 0.067|10.404| 0.018| 2.669| 0.009| 2.31e-03| 0.008| 3.152| 0.475|                |  0|KCat|Sloan|Simbad|299.66046|+44.31119
299.6632500|+44.3761389| 8391545|19583918+4422341|4890.2|-0.045| 0.000|157.153|12.745|RGB     | 1.0203| 1.214| 0.031| 5.080| 0.011| 3.110| 0.007| 1.31e-02| 0.007| 3.716| 0.481|                |  0|KCat|Sloan|Simbad|299.66325|+44.37614
300.2951250|+44.3058056| 8394035|20011083+4418209|4985.0| 0.161|-0.016| 74.923| 6.442|RC      | 0.9991| 2.255| 0.058| 9.980| 0.014| 2.793| 0.008| 3.20e-03| 0.008| 3.018| 0.369|                |  0|KCat|Sloan|Simbad|300.29512|+44.30581
300.3342083|+44.3255278| 8394175|20012021+4419319|4712.5| 0.228| 0.004|119.223|10.313|RGB     | 1.0271| 1.139| 0.034| 5.702| 0.012| 2.982| 0.007| 8.66e-03| 0.007| 3.900| 0.448|                |  0|KCat|Sloan|Simbad|300.33421|+44.32553
300.4332500|+44.3108056| 8394497|20014398+4418389|5013.2|-0.032|-0.019| 74.440| 6.624|RC      | 1.0036| 1.960| 0.059| 9.323| 0.014| 2.791| 0.008| 3.41e-03| 0.008| 3.049| 0.308|                |  0|KCat|Sloan|Simbad|300.43325|+44.31081
300.6457500|+44.3470556| 8395097|20023498+4420494|4548.0| 0.239| 0.034| 44.115| 4.775|RGB     | 1.0385| 1.139| 0.041| 9.457| 0.015| 2.543| 0.007| 1.90e-03| 0.007| 3.909| 1.852|                |  0|KCat|Sloan|Simbad|300.64575|+44.34706
300.6675417|+44.3340000| 8395153|20024021+4420024|4671.5| 0.166|-0.003| 46.616| 4.737|RGB     | 1.0334| 1.473| 0.041|10.394| 0.015| 2.573| 0.007| 1.85e-03| 0.007| 3.496| 0.381|                |  0|KCat|Sloan|Simbad|300.66754|+44.33400
300.7853333|+44.3748889| 8395466|20030848+4422296|5156.2|-0.041|-0.015| 67.367| 5.661|RC(S)   | 1.0000| 2.882| 0.062|11.800| 0.015| 2.754| 0.008| 2.47e-03| 0.008| 2.566| 0.406|                |  0|KCat|Sloan|Simbad|300.78533|+44.37489
301.1842917|+44.3317500| 8396782|20044423+4419543|5006.6| 0.041|-0.021| 82.545| 7.073|RC      | 0.9975| 2.103| 0.055| 9.172| 0.012| 2.836| 0.008| 3.84e-03| 0.008| 3.025| 0.538|                |  0|KCat|Sloan|Simbad|301.18429|+44.33175
301.2724167|+44.3875278| 8397081|20050538+4423151|4971.0| 0.183|-0.015| 68.870| 5.853|RC(S)   | 1.0021| 2.528| 0.061|11.031| 0.015| 2.756| 0.008| 2.66e-03| 0.008| 2.858| 0.883|                |  0|KCat|Sloan|Simbad|301.27242|+44.38753
281.0261667|+44.4012778| 8408920|18440628+4424046|4165.3|-0.159| 0.173|  7.105| 1.235|RGB     | 1.0486| 0.895| 0.044|21.361| 0.017| 1.731| 0.007| 1.29e-04| 0.008| 4.146| 0.088|Ageold          |  0|KCat|Sloan|Simbad|281.02617|+44.40128
281.7705000|+44.4727222| 8409983|18470492+4428218|4787.8|-0.036| 0.027| 32.854| 4.115|RC      | 1.0021| 1.062| 0.078|10.449| 0.023| 2.426| 0.010| 1.31e-03| 0.008| 3.725| 0.125|                |  0|KCat|Sloan|Simbad|281.77050|+44.47272
281.7841250|+44.4422778| 8410006|18470819+4426322|4542.4|-0.404| 0.212| 31.320| 3.865|RGB     | 1.0424| 0.933| 0.042|10.163| 0.016| 2.394| 0.007| 1.25e-03| 0.008| 4.021| 0.000|                |  0|KCat|Sloan|Simbad|281.78412|+44.44228
282.1022500|+44.4022222| 8410529|18482454+4424080|4692.0| 0.116| 0.040| 31.272| 3.901|RC      | 0.9913| 1.149| 0.079|11.195| 0.024| 2.400| 0.010| 1.15e-03| 0.008| 3.683| 0.152|                |  0|KCat|Sloan|Simbad|282.10225|+44.40222
282.2539167|+44.4724722| 8410818|18490094+4428209|4935.1|-0.166|-0.015| 42.945| 4.626|RC      | 0.9948| 1.601| 0.073|11.137| 0.021| 2.549| 0.009| 1.63e-03| 0.008| 3.244| 0.091|                |  0|KCat|Sloan|Simbad|282.25392|+44.47247
284.3212500|+44.4390000| 8414512|18571710+4426204|4690.3| 0.161|-0.005| 33.267| 4.096|RC      | 1.0060| 1.073| 0.078|10.489| 0.023| 2.427| 0.010| 1.31e-03| 0.008| 3.758| 0.130|                |  1|KCat|Sloan|Simbad|284.32125|+44.43900
284.3233750|+44.4596667| 8414518|18571761+4427348|4930.7| 0.128|-0.023| 56.076| 5.087|RC      | 1.0073| 2.314| 0.067|11.720| 0.018| 2.665| 0.009| 2.03e-03| 0.008| 2.913| 0.095|                |  0|KCat|Sloan|Simbad|284.32337|+44.45967
284.8591667|+44.4728889| 8415501|18592620+4428224|4697.0|-0.212| 0.047| 31.950| 3.626|RGB     | 1.0341| 1.388| 0.042|12.171| 0.016| 2.410| 0.007| 1.09e-03| 0.008| 3.462| 0.099|                |  1|KCat|Sloan|Simbad|284.85917|+44.47289
284.9235000|+44.4036944| 8415616|18594164+4424133|4516.2|-0.204| 0.069| 10.151| 1.600|RGB     | 1.0442| 1.065| 0.044|19.100| 0.017| 1.903| 0.007| 2.15e-04| 0.008| 3.879| 0.164|                |  0|KCat|Sloan|Simbad|284.92350|+44.40369
285.3704583|+44.4270278| 8416447|19012891+4425373|4880.4|-0.363| 0.055| 70.633| 6.892|RGB     | 1.0292| 1.241| 0.039| 7.665| 0.014| 2.763| 0.007| 3.89e-03| 0.007| 3.593| 0.023|                |  0|KCat|Sloan|Simbad|285.37046|+44.42703
285.7636667|+44.4296944| 8417184|19030328+4425469|4286.6|-0.148| 0.168| 10.412| 1.534|RGB     | 1.0397| 1.279| 0.044|20.935| 0.017| 1.903| 0.007| 1.96e-04| 0.008| 3.615| 0.012|                |  0|KCat|Sloan|Simbad|285.76367|+44.42969
286.0520833|+44.4293333| 8417711|19041250+4425456|4893.9|-0.092| 0.010| 37.644| 4.362|RC      | 0.9981| 1.329| 0.076|10.861| 0.022| 2.490| 0.010| 1.46e-03| 0.008| 3.467| 0.170|                |  0|KCat|Sloan|Simbad|286.05208|+44.42933
286.3696250|+44.4422500| 8418309|19052871+4426321|4847.5|-0.088| 0.064|114.910|10.151|RGB     | 1.0253| 1.141| 0.035| 5.773| 0.012| 2.973| 0.007| 8.36e-03| 0.007| 3.814| 0.076|                |  0|KCat|Sloan|Simbad|286.36962|+44.44225
286.4311250|+44.4361111| 8418437|19054347+4426100|5029.6|-0.476| 0.235| 26.910| 3.974|RC      | 0.9787| 0.794| 0.081| 9.861| 0.025| 2.350| 0.010| 1.17e-03| 0.008| 3.941| 0.080|                |  1|KCat|Sloan|Simbad|286.43112|+44.43611
288.8823750|+44.4107222| 8423171|19153177+4424386|5090.5|-0.092| 0.037| 88.740| 7.463|RC      | 0.9921| 2.208| 0.052| 9.027| 0.011| 2.871| 0.008| 4.23e-03| 0.008| 2.965| 0.171|                |  0|KCat|Sloan|Simbad|288.88237|+44.41072
289.0002083|+44.4819722| 8423426|19160005+4428551|4668.3| 0.005| 0.023| 51.701| 5.326|RGB     | 1.0352| 1.247| 0.040| 9.081| 0.015| 2.617| 0.007| 2.35e-03| 0.007| 3.702| 0.196|                |  0|KCat|Sloan|Simbad|289.00021|+44.48197
289.1354583|+44.4983889| 8423708|19163251+4429542|4817.1| 0.187|-0.021|147.828|12.002|RGB     | 1.0223| 1.246| 0.032| 5.327| 0.011| 3.081| 0.007| 1.16e-02| 0.007| 3.746| 0.200|                |  0|KCat|Sloan|Simbad|289.13546|+44.49839
289.3836667|+44.4993889| 8424298|19173208+4429578|4820.8| 0.131| 0.004|161.370|12.746|RGB     | 1.0205| 1.284| 0.031| 5.176| 0.011| 3.119| 0.007| 1.31e-02| 0.007| 3.685| 0.031|                |  0|KCat|Sloan|Simbad|289.38367|+44.49939
289.5575000|+44.4608333| 8424785|19181380+4427390|4757.7|-0.274| 0.194| 28.354| 3.792|RC      | 1.0037| 0.932| 0.080|10.554| 0.024| 2.361| 0.010| 1.12e-03| 0.008| 3.820| 0.241|                |  0|KCat|Sloan|Simbad|289.55750|+44.46083
289.8462500|+44.4399722| 8425507|19192310+4426239|4646.0| 0.077| 0.033| 49.802| 5.214|RGB     | 1.0363| 1.200| 0.040| 9.088| 0.015| 2.600| 0.007| 2.25e-03| 0.007| 3.780| 0.279|                |  0|KCat|Sloan|Simbad|289.84625|+44.43997
290.0703333|+44.4079722| 8426108|19201688+4424287|4445.3|-0.331| 0.209| 20.385| 2.801|RGB     | 1.0471| 0.887| 0.043|12.348| 0.016| 2.203| 0.007| 6.64e-04| 0.008| 4.136| 0.191|                |  0|KCat|Sloan|Simbad|290.07033|+44.40797
290.2840833|+44.4157778| 8426672|19210818+4424568|4938.6|-0.073| 0.012|195.241|14.764|RGB     | 1.0174| 1.326| 0.029| 4.753| 0.010| 3.207| 0.007| 1.74e-02| 0.006| 3.582| 0.070|                |  0|KCat|Sloan|Simbad|290.28408|+44.41578
290.3112083|+44.4702222| 8426743|19211469+4428128|4892.8|-0.232| 0.065| 41.287| 4.459|RC      | 0.9937| 1.634| 0.074|11.499| 0.021| 2.530| 0.010| 1.52e-03| 0.008| 3.206| 0.198|                |  0|KCat|Sloan|Simbad|290.31121|+44.47022
290.3530000|+44.4164167| 8426868|19212472+4424591|      |      |      | 19.816| 2.603|Bad Teff|       |      |      |      |      |      |      |         |      |      |      |No Seis         |  0|KCat|Sloan|Simbad|290.35300|+44.41642
290.8269583|+44.4141111| 8428095|19231847+4424508|4821.8| 0.002| 0.019| 56.704| 5.410|RGB     | 1.0285| 1.665| 0.040| 9.940| 0.015| 2.665| 0.007| 2.39e-03| 0.007| 3.253| 0.274|                |  0|KCat|Sloan|Simbad|290.82696|+44.41411
291.7117083|+44.4207778| 8430504|19265081+4425148|4592.6| 0.260| 0.025| 56.849| 5.677|RGB     | 1.0351| 1.253| 0.040| 8.719| 0.015| 2.655| 0.007| 2.67e-03| 0.007| 3.765| 0.354|                |  0|KCat|Sloan|Simbad|291.71171|+44.42078
291.9237500|+44.4366389| 8431063|19274170+4426119|4753.4|-0.033| 0.093| 54.603| 5.250|RGB     | 1.0294| 1.635| 0.040|10.073| 0.015| 2.645| 0.007| 2.25e-03| 0.007| 3.276| 0.369|                |  0|KCat|Sloan|Simbad|291.92375|+44.43664
291.9919167|+44.4024444| 8431241|19275806+4424088|4701.6| 0.064| 0.068| 31.458| 3.972|RC      | 1.0020| 1.046| 0.079|10.645| 0.024| 2.403| 0.010| 1.22e-03| 0.008| 3.769| 0.350|                |  0|KCat|Sloan|Simbad|291.99192|+44.40244
292.0809583|+44.4160833| 8431479|19281943+4424579|4772.4| 0.141|-0.010| 63.070| 5.938|RGB     | 1.0301| 1.545| 0.039| 9.103| 0.014| 2.709| 0.007| 2.89e-03| 0.007| 3.411| 0.417|                |  0|KCat|Sloan|Simbad|292.08096|+44.41608
292.1516250|+44.4493611| 8431695|19283639+4426577|4797.1|-0.287| 0.055| 60.091| 6.129|RGB     | 1.0331| 1.173| 0.039| 8.114| 0.014| 2.689| 0.007| 3.10e-03| 0.007| 3.708| 0.203|                |  0|KCat|Sloan|Simbad|292.15162|+44.44936
292.3762917|+44.4350833| 8432219|19293031+4426063|4884.9|-0.006|-0.004| 43.067| 4.597|RC      | 0.9968| 1.618| 0.073|11.207| 0.021| 2.548| 0.009| 1.62e-03| 0.008| 3.257| 0.472|                |  0|KCat|Sloan|Simbad|292.37629|+44.43508
292.3896250|+44.4559722| 8432239|19293351+4427215|4706.6| 0.229| 0.001| 50.624| 4.942|RGB     | 1.0318| 1.619| 0.040|10.438| 0.015| 2.610| 0.007| 2.01e-03| 0.007| 3.362| 0.326|                |  0|KCat|Sloan|Simbad|292.38962|+44.45597
292.6099167|+44.4106667| 8432800|19302638+4424384|4829.7| 0.005| 0.014|134.748|11.548|RGB     | 1.0239| 1.099| 0.033| 5.236| 0.012| 3.041| 0.007| 1.08e-02| 0.007| 3.890| 0.352|                |  0|KCat|Sloan|Simbad|292.60992|+44.41067
295.2625833|+44.4892222| 8440248|19410302+4429212|4884.1| 0.065| 0.013|153.374|12.411|RGB     | 1.0211| 1.248| 0.032| 5.217| 0.011| 3.100| 0.007| 1.24e-02| 0.007| 3.708| 0.277|                |  0|KCat|Sloan|Simbad|295.26258|+44.48922
295.5417500|+44.4412500| 8441160|19421002+4426285|4102.1| 0.002| 0.098|  6.913| 1.045|RGB     | 1.0317| 1.682| 0.044|29.793| 0.017| 1.716| 0.007| 8.97e-05| 0.008| 3.267| 0.352|SeisUnc         |  0|KCat|Sloan|Simbad|295.54175|+44.44125
295.7116667|+44.4637500| 8441683|19425080+4427495|4583.7| 0.081|-0.003| 44.560| 4.858|RGB     | 1.0380| 1.110| 0.041| 9.273| 0.015| 2.549| 0.007| 1.96e-03| 0.007| 3.895| 0.469|                |  0|KCat|Sloan|Simbad|295.71167|+44.46375
295.8931667|+44.4287500| 8442289|19433436+4425435|3989.2| 0.032| 0.074|  2.933| 0.638|RGB     | 1.0278| 0.897| 0.044|33.649| 0.017| 1.337| 0.007| 3.32e-05| 0.008| 4.199| 0.599|Ageold          |  0|KCat|Sloan|Simbad|295.89317|+44.42875
296.9646667|+44.4470833| 8445814|19475152+4426495|4583.4|-0.197| 0.039| 24.191| 3.058|RGB     | 1.0413| 1.117| 0.043|12.624| 0.016| 2.284| 0.007| 7.83e-04| 0.008| 3.806| 0.373|                |  0|KCat|Sloan|Simbad|296.96467|+44.44708
298.3760000|+44.4502222| 8451486|19533024+4427008|4756.5|-0.157| 0.090|130.084|11.397|RGB     | 1.0245| 1.016| 0.034| 5.144| 0.012| 3.022| 0.007| 1.05e-02| 0.007| 3.961| 0.453|                |  0|KCat|Sloan|Simbad|298.37600|+44.45022
298.9766250|+44.4416389| 8453896|19555439+4426299|4744.7|-0.241| 0.177|107.995| 9.906|RGB     | 1.0274| 1.003| 0.035| 5.613| 0.013| 2.941| 0.007| 8.00e-03| 0.007| 3.954| 0.451|                |  0|KCat|Sloan|Simbad|298.97662|+44.44164
299.0609167|+44.4495000| 8454209|19561462+4426582|4404.9| 0.087| 0.003| 14.818| 1.903|RGB     | 1.0353| 1.650| 0.043|19.803| 0.016| 2.062| 0.007| 3.00e-04| 0.008| 3.302| 0.649|                |  0|KCat|Sloan|Simbad|299.06092|+44.44950
299.2082500|+44.4261667| 8454772|19564998+4425342|4164.6| 0.507| 0.009| 11.767| 1.662|RGB     | 1.0447| 1.259| 0.044|19.685| 0.017| 1.950| 0.007| 2.33e-04| 0.008| 3.790| 1.342|                |  0|KCat|Sloan|Simbad|299.20825|+44.42617
299.5297917|+44.4099167| 8456004|19580715+4424357|4549.2|-0.113|-0.001| 20.232| 2.719|RGB(S)  | 1.0443| 1.022| 0.043|13.229| 0.016| 2.204| 0.007| 6.23e-04| 0.008| 3.953| 1.712|                |  0|KCat|Sloan|Simbad|299.52979|+44.40992
300.0696667|+44.4779722| 8458124|20001672+4428407|4775.6| 0.295|-0.009|153.644|12.189|RGB     | 1.0221| 1.299| 0.032| 5.347| 0.011| 3.095| 0.007| 1.20e-02| 0.007| 3.712| 0.230|                |  0|KCat|Sloan|Simbad|300.06967|+44.47797
300.1554167|+44.4410556| 8458459|20003730+4426278|4857.5| 0.003| 0.064|211.940|16.012|RGB     | 1.0171| 1.198| 0.028| 4.353| 0.009| 3.239| 0.007| 2.05e-02| 0.006| 3.764| 0.153|                |  0|KCat|Sloan|Simbad|300.15542|+44.44106
300.1728333|+44.4920000| 8458519|20004148+4429312|4692.8| 0.099| 0.029| 31.017| 3.899|RC      | 1.0012| 1.080| 0.079|10.901| 0.024| 2.397| 0.010| 1.18e-03| 0.008| 3.745| 0.498|                |  0|KCat|Sloan|Simbad|300.17283|+44.49200
300.2998750|+44.4269444| 8458954|20011197+4425370|4684.6| 0.361| 0.007|133.359|11.177|RGB     | 1.0263| 1.148| 0.033| 5.422| 0.012| 3.030| 0.007| 1.02e-02| 0.007| 3.915| 0.368|                |  0|KCat|Sloan|Simbad|300.29987|+44.42694
300.3358750|+44.4542778| 8459085|20012061+4427154|4968.4|-0.016| 0.000|193.926|14.918|RGB     | 1.0176| 1.258| 0.029| 4.637| 0.010| 3.205| 0.007| 1.78e-02| 0.006| 3.659| 0.365|                |  0|KCat|Sloan|Simbad|300.33587|+44.45428
300.3520417|+44.4050278| 8459156|20012449+4424181|4136.4| 0.146| 0.029|  6.085| 0.884|RGB     | 1.0222| 2.351| 0.044|37.464| 0.017| 1.662| 0.007| 6.30e-05| 0.008| 2.945| 2.060|                |  0|KCat|Sloan|Simbad|300.35204|+44.40503
300.7652083|+44.4805278| 8460569|20030365+4428499|4444.1|-0.062| 0.014| 14.242| 2.044|RGB     | 1.0451| 1.074| 0.043|16.256| 0.016| 2.047| 0.007| 3.52e-04| 0.008| 3.909| 1.950|                |  0|KCat|Sloan|Simbad|300.76521|+44.48053
301.0765833|+44.4975278| 8461449|20041838+4429511|4990.1| 0.006|-0.003| 57.339| 5.259|RC      | 1.0034| 2.240| 0.066|11.369| 0.018| 2.677| 0.009| 2.15e-03| 0.008| 2.955| 0.720|                |  0|KCat|Sloan|Simbad|301.07658|+44.49753
301.1554167|+44.4194444| 8461659|20043730+4425100|5045.0| 0.078|-0.009| 58.676| 5.167|RC      | 1.0052| 2.601| 0.066|12.076| 0.017| 2.689| 0.009| 2.08e-03| 0.008| 2.788| 0.852|                |  0|KCat|Sloan|Simbad|301.15542|+44.41944
301.3096250|+44.4307778| 8462113|20051431+4425508|4487.0|-0.316| 0.069| 13.551| 2.008|RGB     | 1.0453| 1.007| 0.044|16.097| 0.016| 2.027| 0.007| 3.40e-04| 0.008| 3.912| 2.240|                |  0|KCat|Sloan|Simbad|301.30962|+44.43078
301.5374167|+44.4084167| 8462775|20060898+4424303|4822.5|-0.041| 0.036| 52.686| 4.289|RC(S)   |       |      |      |      |      | 2.633| 0.009|         |      |      | 0.469|No Fdnu         |  0|KCat|Sloan|Simbad|301.53742|+44.40842
301.5985000|+44.4606389| 8462934|20062364+4427383|4983.2| 0.224|-0.033| 72.825| 6.257|RC      | 1.0063| 2.260| 0.059|10.135| 0.014| 2.780| 0.008| 3.06e-03| 0.008| 3.024| 0.588|                |  0|KCat|Sloan|Simbad|301.59850|+44.46064
281.8377917|+44.5753611| 8475025|18472107+4434313|4855.5|-0.032|-0.010|111.644| 9.588|RGB     | 1.0245| 1.322| 0.035| 6.302| 0.012| 2.960| 0.007| 7.45e-03| 0.007| 3.592| 0.086|                |  0|KCat|Sloan|Simbad|281.83779|+44.57536
281.9245833|+44.5957778| 8475164|18474190+4435448|4735.1| 0.075| 0.011| 32.248| 3.986|RC      | 1.0006| 1.129| 0.078|10.902| 0.023| 2.416| 0.010| 1.23e-03| 0.008| 3.693| 0.158|                |  0|KCat|Sloan|Simbad|281.92458|+44.59578
282.1498333|+44.5558611| 8475511|18483596+4433211|4478.5|-0.530| 0.241| 13.150| 1.983|RGB     | 1.0449| 0.967| 0.044|16.028| 0.016| 2.014| 0.007| 3.31e-04| 0.008| 3.937| 0.085|                |  0|KCat|Sloan|Simbad|282.14983|+44.55586
282.5640417|+44.5325278| 8476245|18501537+4431571|4789.5|-1.314| 0.300| 10.910| 1.749|RGB     | 1.0369| 1.041| 0.044|17.948| 0.017| 1.947| 0.007| 2.54e-04| 0.008| 3.691| 0.003|                |  0|KCat|Sloan|Simbad|282.56404|+44.53253
282.7202500|+44.5433889| 8476554|18505286+4432362|4519.1| 0.204| 0.063| 58.057| 5.965|RGB     | 1.0380| 1.058| 0.040| 7.957| 0.015| 2.661| 0.007| 2.96e-03| 0.007| 4.016| 0.049|                |  0|KCat|Sloan|Simbad|282.72025|+44.54339
283.7717500|+44.5126111| 8478436|18550522+4430454|4852.4|-0.339| 0.062| 31.796| 4.133|RC      | 0.9946| 0.995| 0.078|10.247| 0.023| 2.415| 0.010| 1.31e-03| 0.008| 3.736| 0.099|                |  0|KCat|Sloan|Simbad|283.77175|+44.51261
283.7941667|+44.5767778| 8478478|18551060+4434364|4425.7|-0.163| 0.164| 18.241| 2.530|RGB     | 1.0468| 0.950| 0.043|13.528| 0.016| 2.153| 0.007| 5.42e-04| 0.008| 4.062| 0.068|                |  0|KCat|Sloan|Simbad|283.79417|+44.57678
283.8324583|+44.5265000| 8478550|18551979+4431354|4659.6| 0.141| 0.046| 32.749| 4.037|RC      | 1.0033| 1.085| 0.078|10.649| 0.023| 2.419| 0.010| 1.27e-03| 0.008| 3.744| 0.098|                |  0|KCat|Sloan|Simbad|283.83246|+44.52650
284.1670833|+44.5043889| 8479182|18564010+4430158|4779.4| 0.048| 0.003| 33.550| 3.753|RC      | 1.0149| 1.550| 0.078|12.495| 0.023| 2.435| 0.010| 1.12e-03| 0.008| 3.324| 0.192|                |  1|KCat|Sloan|Simbad|284.16708|+44.50439
284.2771667|+44.5708056| 8479383|18570652+4434149|4810.4|-0.074| 0.008| 31.892| 4.019|RC      | 0.9993| 1.088| 0.078|10.719| 0.023| 2.414| 0.010| 1.25e-03| 0.008| 3.706| 0.098|                |  1|KCat|Sloan|Simbad|284.27717|+44.57081
284.4931250|+44.5433611| 8479780|18575835+4432361|4992.1|-0.289| 0.068| 39.779| 4.409|RC      | 0.9903| 1.598| 0.075|11.525| 0.022| 2.518| 0.010| 1.47e-03| 0.008| 3.215| 0.088|                |  1|KCat|Sloan|Simbad|284.49312|+44.54336
284.6801667|+44.5988611| 8480097|18584324+4435559|4787.4| 0.217|-0.010|199.303|15.436|RGB     | 1.0188| 1.121| 0.028| 4.358| 0.010| 3.209| 0.007| 1.91e-02| 0.006| 3.917| 0.070|                |  1|KCat|Sloan|Simbad|284.68017|+44.59886
284.7434583|+44.5340556| 8480205|18585843+4432026|4560.2| 0.086| 0.029| 48.714| 5.252|RGB     | 1.0390| 1.050| 0.040| 8.635| 0.015| 2.587| 0.007| 2.30e-03| 0.007| 3.986| 0.111|                |  1|KCat|Sloan|Simbad|284.74346|+44.53406
284.7643333|+44.5586944| 8480233|18590344+4433313|4812.6|-0.327| 0.193| 28.421| 3.908|RC      | 0.9914| 0.889| 0.080|10.264| 0.024| 2.364| 0.010| 1.16e-03| 0.008| 3.845| 0.202|                |  0|KCat|Sloan|Simbad|284.76433|+44.55869
284.8019583|+44.5289722| 8480313|18591247+4431443|4714.8|-0.129| 0.117| 28.164| 3.647|RC      | 1.0012| 1.063| 0.080|11.336| 0.024| 2.356| 0.010| 1.03e-03| 0.008| 3.703| 0.129|                |  0|KCat|Sloan|Simbad|284.80196|+44.52897
284.8915833|+44.5422500| 8480446|18593398+4432321|4357.6|-0.067| 0.034|       |      |REJECT  |       |      |      |      |      |      |      |         |      |      |      |No Seis         |  0|KCat|Sloan|Simbad|284.89158|+44.54225
285.3205833|+44.5836111| 8481174|19011694+4435010|4619.8|-0.208| 0.056| 28.460| 3.427|RGB     | 1.0385| 1.179| 0.042|11.936| 0.016| 2.356| 0.007| 9.78e-04| 0.008| 3.707| 0.125|                |  1|KCat|Sloan|Simbad|285.32058|+44.58361
285.6780417|+44.5006667| 8481765|19024273+4430024|4582.6| 0.327| 0.028| 30.830| 3.884|RC      | 1.0061| 1.019| 0.079|10.683| 0.024| 2.389| 0.010| 1.18e-03| 0.008| 3.838| 0.132|                |  0|KCat|Sloan|Simbad|285.67804|+44.50067
286.1180000|+44.5594444| 8482522|19042832+4433340|4535.3| 0.429| 0.022| 32.110| 3.865|RC      | 1.0067| 1.154| 0.078|11.165| 0.023| 2.404| 0.010| 1.17e-03| 0.008| 3.725| 0.139|                |  1|KCat|Sloan|Simbad|286.11800|+44.55944
286.2746667|+44.5915833| 8482769|19050592+4435297|4751.0|-0.271| 0.240| 28.098| 3.865|RC      | 0.9941| 0.871| 0.080|10.252| 0.024| 2.356| 0.010| 1.14e-03| 0.008| 3.891| 0.011|                |  1|KCat|Sloan|Simbad|286.27467|+44.59158
286.3704167|+44.5410833| 8482944|19052890+4432279|4781.8|-0.275| 0.188| 28.710| 3.873|RC      | 0.9988| 0.914| 0.080|10.372| 0.024| 2.367| 0.010| 1.15e-03| 0.008| 3.840| 0.000|                |  0|KCat|Sloan|Simbad|286.37042|+44.54108
288.9880000|+44.5123056| 8487905|19155712+4430443|4908.9|-0.044|-0.019| 50.742| 5.162|RC(S)   | 0.9963| 1.679| 0.070|10.505| 0.019| 2.620| 0.009| 2.04e-03| 0.008| 3.207| 0.029|                |  0|KCat|Sloan|Simbad|288.98800|+44.51231
289.7987917|+44.5923611| 8489832|19191171+4435325|4791.4| 0.077| 0.000| 40.921| 4.455|RC      | 0.9920| 1.558| 0.074|11.338| 0.021| 2.522| 0.010| 1.51e-03| 0.008| 3.318| 0.167|                |  0|KCat|Sloan|Simbad|289.79879|+44.59236
290.3144583|+44.5466667| 8491147|19211547+4432480|4933.1|-0.320| 0.062| 36.368| 4.349|RC      | 0.9953| 1.241| 0.076|10.655| 0.022| 2.477| 0.010| 1.45e-03| 0.008| 3.498| 0.049|                |  0|KCat|Sloan|Simbad|290.31446|+44.54667
290.3305833|+44.5918889| 8491197|19211934+4435308|4465.6| 0.014| 0.022| 20.114| 2.671|RGB     | 1.0451| 1.045| 0.043|13.479| 0.016| 2.198| 0.007| 6.02e-04| 0.008| 3.986| 0.282|                |  0|KCat|Sloan|Simbad|290.33058|+44.59189
290.3610833|+44.5648333| 8491283|19212666+4433534|4868.1| 0.107| 0.041| 47.241| 4.781|RC      | 0.9996| 1.795| 0.071|11.282| 0.020| 2.587| 0.009| 1.76e-03| 0.008| 3.192| 0.296|                |  0|KCat|Sloan|Simbad|290.36108|+44.56483
291.2715000|+44.5546389| 8493827|19250516+4433167|4745.7| 0.005| 0.030| 33.018| 4.067|RC      | 1.0001| 1.124| 0.078|10.744| 0.023| 2.426| 0.010| 1.28e-03| 0.008| 3.674| 0.170|                |  0|KCat|Sloan|Simbad|291.27150|+44.55464
291.3190833|+44.5216111| 8493969|19251658+4431178|4736.1|-0.187| 0.154|108.527| 9.924|RGB     | 1.0276| 1.007| 0.035| 5.613| 0.013| 2.943| 0.007| 8.03e-03| 0.007| 3.977| 0.002|                |  0|KCat|Sloan|Simbad|291.31908|+44.52161
291.4003750|+44.5755833| 8494160|19253609+4434321|4747.8| 0.175| 0.034|203.311|15.784|RGB     | 1.0187| 1.075| 0.028| 4.235| 0.009| 3.216| 0.007| 2.00e-02| 0.006| 3.977| 0.029|                |  0|KCat|Sloan|Simbad|291.40037|+44.57558
291.7432500|+44.5851389| 8495082|19265838+4435065|4369.9|-0.159| 0.040|  8.810| 1.414|RGB     | 1.0433| 1.091| 0.044|20.924| 0.017| 1.835| 0.007| 1.68e-04| 0.008| 3.848| 0.328|                |  0|KCat|Sloan|Simbad|291.74325|+44.58514
291.7607083|+44.5228611| 8495124|19270257+4431223|4620.5|-0.896| 0.285| 21.602| 2.984|RGB     | 1.0422| 0.885| 0.043|11.870| 0.016| 2.236| 0.007| 7.47e-04| 0.008| 3.975| 0.279|                |  0|KCat|Sloan|Simbad|291.76071|+44.52286
291.9664167|+44.5372222| 8495626|19275194+4432140|4705.4| 0.088|-0.009| 50.339| 5.092|RGB     | 1.0336| 1.403| 0.040| 9.743| 0.015| 2.608| 0.007| 2.14e-03| 0.007| 3.548| 0.315|                |  0|KCat|Sloan|Simbad|291.96642|+44.53722
292.1446250|+44.5275000| 8496042|19283471+4431390|4840.3| 0.039| 0.006| 42.376| 4.574|RC      | 0.9957| 1.557| 0.073|11.110| 0.021| 2.539| 0.010| 1.60e-03| 0.008| 3.317| 0.371|                |  0|KCat|Sloan|Simbad|292.14462|+44.52750
295.3909167|+44.5911944| 8505072|19413382+4435283|4728.9|-0.180| 0.145|103.972| 9.552|RGB     | 1.0280| 1.028| 0.036| 5.796| 0.013| 2.924| 0.007| 7.45e-03| 0.007| 3.944| 0.106|                |  0|KCat|Sloan|Simbad|295.39092|+44.59119
295.7208333|+44.5760556| 8506096|19425300+4434338|4833.5| 0.121| 0.025| 43.722| 4.517|RC      | 1.0078| 1.709| 0.073|11.464| 0.021| 2.552| 0.009| 1.60e-03| 0.008| 3.235| 0.566|                |  0|KCat|Sloan|Simbad|295.72083|+44.57606
295.9495000|+44.5394167| 8506788|19434788+4432219|4877.4|-0.259| 0.080| 30.757| 3.948|RC      | 0.9927| 1.098| 0.079|10.930| 0.024| 2.401| 0.010| 1.19e-03| 0.008| 3.648| 0.423|                |  0|KCat|Sloan|Simbad|295.94950|+44.53942
295.9587083|+44.5137778| 8506816|19435009+4430496|4996.2|-0.355| 0.085|139.223|11.987|RGB     | 1.0205| 1.113| 0.033| 5.140| 0.011| 3.062| 0.007| 1.15e-02| 0.007| 3.752| 0.351|                |  0|KCat|Sloan|Simbad|295.95871|+44.51378
296.1020000|+44.5501111| 8507295|19442448+4433004|4750.0|-0.440| 0.049| 49.027| 5.364|RGB     | 1.0361| 1.057| 0.040| 8.550| 0.015| 2.598| 0.007| 2.38e-03| 0.007| 3.805| 0.242|                |  0|KCat|Sloan|Simbad|296.10200|+44.55011
296.1332917|+44.5902778| 8507397|19443199+4435250|4919.6|-0.255| 0.041| 35.948| 4.294|RC      | 0.9960| 1.252| 0.076|10.772| 0.023| 2.471| 0.010| 1.41e-03| 0.008| 3.509| 0.384|                |  0|KCat|Sloan|Simbad|296.13329|+44.59028
296.1615833|+44.5433889| 8507484|19443878+4432362|4894.9|-0.038| 0.027| 94.837| 8.229|RGB     | 1.0247| 1.511| 0.036| 7.294| 0.013| 2.891| 0.007| 5.49e-03| 0.007| 3.392| 0.448|                |  0|KCat|Sloan|Simbad|296.16158|+44.54339
297.0419167|+44.5112222| 8510560|19481006+4430404|4938.9|-0.068| 0.005| 99.279| 8.598|RGB     | 1.0243| 1.476| 0.036| 7.030| 0.013| 2.913| 0.007| 5.99e-03| 0.007| 3.427| 0.371|                |  0|KCat|Sloan|Simbad|297.04192|+44.51122
298.2712917|+44.5167778| 8515390|19530511+4431004|4940.5|-0.032|-0.020| 55.191| 5.358|RC      | 1.0012| 1.843| 0.067|10.537| 0.018| 2.658| 0.009| 2.22e-03| 0.008| 3.136| 0.316|                |  0|KCat|Sloan|Simbad|298.27129|+44.51678
298.9978750|+44.5924167| 8518198|19555949+4435327|4822.3| 0.014| 0.001|136.641|11.499|RGB     | 1.0230| 1.167| 0.033| 5.360| 0.011| 3.047| 0.007| 1.07e-02| 0.007| 3.805| 0.590|                |  0|KCat|Sloan|Simbad|298.99787|+44.59242
299.0522917|+44.5750833| 8518402|19561255+4434303|4873.2| 0.088|-0.007| 57.847| 5.394|RC      | 1.0124| 1.936| 0.066|10.584| 0.018| 2.676| 0.009| 2.30e-03| 0.008| 3.117| 0.454|                |  0|KCat|Sloan|Simbad|299.05229|+44.57508
299.1855000|+44.5918333| 8518881|19564452+4435306|4753.6| 0.468| 0.003|158.479|12.498|RGB     | 1.0229| 1.277| 0.031| 5.225| 0.011| 3.108| 0.007| 1.26e-02| 0.007| 3.762| 0.660|                |  0|KCat|Sloan|Simbad|299.18550|+44.59183
300.0050417|+44.5509444| 8522040|20000121+4433034|4876.2|-0.017| 0.000| 45.696| 4.737|RC      | 0.9992| 1.692| 0.072|11.132| 0.020| 2.573| 0.009| 1.73e-03| 0.008| 3.210| 0.531|                |  0|KCat|Sloan|Simbad|300.00504|+44.55094
300.0072917|+44.5799167| 8522050|20000175+4434477|5026.6|-0.522| 0.218| 76.134| 6.713|AMB     | 0.9989| 2.039| 0.127| 9.389| 0.068| 2.802| 0.008| 3.47e-03| 0.010| 2.920| 0.707|                |  0|KCat|Sloan|Simbad|300.00729|+44.57992
300.6101667|+44.5247500| 8524315|20022644+4431291|4732.9| 0.078| 0.026| 83.820| 7.898|RGB     | 1.0314| 1.139| 0.037| 6.793| 0.013| 2.830| 0.007| 5.12e-03| 0.007| 3.858| 0.519|                |  0|KCat|Sloan|Simbad|300.61017|+44.52475
300.6989167|+44.5033611| 8524633|20024774+4430121|4657.3|-0.332| 0.212| 50.946| 5.590|RGB     | 1.0387| 0.967| 0.040| 8.061| 0.015| 2.611| 0.007| 2.60e-03| 0.007| 4.008| 0.340|                |  0|KCat|Sloan|Simbad|300.69892|+44.50336
300.8862083|+44.5647778| 8525251|20033269+4433532|4703.9| 0.141| 0.016| 34.418| 4.079|RC(S)   | 1.0015| 1.235| 0.077|11.055| 0.023| 2.442| 0.010| 1.29e-03| 0.008| 3.613| 2.051|                |  0|KCat|Sloan|Simbad|300.88621|+44.56478
300.9281250|+44.5446667| 8525359|20034275+4432408|4586.0| 0.227| 0.014| 55.669| 5.606|RGB     | 1.0354| 1.234| 0.040| 8.746| 0.015| 2.646| 0.007| 2.60e-03| 0.007| 3.779| 0.408|                |  0|KCat|Sloan|Simbad|300.92812|+44.54467
301.2391667|+44.5467222| 8526108|20045740+4432482|4865.4|-0.010| 0.004| 41.293| 4.522|RC      | 0.9988| 1.502| 0.074|11.038| 0.021| 2.529| 0.010| 1.58e-03| 0.008| 3.339| 0.609|                |  0|KCat|Sloan|Simbad|301.23917|+44.54672
301.6297083|+44.5886667| 8527188|20063113+4435192|4504.4|-0.082| 0.006| 22.163| 2.784|RGB     | 1.0404| 1.223| 0.043|13.862| 0.016| 2.242| 0.007| 6.48e-04| 0.008| 3.710| 0.348|                |  0|KCat|Sloan|Simbad|301.62971|+44.58867
281.3622917|+44.6699722| 8538793|18452695+4440119|4746.0|-0.018| 0.077|127.923|11.110|RGB     | 1.0251| 1.064| 0.034| 5.311| 0.012| 3.015| 0.007| 1.00e-02| 0.007| 3.927| 0.091|                |  0|KCat|Sloan|Simbad|281.36229|+44.66997
281.6734583|+44.6851111| 8539201|18464163+4441064|5014.9|-0.521| 0.211| 33.800| 3.903|RC      | 0.9968| 1.565| 0.077|12.359| 0.023| 2.448| 0.010| 1.17e-03| 0.008| 3.199| 0.093|                |  0|KCat|Sloan|Simbad|281.67346|+44.68511
282.1778750|+44.6665833| 8540034|18484269+4439597|4899.3|-0.068| 0.007|193.425|14.995|RGB     | 1.0176| 1.197| 0.029| 4.545| 0.010| 3.201| 0.007| 1.80e-02| 0.006| 3.736| 0.086|                |  0|KCat|Sloan|Simbad|282.17787|+44.66658
282.3797500|+44.6796111| 8540384|18493114+4440466|4916.9|-0.169| 0.015| 36.746| 4.300|RC      | 0.9961| 1.329| 0.076|10.979| 0.022| 2.480| 0.010| 1.42e-03| 0.008| 3.460| 0.207|                |  0|KCat|Sloan|Simbad|282.37975|+44.67961
282.5223750|+44.6988056| 8540615|18500537+4441557|4899.1|-0.057| 0.015| 45.585| 4.678|RC      | 0.9980| 1.788| 0.072|11.442| 0.020| 2.573| 0.009| 1.68e-03| 0.008| 3.165| 0.096|                |  0|KCat|Sloan|Simbad|282.52237|+44.69881
282.5925417|+44.6014444| 8540767|18502221+4436052|4883.3|-0.149| 0.026| 28.198| 4.000|RC(S)   | 0.9958| 0.795| 0.080| 9.708| 0.024| 2.364| 0.010| 1.23e-03| 0.008| 3.991| 0.143|                |  0|KCat|Sloan|Simbad|282.59254|+44.60144
282.6112500|+44.6733333| 8540820|18502670+4440240|4823.1|-0.465| 0.213| 22.748| 3.330|RC      | 1.0075| 0.814| 0.083|10.970| 0.026| 2.268| 0.010| 8.69e-04| 0.008| 3.922| 0.120|                |  0|KCat|Sloan|Simbad|282.61125|+44.67333
283.7749167|+44.6324444| 8542964|18550598+4437568|4576.1|-0.168| 0.143| 51.105| 5.515|RGB     | 1.0381| 1.006| 0.040| 8.244| 0.015| 2.608| 0.007| 2.53e-03| 0.007| 3.981| 0.019|                |  0|KCat|Sloan|Simbad|283.77492|+44.63244
283.8968333|+44.6726111| 8543200|18553524+4440214|4932.9|-0.144| 0.028| 40.247| 4.455|RC      | 0.9986| 1.508| 0.074|11.164| 0.022| 2.521| 0.010| 1.53e-03| 0.008| 3.308| 0.127|                |  1|KCat|Sloan|Simbad|283.89683|+44.67261
284.1012083|+44.6342222| 8543569|18562429+4438032|4734.3| 0.054| 0.012| 97.308| 8.906|RGB     | 1.0297| 1.110| 0.036| 6.223| 0.013| 2.895| 0.007| 6.49e-03| 0.007| 3.891| 0.081|                |  1|KCat|Sloan|Simbad|284.10121|+44.63422
284.1860000|+44.6194722| 8543727|18564464+4437101|4041.4|-0.097| 0.169|  4.181| 0.829|RGB     | 1.0350| 0.908| 0.044|28.250| 0.017| 1.494| 0.007| 5.68e-05| 0.008| 4.155| 0.160|Ageold          |  1|KCat|Sloan|Simbad|284.18600|+44.61947
284.5627500|+44.6970556| 8544483|18581506+4441494|4702.0|-0.059| 0.032| 54.180| 5.744|RGB     | 1.0369| 1.066| 0.040| 8.186| 0.015| 2.639| 0.007| 2.74e-03| 0.007| 3.925| 0.125|                |  1|KCat|Sloan|Simbad|284.56275|+44.69706
284.8711250|+44.6034167| 8545067|18592907+4436123|4755.6|-0.226| 0.043| 45.292| 4.787|RGB     | 1.0337| 1.329| 0.041| 9.972| 0.015| 2.564| 0.007| 1.89e-03| 0.007| 3.526| 0.091|                |  0|KCat|Sloan|Simbad|284.87112|+44.60342
284.9999167|+44.6032778| 8545291|18595998+4436118|4675.1|-0.120| 0.043| 54.426| 5.809|RGB     | 1.0375| 1.021| 0.040| 8.007| 0.015| 2.640| 0.007| 2.80e-03| 0.007| 3.957| 0.049|                |  1|KCat|Sloan|Simbad|284.99992|+44.60328
285.1317917|+44.6823889| 8545504|19003163+4440566|4898.5|-0.058| 0.017|109.327| 9.242|RGB     | 1.0231| 1.465| 0.035| 6.690| 0.012| 2.953| 0.007| 6.90e-03| 0.007| 3.437| 0.104|                |  1|KCat|Sloan|Simbad|285.13179|+44.68239
285.3674167|+44.6048611| 8545861|19012818+4436175|4901.1|-0.123| 0.000| 45.288| 4.796|RC      | 0.9972| 1.593| 0.072|10.835| 0.020| 2.571| 0.009| 1.77e-03| 0.008| 3.247| 0.028|                |  0|KCat|Sloan|Simbad|285.36742|+44.60486
285.5151667|+44.6398056| 8546146|19020364+4438233|4002.2| 0.454|-0.005|  5.574| 0.984|RGB     | 1.0490| 1.009| 0.044|25.853| 0.017| 1.617| 0.007| 8.23e-05| 0.008| 4.121| 0.350|SeisUnc         |  1|KCat|Sloan|Simbad|285.51517|+44.63981
286.0453333|+44.6687222| 8547085|19041088+4440074|4526.3| 0.098| 0.028| 32.899| 3.800|RGB     | 1.0398| 1.163| 0.042|11.079| 0.016| 2.414| 0.007| 1.20e-03| 0.008| 3.837| 0.163|                |  0|KCat|Sloan|Simbad|286.04533|+44.66872
286.0673750|+44.6375833| 8547122|19041617+4438153|4831.4|-0.299| 0.185| 29.253| 3.971|RC      | 0.9936| 0.907| 0.080|10.210| 0.024| 2.378| 0.010| 1.20e-03| 0.008| 3.836| 0.127|                |  0|KCat|Sloan|Simbad|286.06737|+44.63758
286.2460000|+44.6424167| 8547469|19045904+4438327|4694.5|-0.064| 0.109| 29.991| 3.810|RC      | 0.9886| 1.127| 0.079|11.322| 0.024| 2.382| 0.010| 1.09e-03| 0.008| 3.669| 0.001|                |  1|KCat|Sloan|Simbad|286.24600|+44.64242
286.3498750|+44.6532222| 8547653|19052397+4439116|4850.7|-0.523| 0.250| 24.810| 3.620|RC(S)   | 0.9909| 0.815| 0.082|10.496| 0.025| 2.307| 0.010| 9.93e-04| 0.008| 3.906| 0.071|                |  0|KCat|Sloan|Simbad|286.34987|+44.65322
286.3571667|+44.6307778| 8547669|19052572+4437508|4475.5| 0.077| 0.125| 27.886| 3.261|RGB     | 1.0390| 1.288| 0.042|12.701| 0.016| 2.340| 0.007| 8.86e-04| 0.008| 3.682| 0.089|                |  1|KCat|Sloan|Simbad|286.35717|+44.63078
288.9085417|+44.6696389| 8552581|19153805+4440107|4641.2| 0.043| 0.022| 52.982| 5.514|RGB     | 1.0362| 1.154| 0.040| 8.643| 0.015| 2.627| 0.007| 2.52e-03| 0.007| 3.833| 0.214|                |  0|KCat|Sloan|Simbad|288.90854|+44.66964
289.0790833|+44.6629722| 8552947|19161898+4439467|4757.3|-0.173| 0.153| 29.375| 3.953|RC      | 0.9962| 0.904| 0.080|10.212| 0.024| 2.376| 0.010| 1.20e-03| 0.008| 3.873| 0.087|                |  0|KCat|Sloan|Simbad|289.07908|+44.66297
290.0517083|+44.6540833| 8555265|19201241+4439147|4723.1|-0.001| 0.002| 48.525| 5.150|RGB     | 1.0358| 1.197| 0.040| 9.160| 0.015| 2.592| 0.007| 2.20e-03| 0.007| 3.745| 0.243|                |  0|KCat|Sloan|Simbad|290.05171|+44.65408
290.1677917|+44.6538889| 8555599|19204027+4439140|4562.7| 0.121| 0.102| 62.414| 6.351|RGB     | 1.0368| 1.042| 0.039| 7.600| 0.014| 2.694| 0.007| 3.35e-03| 0.007| 4.021| 0.162|                |  0|KCat|Sloan|Simbad|290.16779|+44.65389
290.2831667|+44.6242500| 8555914|19210796+4437273|4719.4| 0.050|-0.020| 35.645| 4.233|RC      | 1.0044| 1.175| 0.077|10.590| 0.023| 2.458| 0.010| 1.40e-03| 0.008| 3.642| 0.007|                |  0|KCat|Sloan|Simbad|290.28317|+44.62425
290.3391250|+44.6342222| 8556078|19212139+4438032|4812.7|-0.291| 0.080| 46.563| 4.818|RGB     | 1.0316| 1.444| 0.041|10.219| 0.015| 2.579| 0.007| 1.91e-03| 0.007| 3.404| 0.200|                |  0|KCat|Sloan|Simbad|290.33912|+44.63422
290.8515417|+44.6492500| 8557457|19232437+4438573|4741.8|-0.721| 0.230| 34.119| 4.152|RGB     | 1.0402| 0.974| 0.042| 9.843| 0.016| 2.440| 0.007| 1.44e-03| 0.007| 3.881| 0.170|                |  0|KCat|Sloan|Simbad|290.85154|+44.64925
291.1747083|+44.6591389| 8558329|19244193+4439329|4596.3| 0.242| 0.032| 48.780| 4.806|RGB     | 1.0327| 1.558| 0.040|10.492| 0.015| 2.589| 0.007| 1.90e-03| 0.007| 3.432| 0.378|                |  0|KCat|Sloan|Simbad|291.17471|+44.65914
291.2902917|+44.6851667| 8558629|19250967+4441066|4837.5|-0.144| 0.041| 33.663| 4.108|RC      | 0.9973| 1.191| 0.078|10.905| 0.023| 2.439| 0.010| 1.30e-03| 0.008| 3.591| 0.427|                |  0|KCat|Sloan|Simbad|291.29029|+44.68517
291.2934167|+44.6132222| 8558633|19251042+4436476|5025.3|-0.577| 0.117| 31.697| 4.041|RC      | 1.0000| 1.113| 0.078|10.756| 0.024| 2.421| 0.010| 1.26e-03| 0.008| 3.581| 0.413|                |  0|KCat|Sloan|Simbad|291.29342|+44.61322
291.9004167|+44.6862222| 8560280|19273610+4441104|4835.5|-0.042| 0.054|164.828|13.383|RGB     | 1.0203| 1.133| 0.031| 4.805| 0.011| 3.129| 0.007| 1.44e-02| 0.007| 3.823| 0.197|                |  0|KCat|Sloan|Simbad|291.90042|+44.68622
292.2479583|+44.6936944| 8561126|19285951+4441373|4687.0| 0.197| 0.008| 34.526| 4.057|RC      | 1.0002| 1.273| 0.077|11.218| 0.023| 2.443| 0.010| 1.27e-03| 0.008| 3.591| 0.277|                |  0|KCat|Sloan|Simbad|292.24796|+44.69369
292.2769167|+44.6240833| 8561202|19290646+4437267|4974.9|-0.348| 0.052| 61.012| 5.798|RGB     | 1.0250| 1.670| 0.039| 9.523| 0.014| 2.703| 0.007| 2.73e-03| 0.007| 3.163| 0.434|                |  0|KCat|Sloan|Simbad|292.27692|+44.62408
292.2829167|+44.6645556| 8561216|19290790+4439524|4519.8| 0.203| 0.093| 57.687| 5.862|RGB     | 1.0369| 1.117| 0.040| 8.205| 0.015| 2.658| 0.007| 2.85e-03| 0.007| 3.930| 0.378|                |  0|KCat|Sloan|Simbad|292.28292|+44.66456
292.2960000|+44.6856944| 8561238|19291104+4441085|4882.2| 0.147| 0.026| 56.723| 5.311|RC      | 1.0113| 1.956| 0.067|10.738| 0.018| 2.667| 0.009| 2.23e-03| 0.008| 3.122| 0.270|                |  0|KCat|Sloan|Simbad|292.29600|+44.68569
293.6296250|+44.6997222| 8564559|19343111+4441590|4865.2|-0.033| 0.009| 45.052| 4.697|RC      | 0.9981| 1.680| 0.072|11.177| 0.020| 2.567| 0.009| 1.70e-03| 0.008| 3.217| 0.297|                |  1|KCat|Sloan|Simbad|293.62962|+44.69972
293.7691667|+44.6366389| 8564966|19350460+4438119|4735.8|-0.118| 0.084| 79.670| 7.629|RGB     | 1.0313| 1.125| 0.038| 6.923| 0.014| 2.808| 0.007| 4.78e-03| 0.007| 3.808| 0.196|                |  0|KCat|Sloan|Simbad|293.76917|+44.63664
293.7932083|+44.6390278| 8565016|19351037+4438205|4591.5| 0.243| 0.016| 60.910| 6.075|RGB     | 1.0354| 1.175| 0.039| 8.155| 0.014| 2.685| 0.007| 3.05e-03| 0.007| 3.862| 0.179|                |  1|KCat|Sloan|Simbad|293.79321|+44.63903
293.8473750|+44.6234722| 8565159|19352337+4437245|4726.7|-0.007| 0.113| 29.754| 3.900|RC      | 1.0007| 0.965| 0.079|10.499| 0.024| 2.380| 0.010| 1.18e-03| 0.008| 3.833| 0.417|                |  0|KCat|Sloan|Simbad|293.84737|+44.62347
295.4987500|+44.6485278| 8569885|19415970+4438547|5239.6| 0.167|-0.022| 46.207| 4.041|RC(S)   |       |      |      |      |      | 2.594| 0.009|         |      |      | 0.329|No Fdnu         |  0|KCat|Sloan|Simbad|295.49875|+44.64853
295.5301250|+44.6030833| 8569991|19420723+4436111|4588.1| 0.032|-0.011| 15.706| 1.953|RGB     | 1.0293| 1.927| 0.043|20.573| 0.016| 2.096| 0.007| 3.12e-04| 0.008| 3.080| 0.497|                |  0|KCat|Sloan|Simbad|295.53012|+44.60308
295.7011667|+44.6722778| 8570577|19424828+4440202|4817.4|-0.011| 0.021| 40.348| 4.456|RC      | 0.9999| 1.457| 0.074|11.026| 0.021| 2.517| 0.010| 1.53e-03| 0.008| 3.374| 0.203|                |  0|KCat|Sloan|Simbad|295.70117|+44.67228
296.2303333|+44.6002500| 8572242|19445528+4436009|4701.9| 0.119|-0.024| 32.801| 3.939|RC(S)   | 1.0035| 1.218| 0.078|11.249| 0.023| 2.421| 0.010| 1.21e-03| 0.008| 3.624| 0.469|                |  0|KCat|Sloan|Simbad|296.23033|+44.60025
296.6848333|+44.6844444| 8573783|19464436+4441040|4947.4|-0.034|-0.019| 79.477| 6.808|RC      | 0.9997| 2.129| 0.056| 9.433| 0.013| 2.817| 0.008| 3.58e-03| 0.008| 3.024| 0.281|                |  0|KCat|Sloan|Simbad|296.68483|+44.68444
296.7029167|+44.6587778| 8573846|19464870+4439316|4853.0| 0.132| 0.004| 94.188| 7.943|RGB(S)  | 1.0233| 1.692| 0.037| 7.762| 0.013| 2.886| 0.007| 5.10e-03| 0.007| 3.266| 0.369|                |  0|KCat|Sloan|Simbad|296.70292|+44.65878
296.8108750|+44.6373333| 8574234|19471461+4438144|4780.5|-0.019| 0.060|117.959|10.547|RGB     | 1.0267| 1.032| 0.035| 5.437| 0.012| 2.981| 0.007| 9.05e-03| 0.007| 3.972| 0.337|                |  0|KCat|Sloan|Simbad|296.81087|+44.63733
297.0601667|+44.6128889| 8575147|19481444+4436464|4909.1| 0.111|-0.016| 55.296| 5.348|RC      | 1.0016| 1.847| 0.067|10.554| 0.018| 2.658| 0.009| 2.22e-03| 0.008| 3.164| 0.487|                |  0|KCat|Sloan|Simbad|297.06017|+44.61289
298.0420417|+44.6931944| 8579095|19521009+4441355|4773.6| 0.352| 0.004|152.046|11.942|RGB     | 1.0220| 1.366| 0.032| 5.512| 0.011| 3.091| 0.007| 1.15e-02| 0.007| 3.647| 0.503|                |  0|KCat|Sloan|Simbad|298.04204|+44.69319
298.1039583|+44.6281667| 8579328|19522495+4437414|4920.0|-0.170| 0.038|220.164|17.141|RGB     | 1.0166| 1.044| 0.028| 3.975| 0.009| 3.258| 0.007| 2.34e-02| 0.006| 3.917| 0.329|                |  0|KCat|Sloan|Simbad|298.10396|+44.62817
298.3739167|+44.6654167| 8580402|19532974+4439555|4101.7|-0.189| 0.047|  2.457| 0.556|RGB     | 1.0432| 0.898| 0.045|36.521| 0.017| 1.266| 0.007| 2.60e-05| 0.008| 4.128| 0.987|                |  0|KCat|Sloan|Simbad|298.37392|+44.66542
298.4216250|+44.6575000| 8580595|19534119+4439270|4820.0| 0.102|-0.013| 39.933| 4.524|RC      | 1.0000| 1.330| 0.075|10.586| 0.022| 2.512| 0.010| 1.58e-03| 0.008| 3.510| 0.611|                |  0|KCat|Sloan|Simbad|298.42162|+44.65750
299.1181250|+44.6661667| 8583313|19562835+4439582|4782.5|-0.247| 0.181|149.957|12.800|RGB     | 1.0220| 0.996| 0.032| 4.737| 0.011| 3.085| 0.007| 1.32e-02| 0.007| 3.960| 0.449|                |  0|KCat|Sloan|Simbad|299.11812|+44.66617
299.1889583|+44.6399444| 8583586|19564535+4438238|5104.5|-0.241| 0.054| 45.027| 4.426|RC(S)   | 1.0083| 2.195| 0.072|12.626| 0.020| 2.577| 0.009| 1.54e-03| 0.008| 2.893| 0.762|                |  0|KCat|Sloan|Simbad|299.18896|+44.63994
299.4292917|+44.6226667| 8584513|19574303+4437216|4915.0| 0.133|-0.011| 57.640| 5.388|RC      | 1.0119| 1.952| 0.066|10.624| 0.018| 2.676| 0.009| 2.30e-03| 0.008| 3.119| 0.610|                |  0|KCat|Sloan|Simbad|299.42929|+44.62267
300.0583750|+44.6098889| 8586983|20001401+4436356|4398.1|-0.077| 0.026|  6.670| 1.162|RGB     | 1.0456| 1.037| 0.044|23.410| 0.017| 1.715| 0.007| 1.14e-04| 0.008| 3.959| 0.982|                |  0|KCat|Sloan|Simbad|300.05837|+44.60989
300.1578750|+44.6580000| 8587329|20003789+4439288|4534.5| 0.317| 0.051| 66.048| 6.504|RGB     | 1.0360| 1.116| 0.039| 7.657| 0.014| 2.718| 0.007| 3.51e-03| 0.007| 3.956| 0.306|                |  0|KCat|Sloan|Simbad|300.15787|+44.65800
300.3222917|+44.6625556| 8587948|20011735+4439452|4956.2| 0.229|-0.019| 80.422| 6.836|RC      | 1.0053| 2.127| 0.056| 9.369| 0.013| 2.822| 0.008| 3.65e-03| 0.008| 3.054| 0.304|                |  0|KCat|Sloan|Simbad|300.32229|+44.66256
300.6325000|+44.6025278| 8589163|20023180+4436091|4413.5|-0.106| 0.019|  7.631| 1.328|RGB     | 1.0489| 0.904| 0.044|20.419| 0.017| 1.774| 0.007| 1.50e-04| 0.008| 4.158| 0.816|Ageold, SeisUnc |  0|KCat|Sloan|Simbad|300.63250|+44.60253
300.9504583|+44.6195833| 8590270|20034811+4437105|5085.5|-0.292| 0.019|       |      |REJECT  |       |      |      |      |      |      |      |         |      |      |      |No Seis         |  0|KCat|Sloan|Simbad|300.95046|+44.61958
301.0648750|+44.6139722| 8590577|20041557+4436503|4734.7| 0.198|-0.005| 62.873| 5.751|RGB(S)  | 1.0275| 1.737| 0.039| 9.685| 0.014| 2.705| 0.007| 2.70e-03| 0.007| 3.248| 0.632|                |  0|KCat|Sloan|Simbad|301.06487|+44.61397
301.2334167|+44.6663056| 8590920|20045602+4439587|4614.7| 0.444| 0.075| 76.527| 7.038|RGB     | 1.0327| 1.316| 0.038| 7.692| 0.014| 2.785| 0.007| 4.08e-03| 0.007| 3.722| 0.293|                |  0|KCat|Sloan|Simbad|301.23342|+44.66631
301.2406250|+44.6376389| 8590931|20045775+4438155|4895.8|-0.143| 0.020| 63.041| 5.776|RGB     | 1.0229| 1.841| 0.039| 9.875| 0.014| 2.714| 0.007| 2.70e-03| 0.007| 3.079| 0.704|                |  0|KCat|Sloan|Simbad|301.24062|+44.63764
301.5594167|+44.6161667| 8591738|20061426+4436582|4546.2| 0.356| 0.054| 31.162| 4.050|RC      | 1.0025| 0.892| 0.079| 9.960| 0.024| 2.392| 0.010| 1.27e-03| 0.008| 3.966| 0.294|SeisUnc         |  0|KCat|Sloan|Simbad|301.55942|+44.61617
282.3837500|+44.7682778| 8605197|18493210+4446058|4702.6| 0.151| 0.026|109.515| 9.702|RGB     | 1.0282| 1.118| 0.035| 5.898| 0.012| 2.945| 0.007| 7.68e-03| 0.007| 3.909| 0.215|                |  0|KCat|Sloan|Simbad|282.38375|+44.76828
283.5247500|+44.7955833| 8607365|18540594+4447441|4728.0| 0.285| 0.019| 84.355| 7.494|RGB     | 1.0289| 1.443| 0.037| 7.625| 0.013| 2.833| 0.007| 4.59e-03| 0.007| 3.553| 0.134|                |  0|KCat|Sloan|Simbad|283.52475|+44.79558
283.6477083|+44.7128889| 8607581|18543545+4442464|4901.5|-0.194| 0.052| 35.543| 4.296|RC      | 0.9955| 1.204| 0.077|10.633| 0.023| 2.465| 0.010| 1.41e-03| 0.008| 3.553| 0.128|                |  1|KCat|Sloan|Simbad|283.64771|+44.71289
283.6813750|+44.7344167| 8607620|18544353+4444039|4819.9|-0.277| 0.090| 29.926| 3.906|RC      | 0.9853| 1.069| 0.079|10.966| 0.024| 2.387| 0.010| 1.14e-03| 0.008| 3.679| 0.153|                |  0|KCat|Sloan|Simbad|283.68137|+44.73442
283.7363750|+44.7133056| 8607720|18545673+4442479|4986.6|-0.243| 0.050|159.762|12.833|RGB     | 1.0187| 1.285| 0.031| 5.160| 0.011| 3.122| 0.007| 1.32e-02| 0.007| 3.565| 0.025|                |  0|KCat|Sloan|Simbad|283.73637|+44.71331
284.6926667|+44.7177222| 8609482|18584624+4443038|4711.3| 0.354| 0.005|143.674|11.774|RGB     | 1.0243| 1.185| 0.033| 5.299| 0.011| 3.063| 0.007| 1.12e-02| 0.007| 3.866| 0.146|                |  0|KCat|Sloan|Simbad|284.69267|+44.71772
284.8119167|+44.7514167| 8609704|18591486+4445051|4638.8|-0.617| 0.197|  9.806| 1.412|RGB     | 1.0267| 1.764| 0.044|24.847| 0.017| 1.894| 0.007| 1.62e-04| 0.008| 3.056| 0.102|                |  0|KCat|Sloan|Simbad|284.81192|+44.75142
285.3448750|+44.7532778| 8610579|19012277+4445118|4570.7| 0.157| 0.027| 21.333| 2.659|RGB     | 1.0396| 1.344| 0.043|14.755| 0.016| 2.228| 0.007| 5.90e-04| 0.008| 3.637| 0.130|                |  0|KCat|Sloan|Simbad|285.34487|+44.75328
285.6451250|+44.7357222| 8611114|19023483+4444086|4847.7|-0.147| 0.001| 33.327| 4.251|RC      | 0.9983| 1.007| 0.078|10.070| 0.023| 2.435| 0.010| 1.39e-03| 0.008| 3.761| 0.085|                |  1|KCat|Sloan|Simbad|285.64512|+44.73572
285.7662500|+44.7036389| 8611369|19030390+4442131|4776.3|-0.391| 0.255| 25.437| 3.596|RC      | 1.0058| 0.830| 0.081|10.502| 0.025| 2.314| 0.010| 1.01e-03| 0.008| 3.910| 0.025|                |  0|KCat|Sloan|Simbad|285.76625|+44.70364
285.7830000|+44.7630000| 8611394|19030792+4445468|4793.3|-0.096| 0.037|105.033| 9.631|RGB     | 1.0280| 1.046| 0.036| 5.798| 0.013| 2.931| 0.007| 7.57e-03| 0.007| 3.947| 0.000|                |  1|KCat|Sloan|Simbad|285.78300|+44.76300
286.0261667|+44.7733333| 8611833|19040628+4446240|4713.6| 0.176| 0.073| 38.314| 4.086|RC      | 1.0134| 1.618| 0.075|11.990| 0.022| 2.489| 0.010| 1.32e-03| 0.008| 3.301| 0.089|                |  1|KCat|Sloan|Simbad|286.02617|+44.77333
286.2634167|+44.7080278| 8612241|19050322+4442289|4907.6|-0.142| 0.051| 79.493| 7.100|RGB     | 1.0248| 1.611| 0.038| 8.222| 0.014| 2.815| 0.007| 4.09e-03| 0.007| 3.266| 0.000|                |  0|KCat|Sloan|Simbad|286.26342|+44.70803
286.3392083|+44.7102778| 8612393|19052141+4442370|4634.9|-0.412| 0.216| 47.702| 5.298|RGB     | 1.0386| 0.977| 0.041| 8.385| 0.015| 2.581| 0.007| 2.34e-03| 0.007| 3.954| 0.000|                |  0|KCat|Sloan|Simbad|286.33921|+44.71028
286.3828333|+44.7882778| 8612480|19053188+4447178|4639.5| 0.372| 0.012| 92.476| 8.363|RGB     | 1.0315| 1.180| 0.037| 6.616| 0.013| 2.869| 0.007| 5.75e-03| 0.007| 3.876| 0.137|                |  0|KCat|Sloan|Simbad|286.38283|+44.78828
286.3831667|+44.7342222| 8612481|19053196+4444032|4541.0| 0.447| 0.021| 58.938| 5.863|RGB     | 1.0369| 1.199| 0.040| 8.400| 0.015| 2.668| 0.007| 2.85e-03| 0.007| 3.862| 0.192|                |  0|KCat|Sloan|Simbad|286.38317|+44.73422
286.4012917|+44.7069444| 8612520|19053631+4442250|4712.8| 0.097| 0.018| 42.665| 4.236|RGB     | 1.0282| 1.826| 0.041|12.071| 0.015| 2.536| 0.007| 1.46e-03| 0.007| 3.161| 0.149|                |  1|KCat|Sloan|Simbad|286.40129|+44.70694
286.4302917|+44.7026389| 8612585|19054327+4442095|4438.0| 0.088| 0.093| 28.772| 3.487|RGB     | 1.0432| 1.052| 0.042|11.324| 0.016| 2.352| 0.007| 1.02e-03| 0.008| 3.992| 0.127|                |  1|KCat|Sloan|Simbad|286.43029|+44.70264
286.5527917|+44.7903333| 8612811|19061267+4447252|4813.0|-0.082| 0.039| 32.763| 4.133|RC      | 1.0017| 1.045| 0.078|10.364| 0.023| 2.426| 0.010| 1.32e-03| 0.008| 3.741| 0.108|                |  1|KCat|Sloan|Simbad|286.55279|+44.79033
286.7288333|+44.7520278| 8613105|19065492+4445073|4860.0| 0.132| 0.014|127.511|10.292|RGB     | 1.0220| 1.501| 0.034| 6.280| 0.012| 3.018| 0.007| 8.54e-03| 0.007| 3.448| 0.019|                |  0|KCat|Sloan|Simbad|286.72883|+44.75203
286.7349583|+44.7122500| 8613120|19065639+4442441|4854.7| 0.049|-0.014|180.216|14.520|RGB     | 1.0195| 1.078| 0.030| 4.479| 0.010| 3.168| 0.007| 1.69e-02| 0.006| 3.935| 0.027|                |  0|KCat|Sloan|Simbad|286.73496|+44.71225
287.0150833|+44.7634167| 8613617|19080362+4445483|4917.8|-0.037| 0.004|170.175|13.548|RGB     | 1.0192| 1.222| 0.030| 4.892| 0.010| 3.146| 0.007| 1.47e-02| 0.006| 3.706| 0.078|                |  1|KCat|Sloan|Simbad|287.01508|+44.76342
288.6820000|+44.7395000| 8616844|19144368+4444222|4762.2|-0.042| 0.021| 35.674| 4.189|RC      | 1.0007| 1.264| 0.077|10.952| 0.023| 2.461| 0.010| 1.36e-03| 0.008| 3.544| 0.171|                |  0|KCat|Sloan|Simbad|288.68200|+44.73950
288.8582083|+44.7203333| 8617169|19152597+4443132|4989.2| 0.152| 0.042|104.152| 8.145|RC      | 0.9955| 2.409| 0.047| 8.747| 0.009| 2.936| 0.007| 5.08e-03| 0.008| 2.883| 0.243|                |  0|KCat|Sloan|Simbad|288.85821|+44.72033
288.8920833|+44.7298056| 8617244|19153410+4443473|4761.0|-0.288| 0.075| 30.302| 3.593|RGB     | 1.0367| 1.242| 0.042|11.779| 0.016| 2.390| 0.007| 1.07e-03| 0.008| 3.626| 0.283|                |  0|KCat|Sloan|Simbad|288.89208|+44.72981
289.1224167|+44.7239722| 8617711|19162938+4443263|4762.9|-0.210| 0.060| 38.353| 4.361|RGB     | 1.0375| 1.157| 0.041|10.107| 0.015| 2.492| 0.007| 1.58e-03| 0.007| 3.735| 0.201|                |  0|KCat|Sloan|Simbad|289.12242|+44.72397
289.4540833|+44.7753333| 8618510|19174898+4446312|4756.6| 0.023| 0.000| 32.724| 4.123|RC      | 1.0023| 1.030| 0.078|10.329| 0.023| 2.423| 0.010| 1.32e-03| 0.008| 3.777| 0.279|                |  0|KCat|Sloan|Simbad|289.45408|+44.77533
289.4723750|+44.7001667| 8618560|19175337+4442006|4795.1|-0.161| 0.034| 61.494| 6.272|RGB     | 1.0342| 1.140| 0.039| 7.910| 0.014| 2.699| 0.007| 3.25e-03| 0.007| 3.784| 0.216|                |  0|KCat|Sloan|Simbad|289.47237|+44.70017
289.5045000|+44.7793333| 8618653|19180108+4446456|4706.6| 0.363| 0.030| 44.919| 4.663|RC      | 1.0012| 1.611| 0.072|11.051| 0.020| 2.558| 0.009| 1.68e-03| 0.008| 3.326| 0.294|                |  0|KCat|Sloan|Simbad|289.50450|+44.77933
289.6205417|+44.7226944| 8618934|19182893+4443217|4827.9|-0.123| 0.033|103.629| 9.449|RGB     | 1.0274| 1.099| 0.036| 5.972| 0.013| 2.927| 0.007| 7.28e-03| 0.007| 3.838| 0.151|                |  0|KCat|Sloan|Simbad|289.62054|+44.72269
289.6746667|+44.7128889| 8619048|19184192+4442464|4573.0|-0.253| 0.034| 18.672| 2.575|RGB     | 1.0447| 1.006| 0.043|13.641| 0.016| 2.171| 0.007| 5.59e-04| 0.008| 3.943| 0.236|                |  0|KCat|Sloan|Simbad|289.67467|+44.71289
289.7868333|+44.7785000| 8619322|19190884+4446426|5048.3|-0.034|-0.010| 77.977| 6.890|RC      | 0.9964| 2.002| 0.057| 9.189| 0.013| 2.813| 0.008| 3.64e-03| 0.008| 3.029| 0.092|                |  0|KCat|Sloan|Simbad|289.78683|+44.77850
290.2095833|+44.7815278| 8620380|19205030+4446535|4825.8| 0.163| 0.014|141.277|11.543|RGB     | 1.0227| 1.273| 0.033| 5.505| 0.011| 3.061| 0.007| 1.08e-02| 0.007| 3.710| 0.231|                |  0|KCat|Sloan|Simbad|290.20958|+44.78153
290.2311667|+44.7281389| 8620449|19205548+4443413|4838.6|-0.135| 0.023| 36.658| 4.260|RC      | 0.9981| 1.326| 0.076|11.023| 0.022| 2.476| 0.010| 1.40e-03| 0.008| 3.463| 0.208|                |  0|KCat|Sloan|Simbad|290.23117|+44.72814
290.3810000|+44.7112778| 8620872|19213144+4442406|4803.6| 0.113| 0.030|118.168|10.160|RGB     | 1.0255| 1.219| 0.035| 5.897| 0.012| 2.983| 0.007| 8.38e-03| 0.007| 3.763| 0.196|                |  0|KCat|Sloan|Simbad|290.38100|+44.71128
290.5641250|+44.7242222| 8621445|19221539+4443272|4439.6|-0.154| 0.186| 26.198| 3.296|RGB     | 1.0438| 0.992| 0.042|11.526| 0.016| 2.311| 0.007| 9.14e-04| 0.008| 3.998| 0.150|                |  0|KCat|Sloan|Simbad|290.56412|+44.72422
291.0811250|+44.7785278| 8622860|19241947+4446427|5066.1|-0.050| 0.032| 79.777| 6.796|RC      | 0.9984| 2.258| 0.056| 9.640| 0.013| 2.824| 0.008| 3.56e-03| 0.008| 2.968| 0.229|                |  0|KCat|Sloan|Simbad|291.08112|+44.77853
291.3439167|+44.7461389| 8623565|19252254+4444461|4846.9| 0.041|-0.009| 95.056| 8.453|RGB     | 1.0269| 1.334| 0.036| 6.864| 0.013| 2.890| 0.007| 5.82e-03| 0.007| 3.612| 0.318|                |  0|KCat|Sloan|Simbad|291.34392|+44.74614
291.4520000|+44.7066944| 8623829|19254848+4442241|5072.4| 0.059|-0.001| 91.124| 7.313|RC      | 0.9919| 2.582| 0.051| 9.642| 0.011| 2.882| 0.008| 4.06e-03| 0.008| 2.771| 0.172|                |  0|KCat|Sloan|Simbad|291.45200|+44.70669
291.4598333|+44.7518333| 8623850|19255036+4445066|4651.3|-0.276| 0.188| 53.821| 5.785|RGB     | 1.0379| 0.995| 0.040| 7.957| 0.015| 2.634| 0.007| 2.78e-03| 0.007| 3.962| 0.238|                |  0|KCat|Sloan|Simbad|291.45983|+44.75183
291.5597500|+44.7741944| 8624143|19261434+4446271|4566.5| 0.257| 0.021| 56.283| 5.569|RGB     | 1.0345| 1.306| 0.040| 8.958| 0.015| 2.650| 0.007| 2.56e-03| 0.007| 3.704| 0.320|                |  0|KCat|Sloan|Simbad|291.55975|+44.77419
291.5635417|+44.7005556| 8624155|19261525+4442020|5039.0|-0.001|-0.015| 81.939| 6.965|RC      | 1.0035| 2.156| 0.055| 9.306| 0.012| 2.834| 0.008| 3.77e-03| 0.008| 3.018| 0.413|                |  0|KCat|Sloan|Simbad|291.56354|+44.70056
293.3142917|+44.7146111| 8628585|19331543+4442526|4742.4| 0.155| 0.005| 36.340| 4.137|RC      | 0.9942| 1.432| 0.076|11.562| 0.022| 2.468| 0.010| 1.31e-03| 0.008| 3.439| 0.272|                |  1|KCat|Sloan|Simbad|293.31429|+44.71461
293.7992500|+44.7450833| 8629927|19351182+4444423|4827.4|-0.075| 0.043| 34.406| 4.155|RC      | 0.9998| 1.200| 0.077|10.829| 0.023| 2.448| 0.010| 1.33e-03| 0.008| 3.602| 0.343|                |  0|KCat|Sloan|Simbad|293.79925|+44.74508
293.8293750|+44.7285833| 8630006|19351905+4443429|4787.9|-0.048| 0.035| 36.183| 4.205|RC      | 0.9993| 1.316| 0.076|11.081| 0.022| 2.468| 0.010| 1.36e-03| 0.008| 3.498| 0.267|                |  0|KCat|Sloan|Simbad|293.82937|+44.72858
294.1067083|+44.7516944| 8630783|19362561+4445061|4582.5| 0.123| 0.035| 50.467| 5.255|RGB     | 1.0370| 1.182| 0.040| 8.993| 0.015| 2.603| 0.007| 2.29e-03| 0.007| 3.819| 0.381|                |  0|KCat|Sloan|Simbad|294.10671|+44.75169
295.7191250|+44.7131389| 8635595|19425259+4442473|6355.8| 0.145| 0.158|       |      |REJECT  |       |      |      |      |      |      |      |         |      |      |      |No Seis         |  0|KCat|Sloan|Simbad|295.71912|+44.71314
295.8199167|+44.7251944| 8635922|19431678+4443307|5055.5|-0.034| 0.005| 80.057| 6.838|RC      | 0.9961| 2.240| 0.056| 9.589| 0.013| 2.825| 0.008| 3.58e-03| 0.008| 2.978| 0.386|                |  0|KCat|Sloan|Simbad|295.81992|+44.72519
295.9638750|+44.7996389| 8636389|19435133+4447587|4945.5|-0.277| 0.080|107.617| 9.685|RGB     | 1.0249| 1.167| 0.035| 6.003| 0.013| 2.948| 0.007| 7.61e-03| 0.007| 3.713| 0.859|                |  0|KCat|Sloan|Simbad|295.96387|+44.79964
297.9699583|+44.7326667| 8643811|19515279+4443576|4350.8|-0.373| 0.187| 10.364| 1.618|RGB     | 1.0437| 1.027| 0.044|18.736| 0.017| 1.904| 0.007| 2.20e-04| 0.008| 3.874| 0.572|                |  0|KCat|Sloan|Simbad|297.96996|+44.73267
298.9377083|+44.7573611| 8647660|19554505+4445265|4863.7| 0.073|-0.007|       |      |REJECT  |       |      |      |      |      |      |      |         |      |      |      |No Seis         |  0|KCat|Sloan|Simbad|298.93771|+44.75736
299.2150417|+44.7759722| 8648671|19565161+4446335|5050.6| 0.061|-0.027| 80.227| 6.915|RC      | 0.9994| 2.124| 0.056| 9.330| 0.013| 2.825| 0.008| 3.69e-03| 0.008| 3.033| 0.641|                |  0|KCat|Sloan|Simbad|299.21504|+44.77597
299.3287500|+44.7981389| 8649099|19571890+4447533|4711.9| 0.299|-0.132| 45.929| 4.470|RC(S)   | 1.0009| 2.045| 0.072|12.310| 0.020| 2.568| 0.009| 1.55e-03| 0.008| 3.109| 0.790|                |  0|KCat|Sloan|Simbad|299.32875|+44.79814
300.5136667|+44.7159167| 8653471|20020328+4442573|4910.5| 0.052| 0.006|130.223|10.471|RGB     | 1.0211| 1.520| 0.034| 6.240| 0.012| 3.030| 0.007| 8.83e-03| 0.007| 3.408| 0.570|                |  0|KCat|Sloan|Simbad|300.51367|+44.71592
300.7185833|+44.7039167| 8654220|20025246+4442141|4535.3| 0.488| 0.073| 76.877| 7.202|RGB     | 1.0350| 1.175| 0.038| 7.282| 0.014| 2.783| 0.007| 4.29e-03| 0.007| 3.894| 0.866|                |  0|KCat|Sloan|Simbad|300.71858|+44.70392
300.7655833|+44.7556944| 8654400|20030374+4445205|4858.5| 0.102|-0.002|135.295|10.606|RGB     | 1.0202| 1.600| 0.033| 6.296| 0.012| 3.044| 0.007| 9.04e-03| 0.007| 3.339| 0.202|                |  0|KCat|Sloan|Simbad|300.76558|+44.75569
282.0232083|+44.8141667| 8669282|18480557+4448510|4800.9|-0.008|-0.023| 39.035| 4.337|RC      | 0.9983| 1.472| 0.075|11.278| 0.022| 2.502| 0.010| 1.45e-03| 0.008| 3.359| 0.098|                |  0|KCat|Sloan|Simbad|282.02321|+44.81417
283.4070417|+44.8932222| 8671819|18533769+4453356|4874.5|-0.367| 0.091| 29.837| 3.994|RC      | 0.9945| 0.949| 0.079|10.319| 0.024| 2.388| 0.010| 1.22e-03| 0.008| 3.784| 0.072|                |  1|KCat|Sloan|Simbad|283.40704|+44.89322
284.1497083|+44.8427500| 8673221|18563593+4450339|4873.3|-0.042|-0.002| 36.408| 4.061|RC      | 1.0056| 1.543| 0.076|11.910| 0.022| 2.474| 0.010| 1.29e-03| 0.008| 3.307| 0.096|                |  1|KCat|Sloan|Simbad|284.14971|+44.84275
284.6480833|+44.8317500| 8674172|18583554+4449543|4823.7|-0.148| 0.036|125.497|11.012|RGB     | 1.0244| 1.069| 0.034| 5.354| 0.012| 3.010| 0.007| 9.82e-03| 0.007| 3.882| 0.009|                |  0|KCat|Sloan|Simbad|284.64808|+44.83175
284.8947083|+44.8471944| 8674581|18593473+4450499|4686.8|-0.091| 0.157| 29.142| 3.879|RC      | 0.9952| 0.935| 0.080|10.466| 0.024| 2.369| 0.010| 1.15e-03| 0.008| 3.852| 0.007|                |  1|KCat|Sloan|Simbad|284.89471|+44.84719
285.1972500|+44.8832778| 8675106|19004734+4452598|4723.8| 0.235| 0.015| 72.483| 6.636|RGB     | 1.0299| 1.482| 0.038| 8.336| 0.014| 2.767| 0.007| 3.61e-03| 0.007| 3.501| 0.099|                |  1|KCat|Sloan|Simbad|285.19725|+44.88328
285.5940417|+44.8241111| 8675789|19022257+4449268|4563.4|-0.073| 0.139| 49.877| 5.360|RGB     | 1.0384| 1.042| 0.040| 8.500| 0.015| 2.597| 0.007| 2.39e-03| 0.007| 3.959| 0.000|                |  0|KCat|Sloan|Simbad|285.59404|+44.82411
285.6179167|+44.8992222| 8675826|19022830+4453572|4881.3|-0.188| 0.042| 36.344| 4.250|RC      | 0.9998| 1.313| 0.076|10.994| 0.022| 2.474| 0.010| 1.39e-03| 0.008| 3.460| 0.127|                |  0|KCat|Sloan|Simbad|285.61792|+44.89922
285.6524583|+44.8975833| 8675885|19023659+4453513|4855.0| 0.154| 0.010|228.806|16.868|RGB     | 1.0168| 1.224| 0.028| 4.236| 0.009| 3.272| 0.007| 2.27e-02| 0.006| 3.763| 0.029|                |  0|KCat|Sloan|Simbad|285.65246|+44.89758
285.7134167|+44.8908056| 8675975|19025122+4453269|4768.3|-0.145| 0.070| 47.220| 5.007|RGB     | 1.0351| 1.257| 0.041| 9.489| 0.015| 2.583| 0.007| 2.07e-03| 0.007| 3.639| 0.124|                |  0|KCat|Sloan|Simbad|285.71342|+44.89081
285.7719167|+44.8208056| 8676094|19030526+4449149|4592.7| 0.211| 0.007| 28.351| 3.562|AMB     | 1.0317| 1.018| 0.194|11.125| 0.055| 2.353| 0.010| 1.04e-03| 0.010| 3.966| 0.029|                |  1|KCat|Sloan|Simbad|285.77192|+44.82081
285.8560417|+44.8423889| 8676240|19032545+4450326|4640.0| 0.301| 0.023| 33.801| 4.055|RC      | 1.0045| 1.159| 0.077|10.846| 0.023| 2.432| 0.010| 1.28e-03| 0.008| 3.708| 0.134|                |  0|KCat|Sloan|Simbad|285.85604|+44.84239
286.1333750|+44.8080278| 8676738|19043201+4448289|4998.1|-0.153| 0.042|       |      |REJECT  |       |      |      |      |      |      |      |         |      |      |      |No Seis         |  0|KCat|Sloan|Simbad|286.13337|+44.80803
286.2336667|+44.8580278| 8676927|19045608+4451289|4874.4|-0.057| 0.010| 42.238| 4.615|RC      | 0.9988| 1.485| 0.073|10.846| 0.021| 2.539| 0.010| 1.64e-03| 0.008| 3.346| 0.053|                |  1|KCat|Sloan|Simbad|286.23367|+44.85803
286.2689583|+44.8470000| 8676988|19050455+4450492|4802.8| 0.126| 0.017| 38.392| 4.338|RC      | 1.0005| 1.387| 0.075|11.038| 0.022| 2.494| 0.010| 1.45e-03| 0.008| 3.469| 0.193|                |  1|KCat|Sloan|Simbad|286.26896|+44.84700
286.4772500|+44.8494167| 8677342|19055454+4450579|4761.4|-0.042| 0.031| 51.715| 5.222|RGB     | 1.0327| 1.405| 0.040| 9.592| 0.015| 2.622| 0.007| 2.25e-03| 0.007| 3.506| 0.080|                |  1|KCat|Sloan|Simbad|286.47725|+44.84942
286.6861667|+44.8641667| 8677701|19064468+4451510|4502.5| 0.053| 0.052| 30.586| 3.644|RGB     | 1.0418| 1.088| 0.042|11.130| 0.016| 2.382| 0.007| 1.11e-03| 0.008| 3.925| 0.069|                |  1|KCat|Sloan|Simbad|286.68617|+44.86417
286.8494167|+44.8987778| 8678018|19072386+4453556|4883.7|-0.183| 0.064| 32.358| 4.106|RC      | 0.9980| 1.072| 0.078|10.524| 0.023| 2.424| 0.010| 1.30e-03| 0.008| 3.697| 0.206|                |  0|KCat|Sloan|Simbad|286.84942|+44.89878
288.9511667|+44.8309167| 8681963|19154828+4449513|4870.7| 0.224| 0.028|247.590|17.839|RGB     | 1.0166| 1.247| 0.028| 4.107| 0.009| 3.307| 0.007| 2.54e-02| 0.006| 3.753| 0.124|                |  0|KCat|Sloan|Simbad|288.95117|+44.83092
289.1775000|+44.8193611| 8682462|19164260+4449097|4870.7|-0.211| 0.072| 31.588| 3.949|RC      | 0.9997| 1.153| 0.079|11.056| 0.024| 2.413| 0.010| 1.20e-03| 0.008| 3.597| 0.232|                |  0|KCat|Sloan|Simbad|289.17750|+44.81936
289.6882083|+44.8203056| 8683589|19184517+4449131|4484.4|-0.563| 0.262| 16.625| 2.350|RGB     | 1.0427| 1.000| 0.043|14.491| 0.016| 2.116| 0.007| 4.64e-04| 0.008| 3.860| 0.108|                |  0|KCat|Sloan|Simbad|289.68821|+44.82031
289.7679167|+44.8062222| 8683779|19190430+4448224|4798.1| 0.061|-0.025| 37.189| 4.215|RC(S)   | 0.9969| 1.434| 0.076|11.405| 0.022| 2.480| 0.010| 1.36e-03| 0.008| 3.422| 0.130|                |  0|KCat|Sloan|Simbad|289.76792|+44.80622
290.0563750|+44.8310556| 8684542|19201353+4449518|4795.7| 0.365| 0.001|176.788|13.430|RGB     | 1.0203| 1.361| 0.030| 5.097| 0.010| 3.157| 0.007| 1.45e-02| 0.006| 3.652| 0.133|                |  0|KCat|Sloan|Simbad|290.05637|+44.83106
290.1655000|+44.8554722| 8684860|19203972+4451197|4977.7|-0.012|-0.019|164.160|12.418|RGB     | 1.0175| 1.594| 0.031| 5.671| 0.011| 3.133| 0.007| 1.23e-02| 0.007| 3.302| 0.006|                |  0|KCat|Sloan|Simbad|290.16550|+44.85547
290.5797500|+44.8953889| 8685978|19221914+4453434|4785.7|-0.355| 0.091| 49.641| 5.455|RGB     | 1.0371| 1.034| 0.040| 8.387| 0.015| 2.605| 0.007| 2.47e-03| 0.007| 3.867| 0.222|                |  0|KCat|Sloan|Simbad|290.57975|+44.89539
290.6072917|+44.8971111| 8686058|19222575+4453496|4863.8|-0.033| 0.013| 44.449| 4.678|RC      | 0.9981| 1.638| 0.072|11.112| 0.021| 2.561| 0.009| 1.68e-03| 0.008| 3.243| 0.158|                |  0|KCat|Sloan|Simbad|290.60729|+44.89711
290.7375000|+44.8104167| 8686389|19225700+4448375|4542.1| 0.275| 0.004| 23.888| 2.993|RC      | 1.0138| 1.288| 0.082|13.670| 0.025| 2.276| 0.010| 7.11e-04| 0.008| 3.586| 0.241|                |  0|KCat|Sloan|Simbad|290.73750|+44.81042
290.9323750|+44.8283056| 8686904|19234377+4449419|4844.9| 0.056|-0.010|120.863|10.385|RGB     | 1.0249| 1.213| 0.034| 5.804| 0.012| 2.994| 0.007| 8.75e-03| 0.007| 3.753| 0.366|                |  0|KCat|Sloan|Simbad|290.93237|+44.82831
291.0665000|+44.8401111| 8687248|19241596+4450244|4848.4| 0.188|-0.024|168.102|13.083|RGB     | 1.0199| 1.323| 0.031| 5.138| 0.010| 3.138| 0.007| 1.37e-02| 0.006| 3.654| 0.311|                |  0|KCat|Sloan|Simbad|291.06650|+44.84011
291.5117083|+44.8085000| 8688421|19260281+4448306|5118.2|-0.265| 0.051|154.818|12.177|RGB     | 1.0178| 1.506| 0.032| 5.636| 0.011| 3.114| 0.007| 1.19e-02| 0.007| 3.329| 0.273|                |  0|KCat|Sloan|Simbad|291.51171|+44.80850
291.8031250|+44.8393333| 8689270|19271275+4450216|4749.7| 0.056| 0.106|163.140|13.274|RGB     | 1.0214| 1.100| 0.031| 4.781| 0.011| 3.120| 0.007| 1.42e-02| 0.007| 3.909| 0.153|                |  0|KCat|Sloan|Simbad|291.80312|+44.83933
291.9090417|+44.8851667| 8689522|19273817+4453066|4978.3|-0.364| 0.100| 34.339| 4.151|RC      | 0.9894| 1.307| 0.077|11.227| 0.023| 2.454| 0.010| 1.30e-03| 0.008| 3.439| 0.275|                |  0|KCat|Sloan|Simbad|291.90904|+44.88517
291.9382083|+44.8988056| 8689599|19274517+4453557|4935.4|-0.273| 0.051| 30.853| 3.991|RC      | 0.9940| 1.075| 0.079|10.766| 0.024| 2.405| 0.010| 1.22e-03| 0.008| 3.673| 0.315|                |  0|KCat|Sloan|Simbad|291.93821|+44.89881
292.0477500|+44.8571389| 8689860|19281146+4451257|4237.4| 0.187| 0.011|  9.180| 1.358|RGB     | 1.0390| 1.407| 0.044|23.452| 0.017| 1.846| 0.007| 1.54e-04| 0.008| 3.574| 0.296|                |  0|KCat|Sloan|Simbad|292.04775|+44.85714
292.1143750|+44.8873611| 8690009|19282745+4453145|4637.9| 0.164| 0.031| 29.293| 3.591|RC      | 1.0101| 1.199| 0.080|11.852| 0.024| 2.369| 0.010| 1.02e-03| 0.008| 3.646| 0.303|                |  0|KCat|Sloan|Simbad|292.11437|+44.88736
293.3230000|+44.8953889| 8693004|19331752+4453434|4664.7| 0.032|-0.022| 34.670| 3.660|RGB     | 1.0317| 1.708| 0.042|12.981| 0.016| 2.444| 0.007| 1.10e-03| 0.007| 3.249| 0.236|                |  1|KCat|Sloan|Simbad|293.32300|+44.89539
293.3283750|+44.8326667| 8693018|19331881+4449576|5039.6| 0.143|-0.011| 88.496| 7.275|RC      | 1.0084| 2.238| 0.052| 9.123| 0.011| 2.868| 0.008| 4.16e-03| 0.008| 3.020| 0.283|                |  1|KCat|Sloan|Simbad|293.32837|+44.83267
293.8758333|+44.8050556| 8694481|19353020+4448182|4638.0| 0.009| 0.113| 37.188| 3.840|RGB     | 1.0309| 1.729| 0.041|12.631| 0.015| 2.473| 0.007| 1.21e-03| 0.007| 3.223| 0.344|                |  0|KCat|Sloan|Simbad|293.87583|+44.80506
294.1428750|+44.8148333| 8695243|19363429+4448534|4651.4| 0.232| 0.039| 33.559| 4.022|RC      | 1.0030| 1.183| 0.078|10.990| 0.023| 2.429| 0.010| 1.26e-03| 0.008| 3.675| 0.391|                |  0|KCat|Sloan|Simbad|294.14287|+44.81483
294.4160417|+44.8462500| 8696035|19373985+4450465|4991.0|-0.630| 0.266| 28.877| 4.018|RC      | 0.9793| 0.926| 0.080|10.299| 0.024| 2.379| 0.010| 1.20e-03| 0.008| 3.769| 0.315|                |  0|KCat|Sloan|Simbad|294.41604|+44.84625
294.7740833|+44.8956389| 8697068|19390578+4453443|4585.7|-0.242| 0.212| 50.901| 5.533|RGB     | 1.0385| 0.982| 0.040| 8.160| 0.015| 2.607| 0.007| 2.55e-03| 0.007| 4.012| 0.205|                |  0|KCat|Sloan|Simbad|294.77408|+44.89564
296.0989167|+44.8043611| 8701081|19442374+4448157|4675.1| 0.027| 0.013| 54.882| 5.693|RGB     | 1.0360| 1.141| 0.040| 8.431| 0.015| 2.644| 0.007| 2.69e-03| 0.007| 3.850| 0.443|                |  0|KCat|Sloan|Simbad|296.09892|+44.80436
296.3556667|+44.8088333| 8701893|19452536+4448318|4901.7|-0.066| 0.007| 43.904| 4.691|RC      | 0.9948| 1.601| 0.073|11.032| 0.021| 2.557| 0.009| 1.68e-03| 0.008| 3.266| 0.449|                |  0|KCat|Sloan|Simbad|296.35567|+44.80883
296.4143333|+44.8999167| 8702088|19453944+4453597|3949.0| 0.296|-0.013|  2.963| 0.618|RGB     | 1.0377| 0.999| 0.044|35.400| 0.017| 1.339| 0.007| 3.18e-05| 0.008| 4.108| 0.627|SeisUnc         |  0|KCat|Sloan|Simbad|296.41433|+44.89992
296.6467917|+44.8533611| 8702863|19463523+4451121|4828.7| 0.187|-0.001|144.397|11.459|RGB     | 1.0215| 1.407| 0.032| 5.724| 0.011| 3.071| 0.007| 1.06e-02| 0.007| 3.562| 0.278|                |  0|KCat|Sloan|Simbad|296.64679|+44.85336
296.6975417|+44.8625833| 8703041|19464741+4451453|4912.2| 0.122|-0.004|100.208| 7.721|RGB     | 1.0015| 2.533| 0.036| 9.180| 0.013| 2.916| 0.007| 4.62e-03| 0.007| 2.748| 0.336|                |  0|KCat|Sloan|Simbad|296.69754|+44.86258
296.7281667|+44.8992500| 8703146|19465476+4453573|4910.4| 0.010|-0.009|121.804|10.284|RGB     | 1.0231| 1.326| 0.034| 6.026| 0.012| 3.001| 0.007| 8.55e-03| 0.007| 3.589| 0.434|                |  0|KCat|Sloan|Simbad|296.72817|+44.89925
297.8950417|+44.8893611| 8707667|19513481+4453217|4755.5| 0.124|-0.003| 35.331| 3.891|RC      | 1.0132| 1.566| 0.077|12.254| 0.023| 2.456| 0.010| 1.20e-03| 0.008| 3.325| 0.666|                |  0|KCat|Sloan|Simbad|297.89504|+44.88936
297.9392083|+44.8792778| 8707850|19514541+4452454|4093.1| 0.083|-0.008|  3.330| 0.607|RGB     | 1.0247| 1.690| 0.044|43.055| 0.017| 1.398| 0.007| 2.99e-05| 0.008| 3.262| 1.079|                |  0|KCat|Sloan|Simbad|297.93921|+44.87928
298.1292083|+44.8723333| 8708650|19523101+4452204|5017.8| 0.102|-0.033| 79.378| 6.749|RC      | 1.0055| 2.191| 0.056| 9.543| 0.013| 2.819| 0.008| 3.56e-03| 0.008| 3.033| 0.370|                |  0|KCat|Sloan|Simbad|298.12921|+44.87233
298.1300833|+44.8025833| 8708654|19523122+4448093|4995.9|-0.081|-0.012| 55.182| 5.390|RC(S)   | 0.9981| 1.852| 0.067|10.535| 0.018| 2.660| 0.009| 2.24e-03| 0.008| 3.128| 0.471|                |  0|KCat|Sloan|Simbad|298.13008|+44.80258
298.5660417|+44.8926667| 8710336|19541585+4453336|4921.2| 0.246|-0.002|  6.275| 1.120|RGB     | 1.0426| 1.200| 0.044|25.240| 0.017| 1.713| 0.007| 1.05e-04| 0.008| 3.825| 0.368|                |  0|KCat|Sloan|Simbad|298.56604|+44.89267
299.0273750|+44.8781111| 8712103|19560657+4452412|4057.0| 0.050|-0.011|  3.480| 0.673|RGB     | 1.0350| 1.213| 0.044|35.751| 0.017| 1.415| 0.007| 3.75e-05| 0.008| 3.749| 0.848|                |  0|KCat|Sloan|Simbad|299.02737|+44.87811
300.7689583|+44.8374167| 8718274|20030455+4450147|4153.7| 0.135| 0.038|       |      |REJECT  |       |      |      |      |      |      |      |         |      |      |      |No Seis         |  0|KCat|Sloan|Simbad|300.76896|+44.83742
300.9145417|+44.8179167| 8718745|20033949+4449045|4753.1|-0.250| 0.169|127.882|11.332|RGB     | 1.0247| 0.986| 0.034| 5.111| 0.012| 3.015| 0.007| 1.04e-02| 0.007| 3.974| 0.052|                |  0|KCat|Sloan|Simbad|300.91454|+44.81792
301.1616250|+44.8486111| 8719476|20043879+4450550|4701.9|-0.373| 0.081| 31.906| 3.862|RGB     | 1.0390| 1.056| 0.042|10.620| 0.016| 2.409| 0.007| 1.24e-03| 0.008| 3.835| 2.206|                |  0|KCat|Sloan|Simbad|301.16162|+44.84861
283.5385000|+44.9482222| 8736415|18540924+4456536|4319.1|-0.098| 0.074|  7.479| 1.342|RGB     | 1.0238| 0.872| 0.044|20.366| 0.017| 1.761| 0.007| 1.46e-04| 0.008| 4.221| 0.050|Ageold          |  1|KCat|Sloan|Simbad|283.53850|+44.94822
283.8638333|+44.9851667| 8737032|18552732+4459066|4694.5|-0.034| 0.021| 42.537| 4.427|RGB     | 1.0329| 1.480| 0.041|10.893| 0.015| 2.534| 0.007| 1.61e-03| 0.007| 3.432| 0.077|                |  1|KCat|Sloan|Simbad|283.86383|+44.98517
283.8720417|+44.9895833| 8737047|18552929+4459225|4458.6| 0.061|-0.010| 23.369| 2.997|RGB     | 1.0450| 1.033| 0.043|12.435| 0.016| 2.263| 0.007| 7.57e-04| 0.008| 4.005| 0.078|                |  0|KCat|Sloan|Simbad|283.87204|+44.98958
284.5386667|+44.9964444| 8738333|18580928+4459472|4648.1| 0.156| 0.005| 59.878| 5.937|RGB     | 1.0348| 1.249| 0.039| 8.454| 0.014| 2.680| 0.007| 2.91e-03| 0.007| 3.742| 0.154|                |  1|KCat|Sloan|Simbad|284.53867|+44.99644
284.6525833|+44.9323056| 8738537|18583662+4455563|4691.0|-0.045| 0.058| 64.037| 6.565|RGB     | 1.0363| 1.030| 0.039| 7.407| 0.014| 2.711| 0.007| 3.57e-03| 0.007| 3.976| 0.087|                |  0|KCat|Sloan|Simbad|284.65258|+44.93231
284.8121667|+44.9933889| 8738834|18591492+4459362|4593.4| 0.341| 0.020| 31.680| 3.857|RC      | 1.0060| 1.141| 0.078|11.145| 0.024| 2.401| 0.010| 1.16e-03| 0.008| 3.731| 0.101|                |  1|KCat|Sloan|Simbad|284.81217|+44.99339
284.8968333|+44.9924167| 8738980|18593524+4459327|4498.7| 0.235| 0.036| 29.056| 3.597|RC      | 1.0224| 1.058| 0.080|11.264| 0.024| 2.359| 0.010| 1.04e-03| 0.008| 3.792| 0.072|                |  0|KCat|Sloan|Simbad|284.89683|+44.99242
284.9786250|+44.9823333| 8739118|18595487+4458564|4600.7| 0.310| 0.040| 33.554| 3.878|AMB     | 1.0220| 1.253| 0.233|11.337| 0.075| 2.427| 0.010| 1.21e-03| 0.010| 3.722| 0.170|                |  1|KCat|Sloan|Simbad|284.97862|+44.98233
285.7655000|+44.9070278| 8740476|19030372+4454253|4798.6|-0.008| 0.031| 36.025| 4.151|RC      | 0.9952| 1.396| 0.076|11.432| 0.022| 2.467| 0.010| 1.32e-03| 0.008| 3.427| 0.122|                |  1|KCat|Sloan|Simbad|285.76550|+44.90703
286.4893750|+44.9849444| 8741733|19055745+4459058|4780.1| 0.118| 0.006| 39.119| 4.355|RC      | 0.9981| 1.449| 0.075|11.189| 0.022| 2.501| 0.010| 1.46e-03| 0.008| 3.415| 0.204|                |  1|KCat|Sloan|Simbad|286.48937|+44.98494
286.6570000|+44.9854167| 8742013|19063768+4459075|4675.2|-0.430| 0.054| 25.395| 3.175|RGB(S)  | 1.0383| 1.159| 0.042|12.486| 0.016| 2.309| 0.007| 8.39e-04| 0.008| 3.670| 0.000|                |  1|KCat|Sloan|Simbad|286.65700|+44.98542
286.7681250|+44.9467500| 8742229|19070435+4456483|4973.0| 0.013| 0.022|101.431| 8.566|RGB     | 1.0227| 1.625| 0.036| 7.285| 0.013| 2.924| 0.007| 5.93e-03| 0.007| 3.300| 0.202|                |  0|KCat|Sloan|Simbad|286.76812|+44.94675
286.9410417|+44.9090278| 8742545|19074585+4454325|4892.5|-0.221| 0.052|142.179|12.238|RGB     | 1.0220| 1.051| 0.033| 4.969| 0.011| 3.067| 0.007| 1.21e-02| 0.007| 3.874| 0.013|                |  1|KCat|Sloan|Simbad|286.94104|+44.90903
287.1292500|+44.9638889| 8742874|19083102+4457500|5096.0|-2.046| 0.519| 13.178| 1.852|RGB     | 1.0215| 1.700| 0.044|20.549| 0.016| 2.043| 0.007| 2.76e-04| 0.008| 2.999| 0.147|                |  0|KCat|Sloan|Simbad|287.12925|+44.96389
288.8051667|+44.9591111| 8746146|19151324+4457328|4838.3|-0.113| 0.042| 33.981| 4.169|RC      | 0.9961| 1.161| 0.077|10.714| 0.023| 2.443| 0.010| 1.33e-03| 0.008| 3.614| 0.239|                |  0|KCat|Sloan|Simbad|288.80517|+44.95911
288.8415000|+44.9720000| 8746222|19152196+4458192|4832.2|-0.391| 0.228| 27.467| 3.826|RC      | 0.9960| 0.863| 0.080|10.275| 0.024| 2.350| 0.010| 1.12e-03| 0.008| 3.875| 0.161|                |  0|KCat|Sloan|Simbad|288.84150|+44.97200
289.1543333|+44.9336944| 8746834|19163704+4456013|4600.8|-0.117| 0.171| 54.917| 5.853|RGB     | 1.0379| 0.992| 0.040| 7.890| 0.015| 2.641| 0.007| 2.85e-03| 0.007| 4.038| 0.099|                |  0|KCat|Sloan|Simbad|289.15433|+44.93369
289.4146250|+44.9680278| 8747415|19173951+4458049|4989.6|-0.110| 0.015|138.688|11.313|RGB     | 1.0203| 1.385| 0.033| 5.747| 0.011| 3.060| 0.007| 1.03e-02| 0.007| 3.488| 0.094|                |  0|KCat|Sloan|Simbad|289.41462|+44.96803
289.4247500|+44.9193333| 8747442|19174194+4455096|4728.8| 0.253| 0.011|111.098| 9.520|RGB     | 1.0268| 1.277| 0.035| 6.249| 0.012| 2.952| 0.007| 7.38e-03| 0.007| 3.733| 0.307|                |  0|KCat|Sloan|Simbad|289.42475|+44.91933
289.7937917|+44.9966389| 8748278|19191051+4459479|4862.3|-0.156| 0.027| 33.547| 4.026|RC      | 1.0065| 1.241| 0.078|11.135| 0.023| 2.438| 0.010| 1.27e-03| 0.008| 3.539| 0.268|                |  0|KCat|Sloan|Simbad|289.79379|+44.99664
289.8550833|+44.9682500| 8748406|19192522+4458057|4583.6|-0.442| 0.202| 24.451| 3.176|RGB     | 1.0421| 0.988| 0.043|11.812| 0.016| 2.288| 0.007| 8.46e-04| 0.008| 3.917| 0.242|                |  0|KCat|Sloan|Simbad|289.85508|+44.96825
289.8688750|+44.9163889| 8748436|19192853+4454590|4949.5| 0.196| 0.002| 85.028| 6.945|RC(S)   | 1.0043| 2.364| 0.054| 9.610| 0.012| 2.846| 0.008| 3.76e-03| 0.008| 2.960| 0.159|                |  0|KCat|Sloan|Simbad|289.86887|+44.91639
290.0439167|+44.9463611| 8748869|19201054+4456469|4595.1|-0.223| 0.063| 25.316| 3.179|RGB     | 1.0410| 1.102| 0.042|12.250| 0.016| 2.304| 0.007| 8.46e-04| 0.008| 3.803| 0.304|                |  0|KCat|Sloan|Simbad|290.04392|+44.94636
291.1417083|+44.9075556| 8751733|19243401+4454272|4754.7| 0.062| 0.030| 41.050| 4.488|RC      | 0.9967| 1.481| 0.074|11.055| 0.021| 2.521| 0.010| 1.55e-03| 0.008| 3.375| 0.413|                |  0|KCat|Sloan|Simbad|291.14171|+44.90756
291.5757917|+44.9954444| 8752893|19261819+4459436|4753.6|-0.129| 0.007| 67.463| 6.636|RGB     | 1.0321| 1.196| 0.039| 7.751| 0.014| 2.737| 0.007| 3.62e-03| 0.007| 3.710| 0.045|                |  0|KCat|Sloan|Simbad|291.57579|+44.99544
291.6949583|+44.9102500| 8753234|19264679+4454369|4836.8| 0.197|-0.006| 56.346| 5.361|RC      | 0.9980| 1.919| 0.067|10.698| 0.018| 2.663| 0.009| 2.21e-03| 0.008| 3.149| 0.126|                |  0|KCat|Sloan|Simbad|291.69496|+44.91025
291.9732917|+44.9793333| 8753927|19275359+4458456|4922.1| 0.180|-0.023|184.075|14.004|RGB     | 1.0185| 1.361| 0.029| 4.962| 0.010| 3.180| 0.007| 1.57e-02| 0.006| 3.606| 0.198|                |  0|KCat|Sloan|Simbad|291.97329|+44.97933
292.0735833|+44.9519722| 8754155|19281766+4457071|4879.8|-0.244| 0.069| 31.462| 4.115|RC      | 0.9947| 0.989| 0.079|10.254| 0.024| 2.411| 0.010| 1.29e-03| 0.008| 3.759| 0.382|                |  0|KCat|Sloan|Simbad|292.07358|+44.95197
292.1217500|+44.9978056| 8754274|19282922+4459521|4723.7| 0.361| 0.028|130.131|10.949|RGB     | 1.0264| 1.173| 0.034| 5.535| 0.012| 3.021| 0.007| 9.75e-03| 0.007| 3.883| 0.382|                |  0|KCat|Sloan|Simbad|292.12175|+44.99781
293.2720417|+44.9824444| 8757215|19330529+4458568|4837.2|-0.029| 0.020| 35.638| 4.255|RC      | 1.0007| 1.211| 0.077|10.685| 0.023| 2.464| 0.010| 1.40e-03| 0.008| 3.588| 0.277|                |  1|KCat|Sloan|Simbad|293.27204|+44.98244
293.8471250|+44.9584167| 8758700|19352331+4457303|4824.3|-0.186| 0.067| 31.327| 3.947|RC      | 0.9923| 1.144| 0.079|11.086| 0.024| 2.407| 0.010| 1.18e-03| 0.008| 3.620| 0.351|                |  1|KCat|Sloan|Simbad|293.84712|+44.95842
294.0335417|+44.9062778| 8759207|19360805+4454226|5072.9|-0.105| 0.028| 80.762| 7.106|RC      | 0.9959| 1.984| 0.056| 8.977| 0.013| 2.829| 0.008| 3.87e-03| 0.008| 3.006| 0.236|                |  1|KCat|Sloan|Simbad|294.03354|+44.90628
294.2310833|+44.9691389| 8759746|19365546+4458089|4856.5| 0.056| 0.009| 46.069| 4.741|RC      | 0.9946| 1.750| 0.072|11.285| 0.020| 2.576| 0.009| 1.72e-03| 0.008| 3.206| 0.346|                |  1|KCat|Sloan|Simbad|294.23108|+44.96914
294.2587083|+44.9730556| 8759811|19370209+4458230|4918.7| 0.005|-0.007| 52.792| 5.155|RC      | 1.0025| 1.861| 0.069|10.836| 0.019| 2.638| 0.009| 2.06e-03| 0.008| 3.132| 0.231|                |  1|KCat|Sloan|Simbad|294.25871|+44.97306
294.8370833|+44.9367500| 8761471|19392090+4456123|4808.8| 0.058| 0.013| 38.741| 4.324|RC      | 0.9882| 1.520| 0.075|11.500| 0.022| 2.499| 0.010| 1.41e-03| 0.008| 3.346| 0.347|                |  1|KCat|Sloan|Simbad|294.83708|+44.93675
296.6092917|+44.9288056| 8766846|19462623+4455437|4886.0| 0.096| 0.003|161.453|13.156|RGB     | 1.0209| 1.155| 0.031| 4.890| 0.011| 3.122| 0.007| 1.39e-02| 0.007| 3.839| 0.575|                |  0|KCat|Sloan|Simbad|296.60929|+44.92881
297.8086250|+44.9366389| 8771414|19511407+4456119|4789.5| 0.138|-0.008| 40.517| 4.289|RC      | 1.0058| 1.664| 0.074|11.776| 0.021| 2.517| 0.010| 1.44e-03| 0.008| 3.266| 0.628|                |  0|KCat|Sloan|Simbad|297.80862|+44.93664
299.0107083|+44.9462222| 8776159|19560257+4456464|4266.0|-0.142| 0.026|  6.730| 1.070|RGB     | 1.0331| 1.485| 0.044|28.096| 0.017| 1.712| 0.007| 9.43e-05| 0.008| 3.397| 0.941|                |  0|KCat|Sloan|Simbad|299.01071|+44.94622
299.8391667|+44.9910833| 8779107|19592140+4459279|4189.6| 0.411| 0.003| 10.307| 1.517|RGB     | 1.0444| 1.233| 0.044|20.784| 0.017| 1.894| 0.007| 1.94e-04| 0.008| 3.814| 1.228|                |  0|KCat|Sloan|Simbad|299.83917|+44.99108
300.2059583|+44.9815278| 8780467|20004943+4458535|4992.7| 0.087|-0.015| 68.974| 6.132|RC      | 1.0061| 2.089| 0.061|10.007| 0.015| 2.757| 0.008| 2.94e-03| 0.008| 3.056| 0.661|                |  0|KCat|Sloan|Simbad|300.20596|+44.98153
300.6619583|+44.9263056| 8782196|20023887+4455347|4701.6| 0.011| 0.034| 65.987| 6.681|RGB     | 1.0358| 1.056| 0.039| 7.384| 0.014| 2.725| 0.007| 3.70e-03| 0.007| 3.970| 0.310|                |  0|KCat|Sloan|Simbad|300.66196|+44.92631
284.0004167|+45.0917500| 8802374|18560010+4505303|4731.2|-0.250| 0.061| 31.418| 3.617|RGB     | 1.0348| 1.345| 0.042|12.058| 0.016| 2.404| 0.007| 1.08e-03| 0.008| 3.510| 0.100|                |  1|KCat|Sloan|Simbad|284.00042|+45.09175
284.4551250|+45.0726111| 8803207|18574923+4504214|4534.4|-0.542| 0.191|  7.230| 1.446|RGB     | 0.9900| 0.718| 0.044|18.569| 0.017| 1.757| 0.007| 1.58e-04| 0.008| 4.245| 0.079|Ageold          |  0|KCat|Sloan|Simbad|284.45512|+45.07261
284.5650833|+45.0456111| 8803432|18581562+4502442|4819.3|-0.133| 0.052| 31.870| 4.023|RC      | 0.9988| 1.086| 0.078|10.710| 0.023| 2.414| 0.010| 1.25e-03| 0.008| 3.687| 0.150|                |  1|KCat|Sloan|Simbad|284.56508|+45.04561
284.6477500|+45.0657778| 8803615|18583546+4503568|4924.3|-0.322| 0.053| 33.729| 4.197|RC      | 0.9937| 1.146| 0.077|10.635| 0.023| 2.444| 0.010| 1.34e-03| 0.008| 3.584| 0.136|                |  0|KCat|Sloan|Simbad|284.64775|+45.06578
285.1029167|+45.0196389| 8804395|19002470+4501107|4668.0| 0.041| 0.038| 24.437| 3.166|RC      | 1.0165| 1.134| 0.082|12.597| 0.025| 2.292| 0.010| 8.00e-04| 0.008| 3.686| 0.133|                |  1|KCat|Sloan|Simbad|285.10292|+45.01964
285.4060833|+45.0141944| 8804886|19013746+4500511|4688.4| 0.126| 0.025| 33.890| 4.154|RC      | 1.0023| 1.087| 0.077|10.463| 0.023| 2.435| 0.010| 1.34e-03| 0.008| 3.737| 0.097|                |  1|KCat|Sloan|Simbad|285.40608|+45.01419
285.7764583|+45.0895556| 8805565|19030635+4505224|4642.9|-0.112| 0.040| 33.011| 3.808|RGB     | 1.0372| 1.223| 0.042|11.273| 0.016| 2.421| 0.007| 1.20e-03| 0.008| 3.679| 0.027|                |  1|KCat|Sloan|Simbad|285.77646|+45.08956
285.8089167|+45.0958611| 8805632|19031414+4505451|4525.1|-0.126| 0.164| 41.790| 4.706|RGB     | 1.0398| 1.013| 0.041| 9.178| 0.015| 2.518| 0.007| 1.85e-03| 0.007| 3.987| 0.026|                |  0|KCat|Sloan|Simbad|285.80892|+45.09586
285.8229583|+45.0590278| 8805663|19031751+4503325|4885.9| 0.134| 0.004| 49.056| 4.562|RC      | 1.0115| 2.325| 0.070|12.586| 0.019| 2.605| 0.009| 1.64e-03| 0.008| 2.893| 0.032|                |  1|KCat|Sloan|Simbad|285.82296|+45.05903
286.1037500|+45.0094722| 8806231|19042490+4500341|4282.8| 0.234| 0.034| 13.828| 1.841|RGB     | 1.0394| 1.445| 0.043|19.313| 0.016| 2.026| 0.007| 2.83e-04| 0.008| 3.547| 0.091|                |  0|KCat|Sloan|Simbad|286.10375|+45.00947
289.2713750|+45.0411389| 8812397|19170513+4502281|4690.0| 0.042| 0.025| 68.566| 6.716|RGB     | 1.0338| 1.165| 0.039| 7.614| 0.014| 2.741| 0.007| 3.72e-03| 0.007| 3.817| 0.195|                |  0|KCat|Sloan|Simbad|289.27137|+45.04114
289.5265000|+45.0142778| 8812919|19180636+4500514|4674.0|-0.024| 0.039| 36.755| 3.852|RGB     | 1.0318| 1.662| 0.041|12.431| 0.015| 2.470| 0.007| 1.22e-03| 0.007| 3.264| 0.202|                |  0|KCat|Sloan|Simbad|289.52650|+45.01428
289.8009583|+45.0174167| 8813509|19191223+4501027|4767.3| 0.276|-0.006| 43.650| 4.551|RC      | 1.0006| 1.665| 0.073|11.361| 0.021| 2.549| 0.009| 1.60e-03| 0.008| 3.291| 0.167|                |  0|KCat|Sloan|Simbad|289.80096|+45.01742
289.8482500|+45.0005833| 8813618|19192358+4500021|4778.6| 0.033|-0.010|130.331|11.257|RGB     | 1.0251| 1.078| 0.034| 5.289| 0.012| 3.024| 0.007| 1.03e-02| 0.007| 3.936| 0.190|                |  0|KCat|Sloan|Simbad|289.84825|+45.00058
289.8986250|+45.0892222| 8813727|19193567+4505212|4934.6| 0.048| 0.012| 42.959| 4.316|RC      | 1.0021| 2.053| 0.073|12.607| 0.021| 2.549| 0.009| 1.44e-03| 0.008| 3.062| 0.369|                |  0|KCat|Sloan|Simbad|289.89862|+45.08922
290.2045833|+45.0816667| 8814586|19204910+4504540|4821.7|-0.044| 0.013| 39.588| 4.397|RC      | 1.0003| 1.452| 0.075|11.109| 0.022| 2.509| 0.010| 1.49e-03| 0.008| 3.377| 0.305|                |  0|KCat|Sloan|Simbad|290.20458|+45.08167
290.4617917|+45.0536667| 8815290|19215083+4503132|4794.9|-0.058| 0.027| 45.180| 4.452|RGB     | 1.0275| 1.828| 0.041|11.684| 0.015| 2.565| 0.007| 1.62e-03| 0.007| 3.118| 0.352|                |  0|KCat|Sloan|Simbad|290.46179|+45.05367
290.5061250|+45.0755833| 8815404|19220147+4504321|4700.6| 0.160|-0.005| 76.984| 7.247|RGB     | 1.0319| 1.229| 0.038| 7.378| 0.014| 2.792| 0.007| 4.32e-03| 0.007| 3.764| 0.299|                |  0|KCat|Sloan|Simbad|290.50612|+45.07558
290.7257500|+45.0001111| 8816007|19225418+4500004|4860.9| 0.125| 0.017|205.282|15.578|RGB     | 1.0177| 1.213| 0.028| 4.451| 0.009| 3.225| 0.007| 1.94e-02| 0.006| 3.769| 0.280|                |  0|KCat|Sloan|Simbad|290.72575|+45.00011
290.9131250|+45.0101111| 8816437|19233915+4500364|4625.9|-0.412| 0.099| 21.618| 2.823|RGB     | 1.0399| 1.119| 0.043|13.336| 0.016| 2.237| 0.007| 6.65e-04| 0.008| 3.735| 0.346|                |  0|KCat|Sloan|Simbad|290.91312|+45.01011
291.2375417|+45.0797222| 8817343|19245701+4504470|4647.3| 0.029| 0.095| 90.445| 8.522|RGB     | 1.0319| 1.025| 0.037| 6.232| 0.013| 2.859| 0.007| 5.97e-03| 0.007| 4.017| 0.026|                |  0|KCat|Sloan|Simbad|291.23754|+45.07972
291.2437500|+45.0402500| 8817365|19245850+4502249|4845.2|-0.250| 0.041| 36.643| 4.199|RC      | 0.9968| 1.414| 0.076|11.381| 0.022| 2.476| 0.010| 1.35e-03| 0.008| 3.367| 0.240|                |  0|KCat|Sloan|Simbad|291.24375|+45.04025
291.5907917|+45.0127500| 8818252|19262179+4500459|4733.9|-0.035| 0.025| 18.612| 2.715|RC(S)   | 1.0086| 0.976| 0.085|13.349| 0.027| 2.177| 0.011| 5.79e-04| 0.008| 3.814| 0.310|SeisUnc         |  0|KCat|Sloan|Simbad|291.59079|+45.01275
293.3423750|+45.0097500| 8822689|19332217+4500351|4941.7|-0.008|-0.015| 54.935| 5.072|RC(S)   | 1.0051| 2.229| 0.068|11.613| 0.018| 2.656| 0.009| 2.01e-03| 0.008| 2.962| 0.172|                |  1|KCat|Sloan|Simbad|293.34237|+45.00975
293.4113333|+45.0802778| 8822878|19333872+4504490|4699.1| 0.214|-0.013| 35.889| 4.060|RC      | 1.0013| 1.425| 0.076|11.634| 0.023| 2.460| 0.010| 1.28e-03| 0.008| 3.457| 0.314|                |  1|KCat|Sloan|Simbad|293.41133|+45.08028
293.9201250|+45.0780833| 8824235|19354083+4504411|4672.1| 0.060| 0.128| 31.023| 3.921|RC      | 1.0015| 1.048| 0.079|10.748| 0.024| 2.396| 0.010| 1.19e-03| 0.008| 3.768| 0.408|                |  0|KCat|Sloan|Simbad|293.92012|+45.07808
293.9293333|+45.0123333| 8824264|19354304+4500444|4815.2|-0.100| 0.031| 32.387| 4.091|RC      | 0.9994| 1.062| 0.078|10.507| 0.023| 2.421| 0.010| 1.29e-03| 0.008| 3.709| 0.273|                |  1|KCat|Sloan|Simbad|293.92933|+45.01233
293.9978333|+45.0419722| 8824452|19355948+4502311|4609.8|-0.267| 0.182| 51.185| 5.549|RGB     | 1.0384| 0.996| 0.040| 8.182| 0.015| 2.610| 0.007| 2.56e-03| 0.007| 3.961| 0.079|                |  1|KCat|Sloan|Simbad|293.99783|+45.04197
294.1023750|+45.0076389| 8824732|19362457+4500275|4774.9|-0.224| 0.039| 52.635| 5.304|RGB     | 1.0314| 1.405| 0.040| 9.500| 0.015| 2.630| 0.007| 2.31e-03| 0.007| 3.445| 0.304|                |  0|KCat|Sloan|Simbad|294.10237|+45.00764
294.3623333|+45.0591389| 8825444|19372696+4503329|5067.0| 0.143|-0.045| 83.354| 6.605|RC      | 0.9956| 2.921| 0.055|10.725| 0.012| 2.843| 0.008| 3.34e-03| 0.008| 2.636| 0.289|                |  1|KCat|Sloan|Simbad|294.36233|+45.05914
294.5835417|+45.0010278| 8826079|19382005+4500037|4942.3|-0.295| 0.055| 33.431| 4.184|RC      | 0.9938| 1.135| 0.078|10.624| 0.023| 2.441| 0.010| 1.34e-03| 0.008| 3.598| 0.315|                |  1|KCat|Sloan|Simbad|294.58354|+45.00103
294.7212500|+45.0092500| 8826496|19385310+4500333|4933.2|-0.075| 0.007| 43.822| 4.698|RC      | 0.9960| 1.590| 0.073|10.986| 0.021| 2.558| 0.009| 1.69e-03| 0.008| 3.270| 0.318|                |  1|KCat|Sloan|Simbad|294.72125|+45.00925
295.0235833|+45.0717222| 8827367|19400566+4504182|4842.0| 0.372| 0.013|244.517|17.029|RGB     | 1.0171| 1.431| 0.028| 4.433| 0.009| 3.300| 0.007| 2.32e-02| 0.006| 3.570| 0.203|                |  0|KCat|Sloan|Simbad|295.02358|+45.07172
295.1038333|+45.0192222| 8827622|19402492+4501092|4715.4|-0.242| 0.165| 24.387| 3.346|RC      | 1.0110| 0.937| 0.082|11.436| 0.025| 2.293| 0.010| 8.83e-04| 0.008| 3.818| 0.447|                |  0|KCat|Sloan|Simbad|295.10383|+45.01922
295.1102500|+45.0770556| 8827646|19402646+4504374|4870.3|-0.254| 0.106| 33.340| 4.039|RC      | 0.9961| 1.258| 0.078|11.238| 0.023| 2.436| 0.010| 1.25e-03| 0.008| 3.503| 0.394|                |  1|KCat|Sloan|Simbad|295.11025|+45.07706
295.1163750|+45.0596944| 8827659|19402793+4503349|4659.4| 0.132| 0.019| 68.889| 6.714|RGB     | 1.0342| 1.170| 0.039| 7.623| 0.014| 2.742| 0.007| 3.72e-03| 0.007| 3.836| 0.419|                |  0|KCat|Sloan|Simbad|295.11637|+45.05969
295.1836667|+45.0945833| 8827853|19404408+4505405|4956.3|-0.126| 0.039|156.104|12.960|RGB     | 1.0202| 1.135| 0.032| 4.914| 0.011| 3.110| 0.007| 1.35e-02| 0.007| 3.785| 0.306|                |  0|KCat|Sloan|Simbad|295.18367|+45.09458
295.2083333|+45.0630556| 8827934|19405000+4503470|4867.9| 0.183| 0.008| 55.865| 5.391|RC(S)   | 1.0000| 1.833| 0.067|10.484| 0.018| 2.660| 0.009| 2.24e-03| 0.008| 3.181| 0.240|                |  1|KCat|Sloan|Simbad|295.20833|+45.06306
297.8962917|+45.0323889| 8836830|19513511+4501566|4982.3|-0.133| 0.015|193.795|14.955|RGB     | 1.0174| 1.249| 0.029| 4.618| 0.010| 3.205| 0.007| 1.79e-02| 0.006| 3.637| 0.228|                |  0|KCat|Sloan|Simbad|297.89629|+45.03239
298.2328750|+45.0443056| 8838230|19525589+4502395|4896.9| 0.097| 0.011|178.766|14.043|RGB     | 1.0192| 1.220| 0.030| 4.773| 0.010| 3.167| 0.007| 1.58e-02| 0.006| 3.754| 0.453|                |  0|KCat|Sloan|Simbad|298.23287|+45.04431
298.2872083|+45.0253333| 8838450|19530893+4501312|4881.4| 0.017| 0.010|113.441| 9.608|RGB     | 1.0237| 1.391| 0.035| 6.404| 0.012| 2.968| 0.007| 7.47e-03| 0.007| 3.538| 0.610|                |  0|KCat|Sloan|Simbad|298.28721|+45.02533
298.4454167|+45.0691667| 8839028|19534690+4504090|4604.9| 0.195| 0.008| 27.939| 3.486|RC      | 1.0113| 1.154| 0.080|11.925| 0.024| 2.347| 0.010| 9.60e-04| 0.008| 3.697| 0.779|                |  0|KCat|Sloan|Simbad|298.44542|+45.06917
298.7113750|+45.0042778| 8840004|19545073+4500154|4186.8| 0.358| 0.015| 10.934| 1.576|RGB     | 1.0437| 1.263| 0.044|20.428| 0.017| 1.919| 0.007| 2.09e-04| 0.008| 3.773| 0.791|                |  0|KCat|Sloan|Simbad|298.71137|+45.00428
298.9886250|+45.0933333| 8840992|19555727+4505360|4811.1| 0.193|-0.007|119.832| 9.901|RGB     | 1.0240| 1.421| 0.034| 6.321| 0.012| 2.989| 0.007| 7.94e-03| 0.007| 3.550| 0.588|                |  0|KCat|Sloan|Simbad|298.98862|+45.09333
299.7420833|+45.0781111| 8843610|19585810+4504412|4873.0|-0.076| 0.015| 40.923| 4.457|RC      | 0.9944| 1.579| 0.074|11.366| 0.021| 2.525| 0.010| 1.52e-03| 0.008| 3.279| 0.668|                |  0|KCat|Sloan|Simbad|299.74208|+45.07811
299.8020000|+45.0624444| 8843835|19591248+4503448|4231.1| 0.184|-0.011|  7.674| 1.187|RGB     | 1.0385| 1.407| 0.044|25.665| 0.017| 1.768| 0.007| 1.17e-04| 0.008| 3.569| 1.368|                |  0|KCat|Sloan|Simbad|299.80200|+45.06244
299.9643333|+45.0278889| 8844362|19595144+4501404|4165.0| 0.302| 0.004|  7.337| 1.153|RGB     | 1.0402| 1.340| 0.044|25.715| 0.017| 1.745| 0.007| 1.11e-04| 0.008| 3.675| 1.580|SeisUnc         |  0|KCat|Sloan|Simbad|299.96433|+45.02789
300.2383750|+45.0245000| 8845313|20005721+4501282|4942.4|-0.591| 0.210| 38.047| 4.336|RGB(S)  | 1.0344| 1.236| 0.041|10.392| 0.015| 2.497| 0.007| 1.55e-03| 0.007| 3.550| 0.628|                |  0|KCat|Sloan|Simbad|300.23837|+45.02450
300.2417917|+45.0476667| 8845321|20005803+4502516|4877.7|-0.241| 0.058| 32.647| 4.080|RC      | 0.9967| 1.133| 0.078|10.778| 0.023| 2.427| 0.010| 1.28e-03| 0.008| 3.620| 0.662|                |  0|KCat|Sloan|Simbad|300.24179|+45.04767
300.2533750|+45.0465278| 8845361|20010081+4502475|4408.0|-0.129| 0.047|  7.601| 1.290|RGB     | 1.0460| 1.013| 0.044|21.657| 0.017| 1.772| 0.007| 1.41e-04| 0.008| 3.961| 1.435|                |  0|KCat|Sloan|Simbad|300.25337|+45.04653
300.4686250|+45.0722222| 8846187|20015247+4504200|4897.7| 0.106|-0.019| 48.965| 4.903|RC      | 1.0016| 1.809| 0.070|11.106| 0.020| 2.604| 0.009| 1.86e-03| 0.008| 3.185| 0.573|                |  0|KCat|Sloan|Simbad|300.46862|+45.07222
300.4867917|+45.0275556| 8846245|20015683+4501392|4819.2|-0.043|-0.019| 35.765| 4.279|RC(S)   | 0.9996| 1.195| 0.077|10.605| 0.023| 2.464| 0.010| 1.41e-03| 0.008| 3.603| 0.414|                |  0|KCat|Sloan|Simbad|300.48679|+45.02756
301.0472917|+45.0876111| 8848288|20041135+4505154|4640.6| 0.280|-0.022| 46.388| 4.598|RGB     | 1.0325| 1.624| 0.041|10.960| 0.015| 2.569| 0.007| 1.74e-03| 0.007| 3.376| 0.100|                |  0|KCat|Sloan|Simbad|301.04729|+45.08761
283.4285833|+45.1464167| 8866716|18534286+4508471|4651.6|-0.116| 0.097| 38.074| 4.373|RGB     | 1.0388| 1.075| 0.041| 9.834| 0.015| 2.484| 0.007| 1.59e-03| 0.007| 3.887| 0.099|                |  0|KCat|Sloan|Simbad|283.42858|+45.14642
283.4934167|+45.1419167| 8866860|18535842+4508309|4696.5| 0.227| 0.005|137.925|11.599|RGB     | 1.0251| 1.105| 0.033| 5.226| 0.011| 3.045| 0.007| 1.09e-02| 0.007| 3.947| 0.026|                |  0|KCat|Sloan|Simbad|283.49342|+45.14192
283.9398333|+45.1208333| 8867740|18554556+4507150|4554.1|-0.440| 0.216| 22.479| 2.966|RGB     | 1.0426| 0.998| 0.043|12.400| 0.016| 2.250| 0.007| 7.38e-04| 0.008| 3.912| 0.019|                |  1|KCat|Sloan|Simbad|283.93983|+45.12083
284.4675833|+45.1171667| 8868800|18575222+4507018|4882.6|-0.170| 0.044| 32.908| 4.020|RC      | 1.0025| 1.205| 0.078|11.064| 0.023| 2.431| 0.010| 1.25e-03| 0.008| 3.575| 0.200|                |  1|KCat|Sloan|Simbad|284.46758|+45.11717
284.4951667|+45.1580556| 8868869|18575884+4509290|4654.1|-0.097| 0.163| 30.090| 3.863|RGB(S)  | 1.0315| 0.897| 0.042|10.106| 0.016| 2.382| 0.007| 1.23e-03| 0.008| 4.188| 0.073|Ageold          |  0|KCat|Sloan|Simbad|284.49517|+45.15806
284.5246250|+45.1130556| 8868929|18580591+4506470|4885.4|-0.117| 0.030| 41.172| 4.488|RC(S)   | 0.9998| 1.537| 0.074|11.171| 0.021| 2.528| 0.010| 1.55e-03| 0.008| 3.288| 0.168|                |  0|KCat|Sloan|Simbad|284.52462|+45.11306
284.8538750|+45.1724444| 8869611|18592493+4510208|4698.5|-0.005| 0.070| 95.138| 8.871|RGB     | 1.0305| 1.038| 0.036| 6.099| 0.013| 2.884| 0.007| 6.45e-03| 0.007| 3.990| 0.010|                |  1|KCat|Sloan|Simbad|284.85387|+45.17244
285.3188750|+45.1688889| 8870432|19011653+4510080|4607.1| 0.422| 0.012| 44.556| 4.527|RC      | 1.0042| 1.694| 0.072|11.441| 0.021| 2.550| 0.009| 1.60e-03| 0.008| 3.296| 0.140|                |  1|KCat|Sloan|Simbad|285.31887|+45.16889
285.5419583|+45.1106944| 8870850|19021007+4506385|4790.1|-0.339| 0.074| 34.450| 3.961|RGB     | 1.0359| 1.251| 0.042|11.071| 0.016| 2.447| 0.007| 1.30e-03| 0.007| 3.583| 0.153|                |  1|KCat|Sloan|Simbad|285.54196|+45.11069
286.0712500|+45.1503889| 8872046|19041710+4509014|4717.7| 0.004| 0.029| 65.394| 6.535|RGB     | 1.0344| 1.135| 0.039| 7.683| 0.014| 2.722| 0.007| 3.53e-03| 0.007| 3.844| 0.079|                |  1|KCat|Sloan|Simbad|286.07125|+45.15039
286.3963750|+45.1106389| 8872709|19053513+4506383|4838.6| 0.016| 0.015| 37.968| 4.320|RC      | 0.9983| 1.392| 0.075|11.097| 0.022| 2.491| 0.010| 1.44e-03| 0.008| 3.445| 0.051|                |  1|KCat|Sloan|Simbad|286.39637|+45.11064
286.5300000|+45.1256667| 8872979|19060720+4507324|5119.9| 0.028|-0.005| 75.258| 6.390|RC      | 0.9874| 2.576| 0.058|10.573| 0.014| 2.801| 0.008| 3.07e-03| 0.008| 2.817| 0.120|                |  1|KCat|Sloan|Simbad|286.53000|+45.12567
286.9114583|+45.1514722| 8873797|19073875+4509053|4583.9| 0.258| 0.067| 30.010| 3.841|RC      | 1.0031| 0.995| 0.079|10.698| 0.024| 2.377| 0.010| 1.15e-03| 0.008| 3.853| 0.073|                |  1|KCat|Sloan|Simbad|286.91146|+45.15147
289.1182500|+45.1478889| 8878424|19162838+4508524|4552.5| 0.053| 0.126| 55.780| 5.854|RGB     | 1.0380| 1.022| 0.040| 7.968| 0.015| 2.645| 0.007| 2.85e-03| 0.007| 4.030| 0.105|                |  0|KCat|Sloan|Simbad|289.11825|+45.14789
289.5080000|+45.1648611| 8879369|19180192+4509535|4763.1|-0.089| 0.017| 60.325| 6.155|RGB     | 1.0348| 1.146| 0.039| 8.021| 0.014| 2.689| 0.007| 3.13e-03| 0.007| 3.804| 0.239|                |  0|KCat|Sloan|Simbad|289.50800|+45.16486
289.5619167|+45.1122500| 8879491|19181486+4506441|5139.2|-0.457| 0.190| 59.937| 5.518|RC(S)   | 0.9764| 2.462| 0.065|11.570| 0.017| 2.703| 0.009| 2.24e-03| 0.008| 2.745| 0.273|                |  0|KCat|Sloan|Simbad|289.56192|+45.11225
289.5685417|+45.1146389| 8879518|19181645+4506527|4840.0| 0.163|-0.004| 45.748| 4.727|RC      | 1.0006| 1.684| 0.072|11.119| 0.020| 2.572| 0.009| 1.73e-03| 0.008| 3.258| 0.192|                |  0|KCat|Sloan|Simbad|289.56854|+45.11464
289.7538333|+45.1061389| 8879938|19190092+4506221|4790.7| 0.161|-0.002| 95.134| 8.334|RGB     | 1.0272| 1.389| 0.036| 7.022| 0.013| 2.888| 0.007| 5.66e-03| 0.007| 3.579| 0.241|                |  0|KCat|Sloan|Simbad|289.75383|+45.10614
289.9622917|+45.1090833| 8880420|19195095+4506327|4519.0|-0.111| 0.024| 20.178| 2.656|RGB     | 1.0424| 1.110| 0.043|13.830| 0.016| 2.202| 0.007| 5.92e-04| 0.008| 3.825| 0.242|                |  0|KCat|Sloan|Simbad|289.96229|+45.10908
293.0757500|+45.1968333| 8888925|19321818+4511486|4749.2| 0.072|-0.006| 33.173| 4.102|RC      | 1.0013| 1.097| 0.078|10.591| 0.023| 2.428| 0.010| 1.30e-03| 0.008| 3.717| 0.280|                |  0|KCat|Sloan|Simbad|293.07575|+45.19683
293.6071667|+45.1308056| 8890410|19342572+4507509|4997.7| 0.143|-0.023| 62.052| 5.458|RC      | 1.0077| 2.411| 0.064|11.334| 0.017| 2.712| 0.009| 2.34e-03| 0.008| 2.885| 0.329|                |  1|KCat|Sloan|Simbad|293.60717|+45.13081
294.1213333|+45.1199722| 8891957|19362912+4507119|4847.7|-0.101| 0.013| 63.091| 6.118|RGB     | 1.0302| 1.405| 0.039| 8.644| 0.014| 2.712| 0.007| 3.07e-03| 0.007| 3.475| 0.471|                |  0|KCat|Sloan|Simbad|294.12133|+45.11997
295.4565417|+45.1657778| 8896115|19414957+4509568|4763.6|-0.252| 0.055| 52.107| 5.578|RGB     | 1.0363| 1.089| 0.040| 8.411| 0.015| 2.625| 0.007| 2.58e-03| 0.007| 3.822| 0.299|                |  0|KCat|Sloan|Simbad|295.45654|+45.16578
298.2527917|+45.1006667| 8905921|19530067+4506024|4320.5|-0.044| 0.044|  6.389| 1.016|RGB     | 1.0316| 1.608| 0.044|29.910| 0.017| 1.693| 0.007| 8.48e-05| 0.008| 3.308| 0.879|                |  0|KCat|Sloan|Simbad|298.25279|+45.10067
298.3567917|+45.1372778| 8906338|19532563+4508142|4926.2|-0.384| 0.075| 33.250| 4.175|RC(S)   | 0.9926| 1.127| 0.078|10.624| 0.023| 2.437| 0.010| 1.33e-03| 0.008| 3.598| 1.010|                |  0|KCat|Sloan|Simbad|298.35679|+45.13728
298.7340833|+45.1193056| 8907753|19545618+4507095|4944.2| 0.010| 0.007|       |      |REJECT  |       |      |      |      |      |      |      |         |      |      |      |No Seis         |  0|KCat|Sloan|Simbad|298.73408|+45.11931
298.7885833|+45.1770833| 8907943|19550926+4510375|4591.3| 0.329| 0.009| 33.344| 3.989|RC      | 1.0047| 1.169| 0.078|10.997| 0.023| 2.423| 0.010| 1.24e-03| 0.008| 3.701| 0.727|                |  0|KCat|Sloan|Simbad|298.78858|+45.17708
299.3041250|+45.1251667| 8909673|19571299+4507306|4856.7|-0.083|-0.032| 43.005| 4.598|RC(S)   | 0.9946| 1.609| 0.073|11.199| 0.021| 2.546| 0.009| 1.61e-03| 0.008| 3.257| 0.916|                |  0|KCat|Sloan|Simbad|299.30412|+45.12517
299.8438750|+45.1905278| 8911558|19592253+4511259|4899.8| 0.002| 0.000| 39.333| 4.421|RC      | 0.9994| 1.432| 0.075|11.026| 0.022| 2.509| 0.010| 1.51e-03| 0.008| 3.400| 0.830|                |  0|KCat|Sloan|Simbad|299.84387|+45.19053
300.5951250|+45.1558611| 8914107|20022283+4509211|4914.9|-0.037| 0.008|155.228|12.465|RGB     | 1.0198| 1.290| 0.032| 5.264| 0.011| 3.106| 0.007| 1.25e-02| 0.007| 3.625| 0.579|                |  0|KCat|Sloan|Simbad|300.59512|+45.15586
300.6501667|+45.1998611| 8914297|20023604+4511595|4802.7|-0.502| 0.101| 72.255| 7.437|RGB     | 1.0327| 0.943| 0.038| 6.635| 0.014| 2.769| 0.007| 4.55e-03| 0.007| 3.978| 0.630|                |  0|KCat|Sloan|Simbad|300.65017|+45.19986
300.7054167|+45.1042778| 8914504|20024930+4506154|4836.6|-0.105| 0.027| 33.912| 4.135|RC      | 0.9972| 1.187| 0.077|10.844| 0.023| 2.442| 0.010| 1.31e-03| 0.008| 3.594| 0.592|                |  0|KCat|Sloan|Simbad|300.70542|+45.10428
300.9853750|+45.1006667| 8915481|20035649+4506024|4385.1|-0.041| 0.034| 12.096| 1.700|RGB     | 1.0389| 1.380| 0.044|20.065| 0.016| 1.973| 0.007| 2.41e-04| 0.008| 3.535| 1.904|                |  0|KCat|Sloan|Simbad|300.98537|+45.10067
301.1642083|+45.1616389| 8916132|20043941+4509419|4010.4| 0.226| 0.015|  4.152| 0.749|RGB     | 1.0368| 1.304| 0.044|34.038| 0.017| 1.489| 0.007| 4.66e-05| 0.008| 3.693| 1.784|SeisUnc         |  0|KCat|Sloan|Simbad|301.16421|+45.16164
283.4192917|+45.2133611| 8934264|18534063+4512481|4382.5|-0.352| 0.083|  8.655| 1.422|RGB     | 1.0448| 1.010| 0.044|20.297| 0.017| 1.828| 0.007| 1.70e-04| 0.008| 3.897| 0.012|                |  1|KCat|Sloan|Simbad|283.41929|+45.21336
283.7272917|+45.2261389| 8934853|18545455+4513341|5066.1|-0.187| 0.017|229.658|16.393|RGB     | 1.0163| 1.482| 0.028| 4.603| 0.009| 3.283| 0.007| 2.14e-02| 0.006| 3.371| 0.000|                |  0|KCat|Sloan|Simbad|283.72729|+45.22614
284.1114167|+45.2602778| 8935612|18562674+4515370|4745.3|-0.142| 0.150| 29.563| 3.855|RC      | 0.9923| 1.031| 0.079|10.876| 0.024| 2.378| 0.010| 1.13e-03| 0.008| 3.740| 0.090|                |  0|KCat|Sloan|Simbad|284.11142|+45.26028
284.3321667|+45.2700278| 8936084|18571972+4516121|5025.7|-0.471| 0.124| 31.844| 4.233|RC      | 0.9918| 0.968| 0.078|10.012| 0.023| 2.423| 0.010| 1.36e-03| 0.008| 3.753| 0.087|                |  1|KCat|Sloan|Simbad|284.33217|+45.27003
284.3495000|+45.2133611| 8936104|18572388+4512481|4539.8| 0.384| 0.027| 31.003| 3.724|RC      | 1.0109| 1.186| 0.079|11.521| 0.024| 2.389| 0.010| 1.09e-03| 0.008| 3.700| 0.141|                |  1|KCat|Sloan|Simbad|284.34950|+45.21336
284.4628750|+45.2718056| 8936339|18575109+4516185|4833.2| 0.056| 0.003| 44.144| 4.602|RC(S)   | 0.9938| 1.727| 0.073|11.469| 0.021| 2.556| 0.009| 1.61e-03| 0.008| 3.217| 0.133|                |  1|KCat|Sloan|Simbad|284.46287|+45.27181
284.4661667|+45.2398889| 8936347|18575188+4514236|4710.6| 0.155| 0.033| 73.458| 7.047|RGB     | 1.0330| 1.193| 0.038| 7.436| 0.014| 2.772| 0.007| 4.09e-03| 0.007| 3.811| 0.132|                |  0|KCat|Sloan|Simbad|284.46617|+45.23989
284.4975833|+45.2966389| 8936409|18575942+4517479|4293.5|-0.235| 0.041|  6.848| 1.214|RGB     | 1.0481| 0.902| 0.044|21.669| 0.017| 1.721| 0.007| 1.25e-04| 0.008| 4.101| 0.139|                |  1|KCat|Sloan|Simbad|284.49758|+45.29664
284.7300417|+45.2538333| 8936877|18585521+4515138|4468.0|-0.300| 0.192| 24.639| 3.145|RGB     | 1.0429| 1.009| 0.043|11.963| 0.016| 2.286| 0.007| 8.31e-04| 0.008| 3.940| 0.006|                |  0|KCat|Sloan|Simbad|284.73004|+45.25383
284.8165000|+45.2782778| 8937073|18591596+4516418|4659.1| 0.061| 0.022| 25.304| 3.215|RC      | 1.0186| 1.171| 0.081|12.585| 0.025| 2.307| 0.010| 8.28e-04| 0.008| 3.648| 0.133|                |  1|KCat|Sloan|Simbad|284.81650|+45.27828
286.2541250|+45.2750556| 8939889|19050099+4516302|4661.6| 0.250| 0.006| 35.102| 4.107|RC      | 1.0027| 1.251| 0.077|11.046| 0.023| 2.449| 0.010| 1.31e-03| 0.008| 3.616| 0.102|                |  0|KCat|Sloan|Simbad|286.25412|+45.27506
286.2938750|+45.2709722| 8939964|19051053+4516155|4822.1|-0.310| 0.192| 28.546| 4.020|RC      | 0.9909| 0.809| 0.080| 9.764| 0.024| 2.367| 0.010| 1.23e-03| 0.008| 3.937| 0.028|                |  1|KCat|Sloan|Simbad|286.29387|+45.27097
286.3568333|+45.2204167| 8940098|19052564+4513135|4797.9|-0.099| 0.045| 33.403| 4.171|RC      | 1.0001| 1.069| 0.078|10.391| 0.023| 2.434| 0.010| 1.34e-03| 0.008| 3.700| 0.074|                |  1|KCat|Sloan|Simbad|286.35683|+45.22042
286.4240000|+45.2036944| 8940241|19054176+4512133|4765.8| 0.119| 0.022| 32.852| 4.058|RC      | 1.0020| 1.116| 0.078|10.722| 0.023| 2.425| 0.010| 1.28e-03| 0.008| 3.709| 0.191|                |  0|KCat|Sloan|Simbad|286.42400|+45.20369
286.7432917|+45.2458333| 8940851|19065839+4514450|4412.9|-0.023| 0.064| 14.730| 2.115|RGB     | 1.0463| 1.021| 0.043|15.613| 0.016| 2.060| 0.007| 3.78e-04| 0.008| 3.986| 0.087|                |  0|KCat|Sloan|Simbad|286.74329|+45.24583
286.8190833|+45.2744167| 8941031|19071658+4516279|4659.8|-0.090| 0.100| 28.185| 3.600|RC      | 0.9999| 1.109| 0.080|11.605| 0.024| 2.354| 0.010| 1.00e-03| 0.008| 3.673| 0.072|                |  0|KCat|Sloan|Simbad|286.81908|+45.27442
286.8992083|+45.2184722| 8941196|19073581+4513065|4763.6|-0.030| 0.012| 63.039| 6.243|RGB     | 1.0328| 1.246| 0.039| 8.180| 0.014| 2.708| 0.007| 3.21e-03| 0.007| 3.682| 0.128|                |  0|KCat|Sloan|Simbad|286.89921|+45.21847
286.9023333|+45.2773333| 8941202|19073656+4516384|4858.8|-0.179| 0.034| 34.167| 4.097|RC      | 0.9998| 1.254| 0.077|11.093| 0.023| 2.446| 0.010| 1.29e-03| 0.008| 3.523| 0.091|                |  1|KCat|Sloan|Simbad|286.90233|+45.27733
289.4083333|+45.2638333| 8946471|19173800+4515498|4801.4| 0.088| 0.001| 37.252| 4.289|RC      | 1.0018| 1.319| 0.076|10.927| 0.022| 2.481| 0.010| 1.43e-03| 0.008| 3.520| 0.303|                |  0|KCat|Sloan|Simbad|289.40833|+45.26383
289.4673333|+45.2328611| 8946619|19175216+4513583|4868.6|-0.118| 0.037| 33.419| 4.046|RC      | 1.0025| 1.225| 0.078|11.079| 0.023| 2.437| 0.010| 1.27e-03| 0.008| 3.554| 0.272|                |  0|KCat|Sloan|Simbad|289.46733|+45.23286
289.5538333|+45.2968889| 8946818|19181292+4517488|4904.3|-0.267| 0.099| 28.019| 3.701|RC      | 1.0053| 1.030| 0.080|11.078| 0.024| 2.362| 0.010| 1.07e-03| 0.008| 3.715| 0.314|                |  0|KCat|Sloan|Simbad|289.55383|+45.29689
289.8431667|+45.2551389| 8947422|19192236+4515185|4711.5| 0.222| 0.012| 35.945| 4.035|RC      | 1.0044| 1.456| 0.076|11.742| 0.023| 2.462| 0.010| 1.27e-03| 0.008| 3.432| 0.349|                |  0|KCat|Sloan|Simbad|289.84317|+45.25514
290.2015000|+45.2496111| 8948403|19204836+4514586|4679.4| 0.173| 0.014| 29.944| 3.119|RC      | 1.0094| 2.287| 0.079|16.152| 0.024| 2.381| 0.010| 7.65e-04| 0.008| 3.007| 0.052|                |  0|KCat|Sloan|Simbad|290.20150|+45.24961
290.2744167|+45.2157778| 8948617|19210586+4512568|4608.4|-0.231| 0.166| 41.465| 4.842|RGB     | 1.0412| 0.903| 0.041| 8.656| 0.015| 2.519| 0.007| 1.96e-03| 0.007| 4.140| 0.290|                |  0|KCat|Sloan|Simbad|290.27442|+45.21578
290.6391667|+45.2229444| 8949653|19223340+4513226|4316.1| 0.039| 0.086| 18.309| 2.511|RGB     | 1.0486| 0.947| 0.043|13.562| 0.016| 2.150| 0.007| 5.35e-04| 0.008| 4.137| 0.143|                |  0|KCat|Sloan|Simbad|290.63917|+45.22294
290.6990833|+45.2104444| 8949818|19224778+4512376|4558.6|-0.079| 0.160| 45.136| 4.991|RGB     | 1.0398| 1.020| 0.041| 8.844| 0.015| 2.553| 0.007| 2.08e-03| 0.007| 3.987| 0.190|                |  0|KCat|Sloan|Simbad|290.69908|+45.21044
291.1905000|+45.2176667| 8951178|19244572+4513036|5070.2|-0.039|-0.015|105.782| 8.433|RGB     | 1.0101| 2.122| 0.036| 8.115| 0.013| 2.946| 0.007| 5.60e-03| 0.007| 2.924| 0.169|                |  0|KCat|Sloan|Simbad|291.19050|+45.21767
291.2196250|+45.2864167| 8951252|19245271+4517111|5006.9|-0.081| 0.018| 49.902| 4.675|RC(S)   | 1.0099| 2.317| 0.070|12.382| 0.019| 2.617| 0.009| 1.72e-03| 0.008| 2.851| 0.121|                |  0|KCat|Sloan|Simbad|291.21962|+45.28642
291.5934167|+45.2521111| 8952278|19262242+4515076|4654.0|-0.108| 0.028| 45.144| 4.788|RGB(S)  | 1.0349| 1.267| 0.041| 9.803| 0.015| 2.558| 0.007| 1.90e-03| 0.007| 3.631| 0.198|                |  0|KCat|Sloan|Simbad|291.59342|+45.25211
291.8085000|+45.2103611| 8952952|19271404+4512373|4653.4|-0.388| 0.080| 12.922| 1.726|RGB     | 1.0282| 1.805| 0.044|21.873| 0.016| 2.015| 0.007| 2.43e-04| 0.008| 3.066| 0.320|                |  0|KCat|Sloan|Simbad|291.80850|+45.21036
291.8852500|+45.2221111| 8953164|19273246+4513196|4636.7| 0.366| 0.064|113.113| 9.859|RGB     | 1.0293| 1.126| 0.035| 5.845| 0.012| 2.956| 0.007| 7.95e-03| 0.007| 3.948| 0.202|                |  0|KCat|Sloan|Simbad|291.88525|+45.22211
292.8492083|+45.2615833| 8955683|19312381+4515417|4910.6|-0.085| 0.015| 47.762| 4.784|RC      | 1.0028| 1.851| 0.071|11.367| 0.020| 2.594| 0.009| 1.78e-03| 0.008| 3.127| 0.241|                |  1|KCat|Sloan|Simbad|292.84921|+45.26158
293.5179167|+45.2705278| 8957480|19340430+4516139|4700.7|-0.120| 0.031| 48.971| 5.265|RGB     | 1.0366| 1.116| 0.040| 8.812| 0.015| 2.595| 0.007| 2.30e-03| 0.007| 3.820| 0.303|                |  0|KCat|Sloan|Simbad|293.51792|+45.27053
293.5384167|+45.2025000| 8957543|19340922+4512090|4672.0| 0.280| 0.025| 37.134| 4.032|RC      | 1.0102| 1.554| 0.076|11.960| 0.022| 2.474| 0.010| 1.28e-03| 0.008| 3.366| 0.302|                |  1|KCat|Sloan|Simbad|293.53842|+45.20250
293.5932083|+45.2090278| 8957693|19342237+4512325|4918.0|-0.004|-0.021|136.536|10.820|RGB     | 1.0198| 1.548| 0.033| 6.147| 0.011| 3.051| 0.007| 9.40e-03| 0.007| 3.349| 0.296|                |  0|KCat|Sloan|Simbad|293.59321|+45.20903
293.6753750|+45.2825278| 8957928|19344209+4516571|4702.7| 0.138| 0.034| 34.261| 4.077|RC      | 1.0008| 1.223| 0.077|11.028| 0.023| 2.440| 0.010| 1.29e-03| 0.008| 3.622| 0.436|                |  0|KCat|Sloan|Simbad|293.67537|+45.28253
293.6827500|+45.2233611| 8957944|19344386+4513241|4905.7|-0.008| 0.022|113.392| 9.459|RGB     | 1.0225| 1.496| 0.035| 6.636| 0.012| 2.969| 0.007| 7.22e-03| 0.007| 3.405| 0.218|                |  0|KCat|Sloan|Simbad|293.68275|+45.22336
293.7185000|+45.2150833| 8958065|19345244+4512543|4807.3|-0.183| 0.045| 64.166| 6.366|RGB     | 1.0318| 1.237| 0.039| 8.059| 0.014| 2.718| 0.007| 3.33e-03| 0.007| 3.662| 0.322|                |  0|KCat|Sloan|Simbad|293.71850|+45.21508
294.0940833|+45.2831667| 8959259|19362258+4516594|4722.8| 0.298| 0.004| 75.127| 6.836|RGB     | 1.0300| 1.463| 0.038| 8.139| 0.014| 2.782| 0.007| 3.83e-03| 0.007| 3.534| 0.350|                |  1|KCat|Sloan|Simbad|294.09408|+45.28317
294.1780417|+45.2315833| 8959538|19364273+4513537|4575.5| 0.332| 0.025| 32.138| 3.928|RC      | 1.0044| 1.108| 0.078|10.916| 0.023| 2.407| 0.010| 1.20e-03| 0.008| 3.756| 0.316|                |  0|KCat|Sloan|Simbad|294.17804|+45.23158
294.3400833|+45.2000278| 8960083|19372162+4512001|4861.0|-0.005|-0.002| 99.710| 8.469|RGB     | 1.0237| 1.555| 0.036| 7.229| 0.013| 2.911| 0.007| 5.80e-03| 0.007| 3.347| 0.202|                |  0|KCat|Sloan|Simbad|294.34008|+45.20003
294.6704167|+45.2307778| 8961152|19384090+4513508|4512.0| 0.148| 0.003| 34.736| 3.985|RGB     | 1.0404| 1.123| 0.042|10.607| 0.016| 2.437| 0.007| 1.33e-03| 0.007| 3.903| 0.452|                |  0|KCat|Sloan|Simbad|294.67042|+45.23078
294.9787083|+45.2999722| 8962109|19395489+4517599|4894.6|-0.279| 0.041|137.335|11.892|RGB     | 1.0220| 1.063| 0.033| 5.084| 0.011| 3.052| 0.007| 1.14e-02| 0.007| 3.858| 0.269|                |  0|KCat|Sloan|Simbad|294.97871|+45.29997
295.2158333|+45.2198611| 8962844|19405180+4513115|4791.4| 0.048| 0.009| 41.617| 4.516|RC      | 0.9924| 1.550| 0.074|11.212| 0.021| 2.529| 0.010| 1.55e-03| 0.008| 3.324| 0.321|                |  1|KCat|Sloan|Simbad|295.21583|+45.21986
295.2368333|+45.2680556| 8962923|19405684+4516050|5052.0|-0.056|-0.020| 80.716| 6.898|RC      | 1.0026| 2.158| 0.056| 9.376| 0.013| 2.828| 0.008| 3.69e-03| 0.008| 3.018| 0.239|                |  1|KCat|Sloan|Simbad|295.23683|+45.26806
295.5495417|+45.2788333| 8963972|19421189+4516438|4647.4| 0.193|-0.024| 31.106| 3.808|RC      | 1.0060| 1.158| 0.079|11.294| 0.024| 2.396| 0.010| 1.13e-03| 0.008| 3.696| 0.441|                |  0|KCat|Sloan|Simbad|295.54954|+45.27883
295.6192500|+45.2577778| 8964218|19422862+4515280|4419.2| 0.326| 0.006| 31.198| 3.580|RGB     | 1.0409| 1.209| 0.042|11.673| 0.016| 2.386| 0.007| 1.07e-03| 0.008| 3.832| 0.242|                |  1|KCat|Sloan|Simbad|295.61925|+45.25778
297.9390417|+45.2097500| 8973228|19514537+4512351|4697.2| 0.006| 0.037| 50.170| 5.317|RGB     | 1.0364| 1.153| 0.040| 8.851| 0.015| 2.606| 0.007| 2.34e-03| 0.007| 3.829| 0.728|                |  0|KCat|Sloan|Simbad|297.93904|+45.20975
298.0457500|+45.2915556| 8973815|19521098+4517296|4958.1|-0.211| 0.020| 87.371| 7.726|RGB     | 1.0238| 1.555| 0.037| 7.686| 0.013| 2.858| 0.007| 4.83e-03| 0.007| 3.289| 0.228|                |  0|KCat|Sloan|Simbad|298.04575|+45.29156
298.6413750|+45.2084444| 8976283|19543393+4512304|4382.5|-0.357| 0.015|  5.818| 0.928|RGB     | 1.0232| 1.840| 0.044|33.413| 0.017| 1.655| 0.007| 6.96e-05| 0.008| 3.042| 0.821|                |  0|KCat|Sloan|Simbad|298.64137|+45.20844
300.1570833|+45.2320000| 8981783|20003770+4513552|4806.7| 0.251| 0.024|181.212|13.977|RGB     | 1.0196| 1.257| 0.030| 4.835| 0.010| 3.168| 0.007| 1.57e-02| 0.006| 3.752| 0.715|                |  0|KCat|Sloan|Simbad|300.15708|+45.23200
300.7028333|+45.2232222| 8983847|20024868+4513236|4857.2| 0.258| 0.011|217.489|16.447|RGB     | 1.0178| 1.160| 0.028| 4.228| 0.009| 3.250| 0.007| 2.16e-02| 0.006| 3.876| 0.709|                |  0|KCat|Sloan|Simbad|300.70283|+45.22322
300.7574167|+45.2712222| 8984044|20030178+4516164|4718.4| 0.121| 0.000| 36.302| 4.143|RC      | 0.9967| 1.395| 0.076|11.433| 0.022| 2.466| 0.010| 1.32e-03| 0.008| 3.462| 0.370|                |  0|KCat|Sloan|Simbad|300.75742|+45.27122
300.8387083|+45.2218611| 8984355|20032129+4513187|4795.4| 0.296| 0.008|187.280|14.357|RGB     | 1.0194| 1.243| 0.029| 4.733| 0.010| 3.182| 0.007| 1.65e-02| 0.006| 3.779| 0.521|                |  0|KCat|Sloan|Simbad|300.83871|+45.22186
301.0117500|+45.2860833| 8984984|20040282+4517099|4298.9| 0.234|-0.021| 10.245| 1.457|RGB     | 1.0380| 1.515| 0.044|22.960| 0.017| 1.897| 0.007| 1.77e-04| 0.008| 3.468| 1.845|                |  0|KCat|Sloan|Simbad|301.01175|+45.28608
301.0833333|+45.2255278| 8985207|20042000+4513319|4117.8| 0.050| 0.043|  6.491| 1.085|RGB     | 1.0429| 1.154| 0.044|25.449| 0.017| 1.689| 0.007| 9.89e-05| 0.008| 3.829| 1.855|                |  0|KCat|Sloan|Simbad|301.08333|+45.22553
301.0933333|+45.2183889| 8985246|20042240+4513062|4126.8| 0.212|-0.007|  7.189| 1.123|RGB     | 1.0383| 1.394| 0.044|26.558| 0.017| 1.734| 0.007| 1.05e-04| 0.008| 3.592| 2.042|SeisUnc         |  0|KCat|Sloan|Simbad|301.09333|+45.21839
283.2543333|+45.3037500| 9002344|18530104+4518135|4753.8|-0.041| 0.004| 43.333| 4.386|AMB     | 1.0206| 1.738| 0.110|11.658| 0.043| 2.545| 0.009| 1.55e-03| 0.010| 3.201| 0.134|                |  1|KCat|Sloan|Simbad|283.25433|+45.30375
283.3702500|+45.3078611| 9002577|18532886+4518283|4567.8|-0.649| 0.131| 10.584| 1.680|RGB     | 1.0416| 1.020| 0.044|18.255| 0.017| 1.924| 0.007| 2.36e-04| 0.008| 3.804| 0.103|                |  0|KCat|Sloan|Simbad|283.37025|+45.30786
283.4705833|+45.3590556| 9002777|18535294+4521326|4290.9|-0.155| 0.032|  6.170| 1.094|RGB     | 1.0450| 1.011| 0.044|24.170| 0.017| 1.676| 0.007| 1.01e-04| 0.008| 3.963| 0.155|SeisUnc         |  0|KCat|Sloan|Simbad|283.47058|+45.35906
283.4892083|+45.3078333| 9002805|18535741+4518282|5013.7| 0.041| 0.009| 65.439| 5.909|RC      | 1.0056| 2.087| 0.063|10.259| 0.016| 2.735| 0.009| 2.73e-03| 0.008| 3.053| 0.068|                |  0|KCat|Sloan|Simbad|283.48921|+45.30783
283.5240833|+45.3465000| 9002884|18540578+4520474|4174.9|-0.237| 0.167|  4.699| 0.885|RGB     | 1.0417| 1.011| 0.044|27.893| 0.017| 1.552| 0.007| 6.56e-05| 0.008| 3.934| 0.070|SeisUnc         |  1|KCat|Sloan|Simbad|283.52408|+45.34650
283.9250417|+45.3158056| 9003765|18554201+4518569|4580.4| 0.071| 0.080| 59.198| 6.046|RGB     | 1.0364| 1.091| 0.040| 7.975| 0.014| 2.672| 0.007| 3.03e-03| 0.007| 3.932| 0.010|                |  1|KCat|Sloan|Simbad|283.92504|+45.31581
284.3042083|+45.3853889| 9004448|18571301+4523074|4627.3| 0.122| 0.014| 26.881| 3.510|RC      | 1.0022| 1.044| 0.081|11.553| 0.025| 2.331| 0.010| 9.55e-04| 0.008| 3.779| 0.030|                |  1|KCat|Sloan|Simbad|284.30421|+45.38539
284.5096667|+45.3077778| 9004818|18580232+4518280|4747.5| 0.102| 0.015| 73.189| 6.626|RGB     | 1.0282| 1.556| 0.038| 8.492| 0.014| 2.772| 0.007| 3.58e-03| 0.007| 3.390| 0.099|                |  0|KCat|Sloan|Simbad|284.50967|+45.30778
285.6353333|+45.3653889| 9007080|19023248+4521554|4634.8| 0.214| 0.004| 34.461| 4.001|RC      | 0.9957| 1.340| 0.077|11.554| 0.023| 2.440| 0.010| 1.23e-03| 0.008| 3.531| 0.073|                |  0|KCat|Sloan|Simbad|285.63533|+45.36539
285.9331250|+45.3173056| 9007718|19034395+4519023|4624.8| 0.309| 0.022| 34.529| 4.000|RC      | 1.0021| 1.312| 0.077|11.426| 0.023| 2.440| 0.010| 1.24e-03| 0.008| 3.574| 0.170|                |  1|KCat|Sloan|Simbad|285.93312|+45.31731
286.0825417|+45.3941944| 9008090|19041981+4523391|4809.5| 0.032| 0.038| 36.896| 4.299|RC      | 1.0011| 1.276| 0.076|10.796| 0.022| 2.477| 0.010| 1.43e-03| 0.008| 3.550| 0.127|                |  0|KCat|Sloan|Simbad|286.08254|+45.39419
286.1604583|+45.3336944| 9008236|19043851+4520013|4536.2|-0.047| 0.032| 23.427| 2.967|RGB     | 1.0424| 1.122| 0.043|12.890| 0.016| 2.267| 0.007| 7.38e-04| 0.008| 3.843| 0.081|                |  0|KCat|Sloan|Simbad|286.16046|+45.33369
286.1792917|+45.3997500| 9008270|19044303+4523591|4796.9| 0.040| 0.058| 34.296| 3.987|RC      | 0.9927| 1.428| 0.077|11.853| 0.023| 2.445| 0.010| 1.21e-03| 0.008| 3.426| 0.030|                |  1|KCat|Sloan|Simbad|286.17929|+45.39975
286.6058750|+45.3326667| 9009158|19062541+4519576|4697.2| 0.054| 0.014| 27.000| 3.108|RC      | 1.0054| 1.738| 0.081|14.813| 0.025| 2.337| 0.010| 7.54e-04| 0.008| 3.208| 0.046|                |  0|KCat|Sloan|Simbad|286.60587|+45.33267
286.6142500|+45.3782222| 9009175|19062742+4522416|4639.7| 0.252| 0.044| 33.383| 4.063|RC      | 1.0046| 1.107| 0.078|10.668| 0.023| 2.426| 0.010| 1.29e-03| 0.008| 3.746| 0.162|                |  0|KCat|Sloan|Simbad|286.61425|+45.37822
286.7093333|+45.3463889| 9009403|19065024+4520470|4569.3|-0.144| 0.009| 12.602| 1.805|RGB     | 1.0395| 1.303| 0.044|18.906| 0.016| 2.000| 0.007| 2.72e-04| 0.008| 3.590| 0.164|                |  0|KCat|Sloan|Simbad|286.70933|+45.34639
286.8827917|+45.3503056| 9009805|19073187+4521011|4786.3|-0.227| 0.065| 50.114| 5.210|RGB     | 1.0333| 1.297| 0.040| 9.349| 0.015| 2.609| 0.007| 2.24e-03| 0.007| 3.560| 0.080|                |  1|KCat|Sloan|Simbad|286.88279|+45.35031
286.9526667|+45.3610556| 9009957|19074864+4521398|4884.1|-0.047| 0.035|179.790|14.320|RGB     | 1.0186| 1.146| 0.030| 4.616| 0.010| 3.169| 0.007| 1.64e-02| 0.006| 3.805| 0.163|                |  0|KCat|Sloan|Simbad|286.95267|+45.36106
288.2381667|+45.3957222| 9012783|19125716+4523446|4512.6| 0.249| 0.015| 36.290| 4.059|RGB     | 1.0397| 1.194| 0.042|10.697| 0.015| 2.456| 0.007| 1.37e-03| 0.007| 3.837| 0.224|                |  1|KCat|Sloan|Simbad|288.23817|+45.39572
289.5153333|+45.3330833| 9015765|19180368+4519591|4787.9|-0.251| 0.069| 37.158| 4.096|RGB     | 1.0340| 1.380| 0.041|11.201| 0.015| 2.480| 0.007| 1.38e-03| 0.007| 3.472| 0.303|                |  0|KCat|Sloan|Simbad|289.51533|+45.33308
289.7854167|+45.3530833| 9016455|19190850+4521111|5076.5| 0.076|-0.026| 80.162| 6.693|RC      | 0.9990| 2.437| 0.056| 9.984| 0.013| 2.826| 0.008| 3.45e-03| 0.008| 2.896| 0.306|                |  0|KCat|Sloan|Simbad|289.78542|+45.35308
289.9657917|+45.3383333| 9016901|19195179+4520180|4998.1|-0.670| 0.254| 28.085| 4.087|RC      | 0.9858| 0.777| 0.080| 9.562| 0.024| 2.367| 0.010| 1.25e-03| 0.008| 3.942| 0.021|                |  0|KCat|Sloan|Simbad|289.96579|+45.33833
290.3876667|+45.3770000| 9018004|19213304+4522372|4934.6|-0.272| 0.058| 31.450| 4.154|RC      | 0.9945| 0.968| 0.079|10.120| 0.024| 2.414| 0.010| 1.32e-03| 0.008| 3.782| 0.266|                |  0|KCat|Sloan|Simbad|290.38767|+45.37700
290.6998333|+45.3831389| 9018909|19224796+4522593|4700.4| 0.024| 0.028| 72.266| 7.079|RGB     | 1.0339| 1.108| 0.038| 7.229| 0.014| 2.764| 0.007| 4.14e-03| 0.007| 3.895| 0.274|                |  0|KCat|Sloan|Simbad|290.69983|+45.38314
291.0655833|+45.3815278| 9019877|19241574+4522535|4834.7|-0.027| 0.004| 65.215| 6.032|RGB     | 1.0271| 1.655| 0.039| 9.235| 0.014| 2.726| 0.007| 2.96e-03| 0.007| 3.257| 0.202|                |  0|KCat|Sloan|Simbad|291.06558|+45.38153
291.2756667|+45.3556111| 9020419|19250616+4521202|4974.0|-0.360| 0.068| 33.603| 4.159|RC      | 0.9967| 1.178| 0.078|10.778| 0.023| 2.444| 0.010| 1.33e-03| 0.008| 3.553| 0.237|                |  0|KCat|Sloan|Simbad|291.27567|+45.35561
291.4568333|+45.3774722| 9020943|19254964+4522389|4925.6|-0.229| 0.091| 32.295| 4.140|RC      | 0.9974| 1.047| 0.078|10.389| 0.023| 2.425| 0.010| 1.32e-03| 0.008| 3.700| 0.242|                |  0|KCat|Sloan|Simbad|291.45683|+45.37747
291.5613750|+45.3917222| 9021204|19261473+4523302|4140.9| 0.260| 0.016|  8.092| 1.248|RGB     | 1.0415| 1.295| 0.044|24.104| 0.017| 1.786| 0.007| 1.30e-04| 0.008| 3.717| 0.263|SeisUnc         |  0|KCat|Sloan|Simbad|291.56137|+45.39172
291.6437917|+45.3013889| 9021464|19263451+4518050|4884.3|-0.153| 0.033| 58.783| 4.469|RC      |       |      |      |      |      | 2.683| 0.009|         |      |      | 0.154|No Fdnu         |  0|KCat|Sloan|Simbad|291.64379|+45.30139
291.7152917|+45.3586944| 9021671|19265167+4521313|4714.6|-0.228| 0.078| 43.149| 4.852|RGB     | 1.0379| 1.057| 0.041| 9.132| 0.015| 2.541| 0.007| 1.96e-03| 0.007| 3.868| 0.196|                |  0|KCat|Sloan|Simbad|291.71529|+45.35869
291.7559167|+45.3023889| 9021799|19270142+4518086|4860.3|-0.157| 0.039| 34.862| 4.140|RC      | 1.0004| 1.275| 0.077|11.073| 0.023| 2.455| 0.010| 1.32e-03| 0.008| 3.506| 0.194|                |  0|KCat|Sloan|Simbad|291.75592|+45.30239
292.7419167|+45.3674167| 9024483|19305806+4522027|4707.1| 0.136| 0.033| 33.443| 3.958|RC      | 0.9999| 1.287| 0.078|11.450| 0.023| 2.430| 0.010| 1.21e-03| 0.008| 3.559| 0.237|                |  1|KCat|Sloan|Simbad|292.74192|+45.36742
292.8101250|+45.3603333| 9024667|19311443+4521372|4571.5| 0.245| 0.025| 25.429| 3.523|RC      | 0.9952| 0.879| 0.081|10.933| 0.025| 2.305| 0.010| 9.49e-04| 0.008| 3.972| 0.192|                |  1|KCat|Sloan|Simbad|292.81012|+45.36033
292.9344583|+45.3556111| 9025029|19314427+4521202|4887.4|-0.095| 0.025| 40.500| 4.442|RC      | 0.9996| 1.527| 0.074|11.226| 0.021| 2.521| 0.010| 1.52e-03| 0.008| 3.297| 0.130|                |  1|KCat|Sloan|Simbad|292.93446|+45.35561
293.0034167|+45.3859722| 9025216|19320082+4523095|4921.2|-0.330| 0.089| 31.481| 4.092|RC      | 0.9944| 1.028| 0.079|10.428| 0.024| 2.413| 0.010| 1.28e-03| 0.008| 3.702| 0.223|                |  0|KCat|Sloan|Simbad|293.00342|+45.38597
293.0259167|+45.3725278| 9025278|19320622+4522211|4986.1|-0.308| 0.064|227.852|17.644|RGB     | 1.0164| 1.053| 0.028| 3.910| 0.009| 3.276| 0.007| 2.48e-02| 0.006| 3.863| 0.062|                |  0|KCat|Sloan|Simbad|293.02592|+45.37253
293.0865417|+45.3438056| 9025447|19322077+4520377|4706.5| 0.049| 0.022| 31.477| 3.848|RC      | 0.9943| 1.229| 0.079|11.531| 0.024| 2.404| 0.010| 1.13e-03| 0.008| 3.600| 0.271|                |  0|KCat|Sloan|Simbad|293.08654|+45.34381
293.1047500|+45.3925556| 9025498|19322514+4523332|4623.3| 0.089| 0.009| 57.684| 5.918|RGB     | 1.0361| 1.116| 0.040| 8.153| 0.015| 2.663| 0.007| 2.90e-03| 0.007| 3.897| 0.192|                |  0|KCat|Sloan|Simbad|293.10475|+45.39256
293.2546667|+45.3675278| 9025882|19330112+4522031|4652.9| 0.241| 0.022| 33.951| 4.125|RC      | 1.0049| 1.100| 0.077|10.536| 0.023| 2.434| 0.010| 1.33e-03| 0.008| 3.750| 0.297|                |  1|KCat|Sloan|Simbad|293.25467|+45.36753
293.3610417|+45.3299444| 9026209|19332665+4519478|4243.5| 0.227|-0.028|  8.832| 1.345|RGB     | 1.0415| 1.293| 0.044|22.919| 0.017| 1.829| 0.007| 1.52e-04| 0.008| 3.707| 0.429|                |  1|KCat|Sloan|Simbad|293.36104|+45.32994
293.4011250|+45.3346389| 9026308|19333627+4520047|4883.9|-0.208| 0.043| 35.341| 4.261|RC      | 0.9928| 1.229| 0.077|10.785| 0.023| 2.462| 0.010| 1.38e-03| 0.008| 3.528| 0.417|                |  0|KCat|Sloan|Simbad|293.40112|+45.33464
293.7468333|+45.3044722| 9027245|19345924+4518161|4617.8|-0.174| 0.151| 49.415| 5.401|RGB     | 1.0383| 1.001| 0.040| 8.346| 0.015| 2.595| 0.007| 2.43e-03| 0.007| 3.987| 0.130|                |  1|KCat|Sloan|Simbad|293.74683|+45.30447
293.8782500|+45.3523056| 9027635|19353078+4521083|4635.4|-0.339| 0.207| 52.787| 5.687|RGB     | 1.0377| 1.001| 0.040| 8.067| 0.015| 2.625| 0.007| 2.69e-03| 0.007| 3.943| 0.117|                |  0|KCat|Sloan|Simbad|293.87825|+45.35231
293.8840833|+45.3080833| 9027654|19353218+4518291|4588.0| 0.311| 0.008| 34.185| 3.996|AMB     | 1.0233| 1.164| 0.106|10.833| 0.075| 2.434| 0.010| 1.29e-03| 0.010| 3.819| 0.415|                |  0|KCat|Sloan|Simbad|293.88408|+45.30808
293.9611250|+45.3883889| 9027871|19355067+4523182|4650.2| 0.193|-0.025| 42.293| 4.322|RGB     | 1.0328| 1.579| 0.041|11.312| 0.015| 2.529| 0.007| 1.54e-03| 0.007| 3.388| 0.270|                |  1|KCat|Sloan|Simbad|293.96112|+45.38839
294.1111250|+45.3440278| 9028321|19362667+4520385|4659.9| 0.143| 0.014| 46.365| 4.727|RGB     | 1.0336| 1.455| 0.041|10.364| 0.015| 2.570| 0.007| 1.84e-03| 0.007| 3.512| 0.305|                |  1|KCat|Sloan|Simbad|294.11112|+45.34403
294.1714167|+45.3273889| 9028511|19364114+4519386|4774.5|-0.170| 0.176| 29.525| 4.007|RC      | 0.9987| 0.866| 0.079| 9.959| 0.024| 2.379| 0.010| 1.24e-03| 0.008| 3.913| 0.231|                |  1|KCat|Sloan|Simbad|294.17142|+45.32739
294.2220417|+45.3435278| 9028697|19365329+4520367|4675.3| 0.081| 0.005| 59.295| 5.932|RGB     | 1.0346| 1.228| 0.040| 8.413| 0.014| 2.677| 0.007| 2.91e-03| 0.007| 3.742| 0.195|                |  1|KCat|Sloan|Simbad|294.22204|+45.34353
294.2810417|+45.3186389| 9028880|19370745+4519071|4538.3|-0.011| 0.087| 43.326| 4.801|RGB     | 1.0391| 1.050| 0.041| 9.167| 0.015| 2.535| 0.007| 1.92e-03| 0.007| 3.960| 0.157|                |  0|KCat|Sloan|Simbad|294.28104|+45.31864
294.3107500|+45.3194722| 9028967|19371458+4519101|4794.9|-0.088| 0.035| 34.176| 4.039|RC      | 0.9994| 1.305| 0.077|11.353| 0.023| 2.443| 0.010| 1.26e-03| 0.008| 3.494| 0.315|                |  0|KCat|Sloan|Simbad|294.31075|+45.31947
294.3882083|+45.3399722| 9029195|19373317+4520239|4761.2| 0.200|-0.010| 41.833| 4.579|RC      | 1.0009| 1.425| 0.074|10.741| 0.021| 2.530| 0.010| 1.62e-03| 0.008| 3.447| 0.223|SeisUnc         |  1|KCat|Sloan|Simbad|294.38821|+45.33997
294.5136667|+45.3854722| 9029603|19380328+4523077|4945.2| 0.342|-0.016|141.423|10.801|RGB     | 1.0185| 1.756| 0.033| 6.423| 0.011| 3.067| 0.007| 9.34e-03| 0.007| 3.257| 0.164|                |  1|KCat|Sloan|Simbad|294.51367|+45.38547
294.7385833|+45.3872778| 9030294|19385726+4523142|4803.7| 0.007| 0.009| 41.210| 4.501|RC(S)   | 0.9992| 1.488| 0.074|11.035| 0.021| 2.525| 0.010| 1.56e-03| 0.008| 3.354| 0.514|                |  0|KCat|Sloan|Simbad|294.73858|+45.38728
295.2461667|+45.3372778| 9031798|19405908+4520142|4841.2|-0.112| 0.009|111.004| 9.884|RGB     | 1.0256| 1.141| 0.035| 5.875| 0.012| 2.957| 0.007| 7.93e-03| 0.007| 3.780| 0.276|                |  0|KCat|Sloan|Simbad|295.24617|+45.33728
295.5153750|+45.3665833| 9032691|19420369+4521597|4830.3|-0.077| 0.026| 35.007| 4.074|RC      | 0.9919| 1.412| 0.077|11.645| 0.023| 2.456| 0.010| 1.26e-03| 0.008| 3.415| 0.308|                |  1|KCat|Sloan|Simbad|295.51537|+45.36658
295.5238750|+45.3750556| 9032713|19420573+4522302|5089.1|-0.288| 0.070| 48.507| 4.829|RC      | 1.0022| 1.975| 0.071|11.549| 0.020| 2.609| 0.009| 1.81e-03| 0.008| 3.030| 0.513|                |  0|KCat|Sloan|Simbad|295.52387|+45.37506
296.0517083|+45.3916389| 9034557|19441241+4523299|4771.6| 0.243| 0.000| 42.447| 4.349|RC      | 1.0161| 1.728| 0.073|11.736| 0.021| 2.537| 0.010| 1.51e-03| 0.008| 3.252| 0.353|                |  1|KCat|Sloan|Simbad|296.05171|+45.39164
298.5382500|+45.3730556| 9045025|19540918+4522230|4535.9| 0.236| 0.079| 58.971| 6.073|RGB     | 1.0384| 1.035| 0.040| 7.805| 0.014| 2.668| 0.007| 3.07e-03| 0.007| 4.061| 0.589|                |  0|KCat|Sloan|Simbad|298.53825|+45.37306
299.5058333|+45.3729167| 9048555|19580140+4522225|4212.6| 0.211| 0.046|  6.874| 1.048|RGB     | 1.0328| 1.690| 0.044|29.751| 0.017| 1.719| 0.007| 9.04e-05| 0.008| 3.301| 1.228|SeisUnc         |  0|KCat|Sloan|Simbad|299.50583|+45.37292
299.6589583|+45.3171944| 9049147|19583815+4519019|4831.4| 0.095|-0.037| 90.267| 7.845|RGB     | 1.0258| 1.540| 0.037| 7.572| 0.013| 2.867| 0.007| 5.00e-03| 0.007| 3.398| 0.625|                |  0|KCat|Sloan|Simbad|299.65896|+45.31719
299.7068333|+45.3486111| 9049302|19584964+4520550|3982.3| 0.017| 0.109|  3.910| 0.712|RGB     | 1.0350| 1.333| 0.044|35.527| 0.017| 1.462| 0.007| 4.19e-05| 0.008| 3.614| 1.435|                |  0|KCat|Sloan|Simbad|299.70683|+45.34861
300.2954583|+45.3429722| 9051516|20011091+4520347|4372.3| 0.149| 0.054| 14.825| 2.056|RGB     | 1.0447| 1.158| 0.043|16.615| 0.016| 2.061| 0.007| 3.56e-04| 0.008| 3.859| 1.293|                |  0|KCat|Sloan|Simbad|300.29546|+45.34297
283.0254167|+45.4816667| 9071153|18520610+4528540|4754.3| 0.143| 0.007|116.011| 9.980|RGB     | 1.0261| 1.217| 0.035| 5.962| 0.012| 2.972| 0.007| 8.10e-03| 0.007| 3.775| 0.123|                |  0|KCat|Sloan|Simbad|283.02542|+45.48167
283.0781667|+45.4275556| 9071238|18521876+4525392|4563.7| 0.046| 0.069| 51.625| 5.415|RGB     | 1.0373| 1.114| 0.040| 8.641| 0.015| 2.612| 0.007| 2.44e-03| 0.007| 3.887| 0.102|                |  1|KCat|Sloan|Simbad|283.07817|+45.42756
283.2406667|+45.4055278| 9071489|18525776+4524199|4932.2|-0.384| 0.221| 28.973| 3.694|RC      | 1.0104| 1.134| 0.080|11.413| 0.024| 2.378| 0.010| 1.08e-03| 0.008| 3.591| 0.192|                |  0|KCat|Sloan|Simbad|283.24067|+45.40553
283.3207500|+45.4805000| 9071650|18531698+4528498|4832.1| 0.197| 0.016| 50.316| 4.911|RC      | 1.0050| 1.884| 0.070|11.220| 0.019| 2.613| 0.009| 1.88e-03| 0.008| 3.166| 0.158|                |  0|KCat|Sloan|Simbad|283.32075|+45.48050
283.4383333|+45.4915556| 9071895|18534520+4529296|4823.2| 0.074| 0.034| 25.078| 3.779|RC(S)   | 0.9940| 0.694| 0.082| 9.649| 0.025| 2.310| 0.010| 1.09e-03| 0.008| 4.127| 0.119|                |  0|KCat|Sloan|Simbad|283.43833|+45.49156
283.6356250|+45.4938056| 9072262|18543255+4529377|4708.3|-0.668| 0.213| 38.188| 4.517|RGB     | 1.0391| 0.969| 0.041| 9.296| 0.015| 2.488| 0.007| 1.70e-03| 0.007| 3.884| 0.000|                |  1|KCat|Sloan|Simbad|283.63562|+45.49381
284.5484583|+45.4976111| 9073950|18581163+4529514|5023.2|-0.088| 0.015|       |      |REJECT  |       |      |      |      |      |      |      |         |      |      |      |No Seis         |  0|KCat|Sloan|Simbad|284.54846|+45.49761
284.6440417|+45.4600278| 9074137|18583457+4527361|4893.3|-0.012| 0.033|156.693|12.852|RGB     | 1.0208| 1.162| 0.031| 4.978| 0.011| 3.109| 0.007| 1.33e-02| 0.007| 3.784| 0.153|                |  0|KCat|Sloan|Simbad|284.64404|+45.46003
285.2768750|+45.4051944| 9075225|19010645+4524187|4772.7|-0.021|-0.012| 55.926| 5.390|RGB     | 1.0298| 1.588| 0.040| 9.802| 0.015| 2.656| 0.007| 2.38e-03| 0.007| 3.319| 0.026|                |  1|KCat|Sloan|Simbad|285.27687|+45.40519
285.6642083|+45.4605833| 9075872|19023941+4527381|4964.6|-0.326| 0.092|156.900|13.168|RGB     | 1.0196| 1.087| 0.031| 4.794| 0.011| 3.113| 0.007| 1.39e-02| 0.007| 3.787| 0.003|                |  1|KCat|Sloan|Simbad|285.66421|+45.46058
285.8102917|+45.4568333| 9076149|19031447+4527246|4755.4|-0.169| 0.109| 29.816| 3.871|RC      | 0.9934| 1.039| 0.079|10.866| 0.024| 2.382| 0.010| 1.14e-03| 0.008| 3.732| 0.062|                |  0|KCat|Sloan|Simbad|285.81029|+45.45683
286.0490000|+45.4130833| 9076584|19041176+4524471|4955.4|-0.101| 0.012|150.429|12.134|RGB     | 1.0198| 1.324| 0.032| 5.406| 0.011| 3.094| 0.007| 1.18e-02| 0.007| 3.555| 0.022|                |  0|KCat|Sloan|Simbad|286.04900|+45.41308
286.2075000|+45.4890833| 9076843|19044980+4529207|4274.1| 0.276| 0.110|       |      |REJECT  |       |      |      |      |      |      |      |         |      |      |      |No Seis         |  0|KCat|Sloan|Simbad|286.20750|+45.48908
286.5405000|+45.4620833| 9077453|19060972+4527435|4906.4|-0.152| 0.035|164.617|13.282|RGB     | 1.0192| 1.194| 0.031| 4.919| 0.011| 3.131| 0.007| 1.42e-02| 0.007| 3.708| 0.026|                |  0|KCat|Sloan|Simbad|286.54050|+45.46208
286.5671667|+45.4865833| 9077501|19061612+4529117|4719.3|-0.069| 0.118| 29.965| 3.915|RC      | 0.9998| 0.972| 0.079|10.504| 0.024| 2.383| 0.010| 1.18e-03| 0.008| 3.823| 0.089|                |  0|KCat|Sloan|Simbad|286.56717|+45.48658
286.7580417|+45.4187500| 9077844|19070193+4525075|4677.6| 0.451| 0.012| 47.428| 4.721|RC      | 1.0042| 1.767| 0.071|11.282| 0.020| 2.580| 0.009| 1.74e-03| 0.008| 3.265| 0.137|                |  1|KCat|Sloan|Simbad|286.75804|+45.41875
287.8961667|+45.4528056| 9079904|19113508+4527101|4483.7| 0.350|-0.032| 41.338| 4.523|RGB     | 1.0400| 1.133| 0.041| 9.779| 0.015| 2.512| 0.007| 1.71e-03| 0.007| 3.937| 0.152|                |  1|KCat|Sloan|Simbad|287.89617|+45.45281
288.0339583|+45.4933333| 9080175|19120815+4529360|4618.8|-0.337| 0.165| 48.016| 5.352|RGB     | 1.0389| 0.951| 0.040| 8.250| 0.015| 2.583| 0.007| 2.39e-03| 0.007| 4.021| 0.000|                |  1|KCat|Sloan|Simbad|288.03396|+45.49333
288.1100417|+45.4672778| 9080310|19122641+4528022|4035.8|-0.077| 0.177|  3.524| 0.714|RGB     | 1.0372| 0.976| 0.044|31.926| 0.017| 1.419| 0.007| 4.23e-05| 0.008| 4.042| 0.317|                |  0|KCat|Sloan|Simbad|288.11004|+45.46728
288.1589583|+45.4867500| 9080407|19123815+4529123|4753.6|-0.093| 0.017| 45.387| 4.736|RGB     | 1.0337| 1.394| 0.041|10.203| 0.015| 2.565| 0.007| 1.85e-03| 0.007| 3.500| 0.072|                |  1|KCat|Sloan|Simbad|288.15896|+45.48675
288.1867083|+45.4135278| 9080445|19124481+4524487|4882.6|-0.105| 0.011| 39.025| 4.423|RC      | 0.9984| 1.394| 0.075|10.930| 0.022| 2.505| 0.010| 1.51e-03| 0.008| 3.406| 0.096|                |  1|KCat|Sloan|Simbad|288.18671|+45.41353
288.2755417|+45.4413056| 9080606|19130613+4526287|4922.5|-0.165|-0.003|128.347|10.804|RGB     | 1.0217| 1.286| 0.034| 5.777| 0.012| 3.024| 0.007| 9.41e-03| 0.007| 3.601| 0.000|                |  0|KCat|Sloan|Simbad|288.27554|+45.44131
290.0934167|+45.4360556| 9084314|19202242+4526098|4787.1|-0.559| 0.082| 40.835| 4.737|RGB     | 1.0384| 1.007| 0.041| 9.128| 0.015| 2.520| 0.007| 1.87e-03| 0.007| 3.852| 0.202|                |  0|KCat|Sloan|Simbad|290.09342|+45.43606
290.7939583|+45.4557222| 9086060|19231055+4527206|4847.2| 0.044|-0.016| 46.942| 4.738|RC      | 1.0027| 1.792| 0.071|11.320| 0.020| 2.584| 0.009| 1.74e-03| 0.008| 3.181| 0.273|                |  0|KCat|Sloan|Simbad|290.79396|+45.45572
290.8459167|+45.4530000| 9086187|19232302+4527108|4945.0|-0.277| 0.047|109.893| 9.816|RGB     | 1.0245| 1.180| 0.035| 5.973| 0.012| 2.957| 0.007| 7.81e-03| 0.007| 3.696| 0.237|                |  0|KCat|Sloan|Simbad|290.84592|+45.45300
290.8582500|+45.4570000| 9086216|19232598+4527252|4839.2|-0.017| 0.045|112.757| 9.658|RGB     | 1.0244| 1.317| 0.035| 6.263| 0.012| 2.964| 0.007| 7.56e-03| 0.007| 3.598| 0.320|                |  0|KCat|Sloan|Simbad|290.85825|+45.45700
290.9661250|+45.4856389| 9086505|19235187+4529083|4766.5|-0.010| 0.041| 32.399| 4.087|RC      | 1.0021| 1.040| 0.078|10.424| 0.023| 2.419| 0.010| 1.29e-03| 0.008| 3.748| 0.234|                |  0|KCat|Sloan|Simbad|290.96612|+45.48564
291.0210000|+45.4954444| 9086653|19240504+4529436|4603.9| 0.140| 0.079| 30.504| 3.674|RC      | 1.0104| 1.221| 0.079|11.740| 0.024| 2.385| 0.010| 1.06e-03| 0.008| 3.623| 0.296|                |  0|KCat|Sloan|Simbad|291.02100|+45.49544
291.4695000|+45.4813611| 9087870|19255268+4528529|4679.7| 0.026| 0.094| 33.182| 3.999|RC      | 0.9987| 1.202| 0.078|11.122| 0.023| 2.425| 0.010| 1.23e-03| 0.008| 3.623| 0.207|                |  0|KCat|Sloan|Simbad|291.46950|+45.48136
291.5520833|+45.4218056| 9088119|19261250+4525185|4788.9|-0.131| 0.038| 32.153| 3.978|AMB     | 1.0191| 1.072| 0.202|10.600| 0.090| 2.417| 0.010| 1.27e-03| 0.010| 3.818| 0.203|                |  0|KCat|Sloan|Simbad|291.55208|+45.42181
292.9368750|+45.4181389| 9091772|19314485+4525053|5078.7| 0.044|-0.037|113.507| 8.776|RC      | 1.0005| 2.328| 0.047| 8.201| 0.009| 2.977| 0.007| 5.95e-03| 0.008| 2.875| 0.157|                |  0|KCat|Sloan|Simbad|292.93687|+45.41814
293.3887917|+45.4348889| 9093038|19333331+4526056|4594.3| 0.164| 0.078| 30.503| 3.887|RC      | 1.0025| 1.002| 0.079|10.644| 0.024| 2.385| 0.010| 1.17e-03| 0.008| 3.830| 0.347|                |  0|KCat|Sloan|Simbad|293.38879|+45.43489
294.6435000|+45.4937222| 9096899|19383444+4529374|4888.8|-0.166| 0.037| 41.052| 4.530|RC      | 0.9958| 1.493| 0.074|11.024| 0.021| 2.527| 0.010| 1.57e-03| 0.008| 3.322| 0.299|                |  0|KCat|Sloan|Simbad|294.64350|+45.49372
294.8046250|+45.4435278| 9097394|19391311+4526367|4979.5|-0.387| 0.093| 30.002| 4.017|RC      | 0.9895| 0.994| 0.079|10.475| 0.024| 2.395| 0.010| 1.22e-03| 0.008| 3.728| 0.523|                |  0|KCat|Sloan|Simbad|294.80462|+45.44353
295.5337500|+45.4471667| 9099712|19420810+4526498|4852.6|-0.107| 0.029| 33.162| 4.131|RC      | 0.9976| 1.117| 0.078|10.632| 0.023| 2.433| 0.010| 1.31e-03| 0.008| 3.654| 0.474|                |  0|KCat|Sloan|Simbad|295.53375|+45.44717
295.7188750|+45.4464167| 9100325|19425253+4526471|4228.8|-0.067|-0.002|  5.689| 0.954|RGB     | 1.0353| 1.391| 0.044|29.638| 0.017| 1.638| 0.007| 7.53e-05| 0.008| 3.522| 0.497|SeisUnc         |  1|KCat|Sloan|Simbad|295.71887|+45.44642
295.7497500|+45.4043333| 9100438|19425994+4524156|4815.0| 0.164| 0.011| 48.575| 4.809|RC      | 1.0019| 1.859| 0.071|11.351| 0.020| 2.597| 0.009| 1.79e-03| 0.008| 3.172| 0.470|                |  0|KCat|Sloan|Simbad|295.74975|+45.40433
295.7504167|+45.4768611| 9100444|19430010+4528367|4777.8| 0.307| 0.007| 52.410| 5.103|RC      | 1.0015| 1.822| 0.069|10.841| 0.019| 2.628| 0.009| 2.02e-03| 0.008| 3.215| 0.200|                |  1|KCat|Sloan|Simbad|295.75042|+45.47686
295.7806250|+45.4263611| 9100548|19430735+4525349|4864.0|-0.364| 0.128|120.665|10.851|RGB     | 1.0241| 1.022| 0.034| 5.327| 0.012| 2.994| 0.007| 9.53e-03| 0.007| 3.883| 0.148|                |  0|KCat|Sloan|Simbad|295.78062|+45.42636
297.7783750|+45.4378333| 9108045|19510681+4526162|5012.9|-0.035|-0.035| 74.797| 6.619|RC      | 1.0012| 2.013| 0.059| 9.424| 0.014| 2.793| 0.008| 3.39e-03| 0.008| 3.043| 0.351|                |  0|KCat|Sloan|Simbad|297.77837|+45.43783
298.0576667|+45.4370833| 9109244|19521384+4526135|4915.6| 0.057|-0.010|179.634|13.718|RGB     | 1.0183| 1.372| 0.030| 5.045| 0.010| 3.170| 0.007| 1.51e-02| 0.006| 3.563| 0.271|                |  0|KCat|Sloan|Simbad|298.05767|+45.43708
298.1313333|+45.4592500| 9109546|19523152+4527333|4603.4| 0.322| 0.013| 32.468| 3.864|RGB(S)  | 1.0432| 1.058| 0.042|10.595| 0.016| 2.412| 0.007| 1.26e-03| 0.008| 4.039| 0.797|                |  0|KCat|Sloan|Simbad|298.13133|+45.45925
298.1795000|+45.4633611| 9109723|19524308+4527481|4913.7| 0.067|-0.018| 58.611| 5.449|RC      | 1.0144| 1.943| 0.066|10.512| 0.017| 2.683| 0.009| 2.36e-03| 0.008| 3.110| 0.472|                |  0|KCat|Sloan|Simbad|298.17950|+45.46336
298.2726250|+45.4281111| 9110060|19530543+4525412|4445.2| 0.083|-0.026| 10.326| 1.541|RGB     | 1.0410| 1.288| 0.044|20.906| 0.017| 1.907| 0.007| 1.99e-04| 0.008| 3.671| 0.951|SeisUnc         |  0|KCat|Sloan|Simbad|298.27262|+45.42811
298.9324167|+45.4591667| 9112472|19554378+4527330|4857.9| 0.007|-0.005| 46.424| 4.736|RC      | 0.9982| 1.774| 0.072|11.318| 0.020| 2.579| 0.009| 1.73e-03| 0.008| 3.174| 0.992|                |  0|KCat|Sloan|Simbad|298.93242|+45.45917
299.5100000|+45.4708889| 9114414|19580240+4528152|4683.7|-0.050| 0.010| 43.345| 4.552|RGB     | 1.0339| 1.392| 0.041|10.470| 0.015| 2.542| 0.007| 1.71e-03| 0.007| 3.522| 1.495|                |  0|KCat|Sloan|Simbad|299.51000|+45.47089
299.7696667|+45.4765278| 9115334|19590472+4528355|4851.4| 0.211|-0.011| 67.618| 6.091|RGB(S)  | 1.0261| 1.790| 0.039| 9.424| 0.014| 2.742| 0.007| 3.02e-03| 0.007| 3.215| 0.637|                |  0|KCat|Sloan|Simbad|299.76967|+45.47653
300.0620417|+45.4399444| 9116434|20001489+4526238|5002.5| 0.007|-0.011|217.047|15.873|RGB     | 1.0170| 1.393| 0.028| 4.604| 0.009| 3.256| 0.007| 2.01e-02| 0.006| 3.507| 0.496|                |  0|KCat|Sloan|Simbad|300.06204|+45.43994
301.0242917|+45.4153611| 9119915|20040583+4524553|4888.7|-0.236| 0.059|147.806|12.514|RGB     | 1.0209| 1.083| 0.032| 4.949| 0.011| 3.084| 0.007| 1.26e-02| 0.007| 3.826| 0.336|                |  0|KCat|Sloan|Simbad|301.02429|+45.41536
283.6898333|+45.5329167| 9138411|18544556+4531585|4076.5|-0.284| 0.184|  3.603| 0.706|RGB     | 1.0324| 1.126| 0.044|33.813| 0.017| 1.431| 0.007| 4.10e-05| 0.008| 3.758| 0.091|                |  1|KCat|Sloan|Simbad|283.68983|+45.53292
283.7750417|+45.5940278| 9138553|18550601+4535385|4675.1| 0.209| 0.034| 33.722| 4.030|RC      | 1.0007| 1.211| 0.077|11.079| 0.023| 2.432| 0.010| 1.26e-03| 0.008| 3.646| 0.168|                |  0|KCat|Sloan|Simbad|283.77504|+45.59403
284.4732500|+45.5259722| 9139859|18575358+4531335|4603.0| 0.342| 0.017| 71.635| 6.827|RGB     | 1.0344| 1.207| 0.038| 7.616| 0.014| 2.756| 0.007| 3.85e-03| 0.007| 3.839| 0.104|                |  1|KCat|Sloan|Simbad|284.47325|+45.52597
284.5462917|+45.5465556| 9139970|18581111+4532476|4826.9|-0.095| 0.070| 31.762| 4.065|RC      | 1.0007| 1.026| 0.078|10.424| 0.023| 2.413| 0.010| 1.28e-03| 0.008| 3.750| 0.152|                |  0|KCat|Sloan|Simbad|284.54629|+45.54656
284.8834583|+45.5636667| 9140614|18593203+4533492|4635.0| 0.056| 0.056| 55.375| 5.583|RGB     | 1.0349| 1.257| 0.040| 8.827| 0.015| 2.646| 0.007| 2.58e-03| 0.007| 3.705| 0.135|                |  0|KCat|Sloan|Simbad|284.88346|+45.56367
285.2333750|+45.5095000| 9141198|19005601+4530342|4479.9| 0.304| 0.038| 24.759| 3.228|RC(S)   | 1.0084| 1.059| 0.082|12.221| 0.025| 2.289| 0.010| 8.18e-04| 0.008| 3.803| 0.067|                |  0|KCat|Sloan|Simbad|285.23337|+45.50950
285.9666667|+45.5462222| 9142574|19035200+4532464|4784.3|-0.339| 0.200| 27.790| 3.715|RC      | 1.0086| 0.942| 0.080|10.704| 0.024| 2.353| 0.010| 1.08e-03| 0.008| 3.787| 0.048|                |  1|KCat|Sloan|Simbad|285.96667|+45.54622
286.0750833|+45.5411111| 9142768|19041802+4532280|4791.3|-0.109| 0.057| 29.994| 3.821|RC      | 1.0001| 1.098| 0.079|11.115| 0.024| 2.387| 0.010| 1.13e-03| 0.008| 3.672| 0.149|                |  0|KCat|Sloan|Simbad|286.07508|+45.54111
286.5381667|+45.5707778| 9143545|19060916+4534148|4645.1| 0.292| 0.015| 32.867| 3.979|RC      | 1.0035| 1.156| 0.078|10.982| 0.023| 2.420| 0.010| 1.23e-03| 0.008| 3.710| 0.163|                |  0|KCat|Sloan|Simbad|286.53817|+45.57078
286.7079167|+45.5448333| 9143834|19064990+4532414|4450.8|-0.436| 0.207| 15.723| 2.281|RGB     | 1.0463| 0.931| 0.043|14.400| 0.016| 2.090| 0.007| 4.40e-04| 0.008| 4.021| 0.000|                |  1|KCat|Sloan|Simbad|286.70792|+45.54483
286.7280417|+45.5671389| 9143868|19065473+4534017|4689.9| 0.177| 0.000| 34.903| 4.152|RC      | 1.0017| 1.193| 0.077|10.801| 0.023| 2.448| 0.010| 1.34e-03| 0.008| 3.649| 0.075|                |  1|KCat|Sloan|Simbad|286.72804|+45.56714
286.7616667|+45.5031111| 9143924|19070280+4530112|4445.3|-0.053| 0.045|  9.121| 1.609|RGB     | 1.0148| 0.828| 0.044|17.831| 0.017| 1.853| 0.007| 2.06e-04| 0.008| 4.244| 0.129|Ageold, SeisUnc |  1|KCat|Sloan|Simbad|286.76167|+45.50311
287.8008333|+45.5935278| 9145781|19111220+4535367|4900.0| 0.116|-0.019|240.696|17.607|RGB     | 1.0165| 1.219| 0.028| 4.111| 0.009| 3.296| 0.007| 2.47e-02| 0.006| 3.756| 0.050|                |  1|KCat|Sloan|Simbad|287.80083|+45.59353
287.8404167|+45.5997500| 9145861|19112170+4535591|4737.5| 0.373| 0.005|132.099|10.859|RGB     | 1.0248| 1.282| 0.033| 5.739| 0.012| 3.028| 0.007| 9.56e-03| 0.007| 3.748| 0.131|                |  1|KCat|Sloan|Simbad|287.84042|+45.59975
287.8844583|+45.5879167| 9145952|19113227+4535165|4767.2|-0.010| 0.017| 33.465| 4.104|RC      | 1.0005| 1.134| 0.078|10.710| 0.023| 2.433| 0.010| 1.30e-03| 0.008| 3.661| 0.135|                |  1|KCat|Sloan|Simbad|287.88446|+45.58792
287.8855417|+45.5229167| 9145955|19113253+4531225|4947.5|-0.281| 0.040|129.915|10.977|RGB     | 1.0212| 1.264| 0.034| 5.684| 0.012| 3.030| 0.007| 9.70e-03| 0.007| 3.594| 0.000|                |  1|KCat|Sloan|Simbad|287.88554|+45.52292
288.0249583|+45.5196667| 9146245|19120599+4531108|4632.7| 0.245| 0.016| 54.402| 5.273|RGB     | 1.0327| 1.510| 0.040| 9.761| 0.015| 2.638| 0.007| 2.29e-03| 0.007| 3.477| 0.178|                |  1|KCat|Sloan|Simbad|288.02496|+45.51967
288.0913750|+45.5560278| 9146372|19122193+4533217|4672.7| 0.306| 0.004|102.993| 8.959|RGB     | 1.0284| 1.266| 0.036| 6.483| 0.013| 2.917| 0.007| 6.55e-03| 0.007| 3.757| 0.153|                |  0|KCat|Sloan|Simbad|288.09137|+45.55603
288.1232083|+45.5587222| 9146423|19122957+4533314|4403.8| 0.050| 0.073| 18.610| 2.382|RGB     | 1.0406| 1.304| 0.043|15.707| 0.016| 2.161| 0.007| 4.74e-04| 0.008| 3.652| 0.077|                |  1|KCat|Sloan|Simbad|288.12321|+45.55872
288.6126250|+45.5938889| 9147335|19142703+4535380|4861.6| 0.145|-0.001| 49.846| 4.984|RC      | 0.9957| 1.810| 0.070|11.031| 0.019| 2.610| 0.009| 1.90e-03| 0.008| 3.192| 0.168|                |  1|KCat|Sloan|Simbad|288.61262|+45.59389
289.9846667|+45.5078889| 9150095|19195632+4530284|4859.8| 0.154|-0.004|       |      |REJECT  |       |      |      |      |      |      |      |         |      |      |      |No Seis         |  0|KCat|Sloan|Simbad|289.98467|+45.50789
290.0402083|+45.5458056| 9150223|19200965+4532449|4899.4|-0.137| 0.034| 36.586| 4.281|RC      | 0.9966| 1.325| 0.076|10.997| 0.022| 2.478| 0.010| 1.40e-03| 0.008| 3.464| 0.308|                |  0|KCat|Sloan|Simbad|290.04021|+45.54581
290.3647083|+45.5623333| 9151007|19212753+4533444|5056.7|-0.823| 0.293| 33.669| 3.623|RC(S)   | 0.9871| 2.195| 0.078|14.636| 0.023| 2.449| 0.010| 9.87e-04| 0.008| 2.783| 0.152|                |  0|KCat|Sloan|Simbad|290.36471|+45.56233
290.6097500|+45.5423889| 9151578|19222634+4532326|4650.1| 0.014|-0.004| 26.056| 3.112|RC      | 1.0025| 1.547| 0.081|14.265| 0.025| 2.319| 0.010| 7.52e-04| 0.008| 3.316| 0.051|                |  0|KCat|Sloan|Simbad|290.60975|+45.54239
290.6850000|+45.5683333| 9151763|19224440+4534060|4271.7| 0.001| 0.106| 13.854| 1.982|RGB     | 1.0464| 1.050| 0.043|16.458| 0.016| 2.026| 0.007| 3.32e-04| 0.008| 3.978| 0.198|                |  0|KCat|Sloan|Simbad|290.68500|+45.56833
290.8713333|+45.5618611| 9152245|19232912+4533427|4713.8| 0.137| 0.036|128.127|10.998|RGB     | 1.0259| 1.098| 0.034| 5.401| 0.012| 3.014| 0.007| 9.83e-03| 0.007| 3.935| 0.274|                |  0|KCat|Sloan|Simbad|290.87133|+45.56186
292.9029583|+45.5472222| 9157260|19313671+4532500|4866.9|-0.111| 0.109|234.818|18.066|RGB     | 1.0162| 1.012| 0.028| 3.799| 0.009| 3.284| 0.007| 2.60e-02| 0.006| 3.999| 0.000|                |  1|KCat|Sloan|Simbad|292.90296|+45.54722
293.2516250|+45.5579722| 9158119|19330039+4533287|4601.7|-0.475| 0.220| 40.807| 4.774|RGB     | 1.0401| 0.912| 0.041| 8.774| 0.015| 2.512| 0.007| 1.90e-03| 0.007| 4.026| 0.132|                |  0|KCat|Sloan|Simbad|293.25162|+45.55797
293.5785417|+45.5507778| 9158981|19341885+4533028|4714.1| 0.037| 0.001| 45.238| 4.781|RGB     | 1.0355| 1.304| 0.041| 9.905| 0.015| 2.562| 0.007| 1.89e-03| 0.007| 3.652| 0.299|                |  0|KCat|Sloan|Simbad|293.57854|+45.55078
293.6686250|+45.5707222| 9159227|19344047+4534146|4556.9| 0.328| 0.040| 29.588| 3.778|RC      | 1.0057| 0.999| 0.079|10.813| 0.024| 2.370| 0.010| 1.11e-03| 0.008| 3.859| 0.199|                |  1|KCat|Sloan|Simbad|293.66862|+45.57072
293.6815833|+45.5764444| 9159263|19344358+4534352|4829.0|-0.289| 0.196| 29.999| 3.991|RC      | 0.9952| 0.952| 0.079|10.328| 0.024| 2.388| 0.010| 1.22e-03| 0.008| 3.796| 0.242|                |  0|KCat|Sloan|Simbad|293.68158|+45.57644
293.7236250|+45.5857500| 9159375|19345367+4535087|4799.4| 0.063| 0.019| 38.430| 4.387|RC      | 1.0011| 1.326| 0.075|10.787| 0.022| 2.495| 0.010| 1.49e-03| 0.008| 3.506| 0.284|                |  0|KCat|Sloan|Simbad|293.72362|+45.58575
294.1817083|+45.5471944| 9160695|19364361+4532499|4705.9| 0.104| 0.015| 29.472| 3.061|RGB     | 1.0225| 2.250| 0.042|16.127| 0.016| 2.375| 0.007| 7.56e-04| 0.008| 2.891| 0.419|                |  0|KCat|Sloan|Simbad|294.18171|+45.54719
294.2803333|+45.5037222| 9160995|19370728+4530134|4902.3|-0.176| 0.032| 35.178| 4.211|RC      | 0.9960| 1.263| 0.077|10.946| 0.023| 2.461| 0.010| 1.36e-03| 0.008| 3.516| 0.240|                |  0|KCat|Sloan|Simbad|294.28033|+45.50372
294.3026667|+45.5226667| 9161068|19371264+4531216|5031.1|-0.324| 0.021|210.286|15.919|RGB     | 1.0172| 1.262| 0.028| 4.446| 0.009| 3.243| 0.007| 2.03e-02| 0.006| 3.557| 0.011|                |  0|KCat|Sloan|Simbad|294.30267|+45.52267
294.3310000|+45.5399722| 9161150|19371944+4532239|4869.9|-0.196| 0.070| 32.035| 4.146|RC      | 0.9967| 1.001| 0.078|10.231| 0.023| 2.419| 0.010| 1.32e-03| 0.008| 3.754| 0.419|                |  0|KCat|Sloan|Simbad|294.33100|+45.53997
294.4331250|+45.5144444| 9161451|19374395+4530520|4816.2| 0.066| 0.030|121.286|10.512|RGB     | 1.0255| 1.154| 0.034| 5.661| 0.012| 2.995| 0.007| 8.97e-03| 0.007| 3.831| 0.280|                |  0|KCat|Sloan|Simbad|294.43312|+45.51444
295.0529583|+45.5466944| 9163153|19401271+4532481|4684.3| 0.372| 0.059|153.698|12.468|RGB     | 1.0240| 1.145| 0.032| 5.044| 0.011| 3.091| 0.007| 1.26e-02| 0.007| 3.922| 0.161|                |  1|KCat|Sloan|Simbad|295.05296|+45.54669
295.3343333|+45.5993611| 9163785|19412024+4535577|4814.5|-0.120| 0.000| 46.848| 4.729|RGB     | 1.0304| 1.593| 0.041|10.700| 0.015| 2.581| 0.007| 1.83e-03| 0.007| 3.288| 0.232|                |  1|KCat|Sloan|Simbad|295.33433|+45.59936
295.6662083|+45.5214444| 9164696|19423989+4531172|4782.8| 0.158| 0.020| 99.339| 8.877|RGB     | 1.0284| 1.221| 0.036| 6.444| 0.013| 2.906| 0.007| 6.43e-03| 0.007| 3.774| 0.342|                |  0|KCat|Sloan|Simbad|295.66621|+45.52144
296.0720833|+45.5954722| 9165879|19441730+4535437|4524.2| 0.304| 0.036| 44.275| 4.705|RGB     | 1.0379| 1.214| 0.041| 9.761| 0.015| 2.543| 0.007| 1.84e-03| 0.007| 3.823| 0.364|                |  0|KCat|Sloan|Simbad|296.07208|+45.59547
296.1169167|+45.5268056| 9166023|19442806+4531365|4246.5| 0.423| 0.033| 18.296| 2.413|RGB     | 1.0473| 1.086| 0.043|14.588| 0.016| 2.146| 0.007| 4.93e-04| 0.008| 4.011| 0.348|                |  1|KCat|Sloan|Simbad|296.11692|+45.52681
296.1313750|+45.5381944| 9166070|19443153+4532175|4565.4| 0.208|-0.005| 46.983| 4.988|RGB     | 1.0373| 1.168| 0.041| 9.270| 0.015| 2.571| 0.007| 2.07e-03| 0.007| 3.859| 0.418|                |  0|KCat|Sloan|Simbad|296.13137|+45.53819
297.9122500|+45.5738056| 9172292|19513894+4534257|      |      |      | 48.123| 4.737|Bad Teff|       |      |      |      |      |      |      |         |      |      |      |No Seis         |  0|KCat|Sloan|Simbad|297.91225|+45.57381
298.2014167|+45.5288889| 9173371|19524834+4531440|5050.7|-0.010|-0.037| 99.352| 7.989|RC      | 0.9922| 2.331| 0.048| 8.783| 0.010| 2.918| 0.007| 4.85e-03| 0.008| 2.893| 0.328|                |  0|KCat|Sloan|Simbad|298.20142|+45.52889
298.9503333|+45.5414722| 9176207|19554808+4532293|4879.1| 0.190| 0.000| 58.126| 5.421|RC      | 1.0035| 1.998| 0.066|10.724| 0.017| 2.678| 0.009| 2.28e-03| 0.008| 3.112| 1.024|                |  0|KCat|Sloan|Simbad|298.95033|+45.54147
299.0476667|+45.5213056| 9176522|19561144+4531167|4813.7| 0.149|-0.032|131.416|10.610|RGB     | 1.0223| 1.432| 0.033| 6.058| 0.012| 3.029| 0.007| 9.08e-03| 0.007| 3.524| 0.470|                |  0|KCat|Sloan|Simbad|299.04767|+45.52131
299.4130000|+45.5392500| 9177726|19573912+4532213|4231.8| 0.195| 0.022| 11.068| 1.581|RGB     | 1.0412| 1.330| 0.044|20.773| 0.017| 1.927| 0.007| 2.09e-04| 0.008| 3.662| 1.150|                |  0|KCat|Sloan|Simbad|299.41300|+45.53925
300.0432083|+45.5355278| 9180003|20001037+4532079|4798.3| 0.113|-0.031| 80.249| 6.996|RGB     | 1.0248| 1.699| 0.038| 8.452| 0.014| 2.814| 0.007| 3.97e-03| 0.007| 3.252| 0.452|                |  0|KCat|Sloan|Simbad|300.04321|+45.53553
300.7707500|+45.5517778| 9182761|20030498+4533064|4898.4| 0.071| 0.008|       |      |REJECT  |       |      |      |      |      |      |      |         |      |      |      |No Seis         |  0|KCat|Sloan|Simbad|300.77075|+45.55178
283.7444583|+45.6624722| 9202471|18545867+4539449|4875.3| 0.424| 0.052|220.365|15.971|RGB     | 1.0180| 1.363| 0.028| 4.549| 0.009| 3.257| 0.007| 2.04e-02| 0.006| 3.656| 0.209|                |  0|KCat|Sloan|Simbad|283.74446|+45.66247
283.8167083|+45.6935833| 9202597|18551601+4541369|4641.6| 0.409| 0.019|112.327| 9.656|RGB     | 1.0286| 1.204| 0.035| 6.063| 0.012| 2.953| 0.007| 7.62e-03| 0.007| 3.849| 0.079|                |  1|KCat|Sloan|Simbad|283.81671|+45.69358
284.0372500|+45.6573056| 9202995|18560894+4539263|4670.7|-0.088| 0.134| 29.340| 3.883|RC      | 0.9961| 0.942| 0.080|10.476| 0.024| 2.372| 0.010| 1.15e-03| 0.008| 3.849| 0.051|                |  1|KCat|Sloan|Simbad|284.03725|+45.65731
285.0950833|+45.6530278| 9204851|19002282+4539109|4267.5| 0.095| 0.004| 10.596| 1.623|RGB     | 1.0475| 1.038| 0.044|18.720| 0.017| 1.910| 0.007| 2.23e-04| 0.008| 4.007| 0.136|                |  0|KCat|Sloan|Simbad|285.09508|+45.65303
285.1072083|+45.6190833| 9204871|19002573+4537087|4878.7|-0.116| 0.031| 33.811| 4.146|RC      | 0.9967| 1.181| 0.077|10.811| 0.023| 2.443| 0.010| 1.32e-03| 0.008| 3.599| 0.154|                |  0|KCat|Sloan|Simbad|285.10721|+45.61908
285.2020833|+45.6579167| 9205044|19004850+4539285|4921.2|-0.375| 0.070|108.264| 9.843|RGB     | 1.0247| 1.107| 0.035| 5.835| 0.013| 2.950| 0.007| 7.85e-03| 0.007| 3.762| 0.000|                |  0|KCat|Sloan|Simbad|285.20208|+45.65792
285.5422917|+45.6675278| 9205663|19021015+4540031|4683.2| 0.030| 0.017| 60.883| 6.164|RGB     | 1.0355| 1.139| 0.039| 7.993| 0.014| 2.689| 0.007| 3.15e-03| 0.007| 3.852| 0.132|                |  0|KCat|Sloan|Simbad|285.54229|+45.66753
285.5589167|+45.6878056| 9205705|19021414+4541161|4657.1|-0.285| 0.059| 25.201| 3.171|RGB     | 1.0404| 1.122| 0.042|12.348| 0.016| 2.305| 0.007| 8.40e-04| 0.008| 3.776| 0.108|                |  1|KCat|Sloan|Simbad|285.55892|+45.68781
285.7022500|+45.6798611| 9205952|19024854+4540475|4489.5|-0.344| 0.134| 18.220| 2.488|RGB     | 1.0431| 1.048| 0.043|14.164| 0.016| 2.156| 0.007| 5.20e-04| 0.008| 3.844| 0.032|                |  1|KCat|Sloan|Simbad|285.70225|+45.67986
286.0665000|+45.6633056| 9206643|19041596+4539479|4557.5| 0.375| 0.046| 31.878| 3.762|RC      | 1.0069| 1.265| 0.078|11.721| 0.023| 2.402| 0.010| 1.11e-03| 0.008| 3.625| 0.170|                |  0|KCat|Sloan|Simbad|286.06650|+45.66331
286.2528333|+45.6512500| 9206941|19050068+4539045|4760.6|-0.535| 0.206| 42.987| 4.925|RGB     | 1.0386| 0.997| 0.041| 8.862| 0.015| 2.542| 0.007| 2.02e-03| 0.007| 3.892| 0.119|                |  0|KCat|Sloan|Simbad|286.25283|+45.65125
287.6613333|+45.6693889| 9209366|19103872+4540098|4650.8| 0.343| 0.044|129.650|11.012|RGB     | 1.0271| 1.104| 0.034| 5.402| 0.012| 3.016| 0.007| 9.88e-03| 0.007| 3.974| 0.090|                |  0|KCat|Sloan|Simbad|287.66133|+45.66939
287.7127500|+45.6243056| 9209471|19105106+4537275|4540.6|-0.287| 0.163| 25.597| 3.292|RGB     | 1.0437| 0.963| 0.042|11.419| 0.016| 2.306| 0.007| 9.12e-04| 0.008| 4.011| 0.119|                |  1|KCat|Sloan|Simbad|287.71275|+45.62431
288.0669167|+45.6836667| 9210116|19121606+4541012|4960.9| 0.015|-0.006| 45.318| 4.900|RC(S)   | 0.9956| 1.501| 0.072|10.481| 0.020| 2.573| 0.009| 1.84e-03| 0.008| 3.343| 0.119|                |  0|KCat|Sloan|Simbad|288.06692|+45.68367
288.0804583|+45.6268611| 9210141|19121931+4537367|3978.0|-0.042| 0.190|  3.546| 0.714|RGB     | 1.0382| 0.967| 0.044|31.785| 0.017| 1.419| 0.007| 4.24e-05| 0.008| 4.071| 0.234|                |  0|KCat|Sloan|Simbad|288.08046|+45.62686
288.1379167|+45.6317222| 9210256|19123310+4537542|4922.0|-0.113| 0.039|113.026| 9.625|RGB     | 1.0231| 1.386| 0.035| 6.392| 0.012| 2.969| 0.007| 7.49e-03| 0.007| 3.489| 0.090|                |  0|KCat|Sloan|Simbad|288.13792|+45.63172
288.1725417|+45.6067500| 9210319|19124141+4536243|4900.5|-0.290| 0.057| 27.931| 3.690|RC      | 0.9952| 1.075| 0.080|11.332| 0.024| 2.361| 0.010| 1.04e-03| 0.008| 3.659| 0.202|                |  0|KCat|Sloan|Simbad|288.17254|+45.60675
288.2225833|+45.6767222| 9210413|19125342+4540362|4851.7|-0.077| 0.105|       |      |REJECT  |       |      |      |      |      |      |      |         |      |      |      |No Seis         |  0|KCat|Sloan|Simbad|288.22258|+45.67672
288.3024583|+45.6815278| 9210570|19131259+4540535|4551.0| 0.326| 0.029| 61.929| 6.121|RGB     | 1.0358| 1.180| 0.039| 8.122| 0.014| 2.690| 0.007| 3.10e-03| 0.007| 3.872| 0.200|                |  0|KCat|Sloan|Simbad|288.30246|+45.68153
288.7592917|+45.6733611| 9211401|19150223+4540241|4793.2|-0.054| 0.017| 28.545| 3.436|RC(S)   | 1.0126| 1.378| 0.080|12.763| 0.024| 2.365| 0.010| 9.35e-04| 0.008| 3.442| 0.212|                |  1|KCat|Sloan|Simbad|288.75929|+45.67336
290.1531250|+45.6354444| 9214176|19203675+4538076|5000.2|-0.096|-0.042|170.440|13.071|RGB     | 1.0178| 1.461| 0.030| 5.322| 0.010| 3.150| 0.007| 1.37e-02| 0.006| 3.404| 0.127|                |  0|KCat|Sloan|Simbad|290.15312|+45.63544
290.2042500|+45.6289722| 9214302|19204902+4537443|4462.7|-0.319| 0.200| 19.884| 2.786|RGB     | 1.0367| 0.881| 0.043|12.448| 0.016| 2.193| 0.007| 6.44e-04| 0.008| 4.146| 0.267|Ageold          |  0|KCat|Sloan|Simbad|290.20425|+45.62897
290.2966667|+45.6348056| 9214512|19211120+4538053|4812.4|-0.032| 0.011| 98.796| 8.922|RGB     | 1.0275| 1.192| 0.036| 6.374| 0.013| 2.905| 0.007| 6.49e-03| 0.007| 3.748| 0.299|                |  0|KCat|Sloan|Simbad|290.29667|+45.63481
290.4325833|+45.6113611| 9214827|19214382+4536409|4887.7|-0.124| 0.021| 34.276| 4.158|RC      | 0.9990| 1.208| 0.077|10.856| 0.023| 2.449| 0.010| 1.33e-03| 0.008| 3.572| 0.368|                |  0|KCat|Sloan|Simbad|290.43258|+45.61136
290.8992083|+45.6160556| 9215910|19233581+4536578|4875.6|-0.085| 0.024|115.801|10.225|RGB     | 1.0251| 1.145| 0.035| 5.753| 0.012| 2.977| 0.007| 8.48e-03| 0.007| 3.807| 0.332|                |  0|KCat|Sloan|Simbad|290.89921|+45.61606
291.3475417|+45.6936389| 9217018|19252341+4541371|4787.0|-0.180| 0.193| 29.915| 3.923|RC      | 0.9900| 1.019| 0.079|10.726| 0.024| 2.385| 0.010| 1.17e-03| 0.008| 3.751| 0.203|                |  0|KCat|Sloan|Simbad|291.34754|+45.69364
291.5306250|+45.6649722| 9217456|19260735+4539539|4381.7|-0.122| 0.021| 10.184| 1.520|RGB     | 1.0396| 1.284| 0.044|21.099| 0.017| 1.898| 0.007| 1.93e-04| 0.008| 3.608| 0.243|                |  0|KCat|Sloan|Simbad|291.53062|+45.66497
291.5527500|+45.6065833| 9217521|19261266+4536237|4889.4|-0.240| 0.074| 34.431| 4.210|RC      | 0.9906| 1.207| 0.077|10.822| 0.023| 2.451| 0.010| 1.34e-03| 0.008| 3.546| 0.241|                |  0|KCat|Sloan|Simbad|291.55275|+45.60658
292.5397917|+45.6221944| 9219958|19300955+4537199|4764.5|-0.270| 0.044| 35.664| 4.016|RGB(S)  | 1.0353| 1.305| 0.042|11.128| 0.015| 2.461| 0.007| 1.34e-03| 0.007| 3.558| 0.281|                |  0|KCat|Sloan|Simbad|292.53979|+45.62219
292.5533750|+45.6001944| 9219997|19301281+4536007|4558.7| 0.285|-0.010| 56.226| 5.705|RGB     | 1.0367| 1.169| 0.040| 8.482| 0.015| 2.649| 0.007| 2.70e-03| 0.007| 3.878| 0.239|                |  0|KCat|Sloan|Simbad|292.55337|+45.60019
292.5850833|+45.6144444| 9220076|19302042+4536520|4795.0|-0.029|-0.002| 33.729| 4.166|RC      | 1.0035| 1.090| 0.077|10.443| 0.023| 2.438| 0.010| 1.35e-03| 0.008| 3.698| 0.215|                |  1|KCat|Sloan|Simbad|292.58508|+45.61444
293.4790833|+45.6202500| 9222389|19335498+4537129|4702.3|-0.137|-0.002| 31.817| 3.590|RGB     | 1.0342| 1.428| 0.042|12.369| 0.016| 2.408| 0.007| 1.06e-03| 0.008| 3.454| 0.233|                |  1|KCat|Sloan|Simbad|293.47908|+45.62025
294.7760833|+45.6033889| 9225958|19390626+4536122|4837.7| 0.124| 0.015|171.128|13.458|RGB     | 1.0199| 1.242| 0.030| 4.938| 0.010| 3.145| 0.007| 1.46e-02| 0.006| 3.733| 0.197|                |  0|KCat|Sloan|Simbad|294.77608|+45.60339
294.9160833|+45.6051944| 9226335|19393986+4536187|5013.3| 0.293|-0.005| 51.724| 4.571|RC      | 1.0017| 2.922| 0.069|13.655| 0.019| 2.633| 0.009| 1.62e-03| 0.008| 2.691| 0.241|                |  1|KCat|Sloan|Simbad|294.91608|+45.60519
294.9616250|+45.6513056| 9226481|19395079+4539047|4553.7| 0.184|-0.015| 38.479| 4.267|RGB     | 1.0389| 1.186| 0.041|10.329| 0.015| 2.484| 0.007| 1.52e-03| 0.007| 3.828| 0.268|                |  1|KCat|Sloan|Simbad|294.96162|+45.65131
295.0485000|+45.6675000| 9226739|19401164+4540030|4566.8| 0.064|-0.007| 34.673| 3.965|RGB     | 1.0391| 1.168| 0.042|10.791| 0.016| 2.439| 0.007| 1.31e-03| 0.007| 3.816| 0.408|                |  0|KCat|Sloan|Simbad|295.04850|+45.66750
295.3622917|+45.6067778| 9227589|19412695+4536244|4862.7| 0.118| 0.031|197.335|15.292|RGB     | 1.0183| 1.159| 0.028| 4.436| 0.010| 3.208| 0.007| 1.87e-02| 0.006| 3.839| 0.197|                |  0|KCat|Sloan|Simbad|295.36229|+45.60678
295.6179167|+45.6486389| 9228331|19422830+4538551|4468.9| 0.034| 0.132| 30.868| 3.707|RGB     | 1.0429| 1.029| 0.042|10.793| 0.016| 2.384| 0.007| 1.15e-03| 0.008| 4.012| 0.410|                |  0|KCat|Sloan|Simbad|295.61792|+45.64864
295.6222917|+45.6129722| 9228346|19422935+4536467|4733.5| 0.190| 0.017| 35.532| 4.067|RC      | 0.9985| 1.405| 0.077|11.589| 0.023| 2.458| 0.010| 1.27e-03| 0.008| 3.470| 0.397|                |  0|KCat|Sloan|Simbad|295.62229|+45.61297
295.6678750|+45.6683889| 9228469|19424029+4540062|4952.7|-0.273| 0.032|104.396| 9.212|RGB     | 1.0236| 1.312| 0.036| 6.459| 0.013| 2.935| 0.007| 6.86e-03| 0.007| 3.542| 0.076|                |  1|KCat|Sloan|Simbad|295.66787|+45.66839
296.0207917|+45.6908611| 9229487|19440499+4541271|4850.4| 0.170|-0.008|       |      |REJECT  |       |      |      |      |      |      |      |         |      |      |      |No Seis         |  0|KCat|Sloan|Simbad|296.02079|+45.69086
296.0533333|+45.6655000| 9229592|19441280+4539558|4889.0|-0.246| 0.009| 72.022| 6.820|RGB     | 1.0280| 1.382| 0.038| 8.009| 0.014| 2.771| 0.007| 3.80e-03| 0.007| 3.466| 0.421|                |  0|KCat|Sloan|Simbad|296.05333|+45.66550
296.0571250|+45.6735833| 9229601|19441371+4540249|4958.9|-0.079| 0.014| 45.505| 4.725|RC      | 0.9961| 1.753| 0.072|11.307| 0.020| 2.575| 0.009| 1.71e-03| 0.008| 3.178| 0.274|                |  1|KCat|Sloan|Simbad|296.05712|+45.67358
298.2441667|+45.6792778| 9237288|19525860+4540454|4831.7|-0.189| 0.039| 52.720| 5.390|RGB     | 1.0326| 1.340| 0.040| 9.245| 0.015| 2.633| 0.007| 2.39e-03| 0.007| 3.536| 0.497|                |  0|KCat|Sloan|Simbad|298.24417|+45.67928
298.7345000|+45.6146389| 9239082|19545628+4536527|4145.0| 0.088|-0.001|  4.128| 0.755|RGB     | 1.0357| 1.313| 0.044|33.981| 0.017| 1.494| 0.007| 4.72e-05| 0.008| 3.641| 1.068|SeisUnc         |  0|KCat|Sloan|Simbad|298.73450|+45.61464
298.7648750|+45.6887222| 9239173|19550357+4541194|4857.5|-0.140| 0.017| 92.075| 8.505|RGB     | 1.0280| 1.182| 0.037| 6.562| 0.013| 2.877| 0.007| 5.90e-03| 0.007| 3.727| 0.729|                |  0|KCat|Sloan|Simbad|298.76487|+45.68872
299.2423750|+45.6096944| 9240767|19565817+4536349|4770.7| 0.127|-0.028| 40.052| 4.476|RC(S)   | 1.0014| 1.371| 0.075|10.761| 0.022| 2.511| 0.010| 1.55e-03| 0.008| 3.478| 1.250|                |  0|KCat|Sloan|Simbad|299.24237|+45.60969
299.2941667|+45.6267500| 9240941|19571060+4537363|5067.7| 0.030|-0.011|107.123| 8.335|RC(S)   | 0.9979| 2.422| 0.047| 8.615| 0.009| 2.952| 0.007| 5.34e-03| 0.008| 2.831| 0.789|                |  0|KCat|Sloan|Simbad|299.29417|+45.62675
299.9858333|+45.6286389| 9243306|19595660+4537431|5000.6| 0.156|-0.021| 52.553| 4.800|RC(S)   | 1.0082| 2.446| 0.069|12.401| 0.019| 2.639| 0.009| 1.81e-03| 0.008| 2.847| 0.491|                |  0|KCat|Sloan|Simbad|299.98583|+45.62864
300.2193750|+45.6461667| 9244091|20005265+4538462|5071.2|-0.006|-0.040|103.630| 8.254|RC      | 0.9943| 2.316| 0.047| 8.564| 0.009| 2.937| 0.007| 5.20e-03| 0.008| 2.889| 0.487|                |  0|KCat|Sloan|Simbad|300.21937|+45.64617
300.3169583|+45.6929444| 9244428|20011607+4541346|4960.4| 0.172|-0.049| 93.951| 7.732|RC      | 1.0076| 2.056| 0.050| 8.522| 0.010| 2.890| 0.008| 4.69e-03| 0.008| 3.005| 0.298|                |  0|KCat|Sloan|Simbad|300.31696|+45.69294
300.5682500|+45.6540278| 9245283|20021638+4539145|5026.8| 0.028|-0.025| 41.990| 3.840|RC      | 1.0000| 3.173| 0.074|15.782| 0.021| 2.543| 0.010| 1.14e-03| 0.008| 2.613| 0.591|                |  0|KCat|Sloan|Simbad|300.56825|+45.65403
300.8077917|+45.6875000| 9246190|20031387+4541150|4055.1| 0.235| 0.006|  4.853| 0.931|RGB     | 1.0295| 0.915| 0.044|26.312| 0.017| 1.559| 0.007| 7.09e-05| 0.008| 4.224| 1.011|Ageold          |  0|KCat|Sloan|Simbad|300.80779|+45.68750
283.5369167|+45.7630556| 9264889|18540886+4545470|4869.2|-0.059| 0.020| 82.654| 7.394|RGB     | 1.0261| 1.514| 0.038| 7.831| 0.014| 2.830| 0.007| 4.44e-03| 0.007| 3.390| 0.124|                |  1|KCat|Sloan|Simbad|283.53692|+45.76306
283.8956667|+45.7104444| 9265513|18553496+4542376|4644.2|-0.290| 0.187| 48.359| 5.348|RGB     | 1.0382| 0.985| 0.040| 8.356| 0.015| 2.587| 0.007| 2.38e-03| 0.007| 3.982| 0.000|                |  1|KCat|Sloan|Simbad|283.89567|+45.71044
284.0670417|+45.7045278| 9265822|18561609+4542163|4618.2|-0.206| 0.229| 46.988| 5.242|RGB     | 1.0396| 0.965| 0.041| 8.404| 0.015| 2.574| 0.007| 2.29e-03| 0.007| 4.045| 0.092|                |  0|KCat|Sloan|Simbad|284.06704|+45.70453
284.8449583|+45.7413056| 9267305|18592279+4544287|4317.4|-0.435| 0.086|  6.134| 1.147|RGB     | 1.0454| 0.827| 0.044|21.897| 0.017| 1.675| 0.007| 1.11e-04| 0.008| 4.160| 0.071|Ageold, SeisUnc |  0|KCat|Sloan|Simbad|284.84496|+45.74131
285.0310833|+45.7590278| 9267654|19000746+4545325|4792.7|-0.018| 0.001|117.733|10.300|RGB     | 1.0253| 1.138| 0.035| 5.712| 0.012| 2.981| 0.007| 8.61e-03| 0.007| 3.817| 0.050|                |  1|KCat|Sloan|Simbad|285.03108|+45.75903
285.2861667|+45.7156667| 9268083|19010868+4542564|4866.3|-0.051| 0.032| 42.125| 4.600|RC      | 0.9984| 1.492| 0.074|10.892| 0.021| 2.538| 0.010| 1.63e-03| 0.008| 3.342| 0.098|                |  0|KCat|Sloan|Simbad|285.28617|+45.71567
285.2877917|+45.7935000| 9268087|19010907+4547366|4304.8|-0.404| 0.209|  8.652| 1.358|RGB     | 1.0387| 1.209| 0.044|22.306| 0.017| 1.823| 0.007| 1.54e-04| 0.008| 3.632| 0.237|SeisUnc         |  0|KCat|Sloan|Simbad|285.28779|+45.79350
285.3179167|+45.7993056| 9268146|19011630+4547575|4513.9| 0.095| 0.033| 30.859| 3.613|RGB     | 1.0404| 1.167| 0.042|11.468| 0.016| 2.386| 0.007| 1.09e-03| 0.008| 3.830| 0.128|                |  1|KCat|Sloan|Simbad|285.31792|+45.79931
285.3517917|+45.7855278| 9268197|19012443+4547079|4611.6| 0.007| 0.151| 29.363| 3.791|RC(S)   | 0.9866| 1.060| 0.080|11.143| 0.024| 2.369| 0.010| 1.08e-03| 0.008| 3.735| 0.000|                |  0|KCat|Sloan|Simbad|285.35179|+45.78553
285.4453750|+45.7151389| 9268349|19014689+4542545|4716.6|-0.381| 0.175| 58.432| 6.195|RGB     | 1.0361| 0.995| 0.040| 7.613| 0.015| 2.673| 0.007| 3.18e-03| 0.007| 3.925| 0.051|                |  0|KCat|Sloan|Simbad|285.44537|+45.71514
285.6481250|+45.7780556| 9268703|19023555+4546410|4782.8|-0.036| 0.050| 30.892| 4.083|RC      | 0.9989| 0.922| 0.079|10.040| 0.024| 2.399| 0.010| 1.28e-03| 0.008| 3.872| 0.100|                |  0|KCat|Sloan|Simbad|285.64812|+45.77806
285.8434583|+45.7970833| 9269081|19032243+4547495|4809.9|-0.135| 0.183| 24.828| 2.929|RC(S)   | 1.0052| 1.775| 0.082|15.521| 0.025| 2.305| 0.010| 6.69e-04| 0.008| 3.134| 0.072|                |  1|KCat|Sloan|Simbad|285.84346|+45.79708
285.9367500|+45.7194167| 9269234|19034482+4543099|4711.7| 0.269|-0.013|113.149| 9.888|RGB     | 1.0280| 1.147| 0.035| 5.875| 0.012| 2.960| 0.007| 7.98e-03| 0.007| 3.897| 0.187|                |  1|KCat|Sloan|Simbad|285.93675|+45.71942
285.9750000|+45.7944167| 9269302|19035400+4547399|4905.7|-0.210| 0.027| 35.211| 4.022|RC      | 1.0061| 1.462| 0.077|11.770| 0.023| 2.461| 0.010| 1.26e-03| 0.008| 3.326| 0.131|                |  1|KCat|Sloan|Simbad|285.97500|+45.79442
286.2760000|+45.7705833| 9269772|19050624+4546141|4630.5| 0.139| 0.034| 58.122| 5.917|RGB     | 1.0357| 1.147| 0.040| 8.231| 0.015| 2.667| 0.007| 2.90e-03| 0.007| 3.872| 0.087|                |  1|KCat|Sloan|Simbad|286.27600|+45.77058
286.4618750|+45.7263056| 9270087|19055085+4543347|4747.3| 0.024| 0.019| 35.916| 4.190|RC      | 1.0002| 1.285| 0.076|11.014| 0.023| 2.463| 0.010| 1.36e-03| 0.008| 3.545| 0.116|                |  1|KCat|Sloan|Simbad|286.46187|+45.72631
287.7518750|+45.7624167| 9272281|19110045+4545447|4805.7| 0.039| 0.021| 32.844| 4.113|RC      | 1.0017| 1.071| 0.078|10.483| 0.023| 2.427| 0.010| 1.31e-03| 0.008| 3.740| 0.233|                |  0|KCat|Sloan|Simbad|287.75187|+45.76242
288.2122083|+45.7094444| 9273073|19125093+4542340|4825.8|-0.013| 0.006| 38.553| 4.334|RC(S)   | 0.9994| 1.426| 0.075|11.156| 0.022| 2.497| 0.010| 1.45e-03| 0.008| 3.406| 0.192|                |  0|KCat|Sloan|Simbad|288.21221|+45.70944
288.3270000|+45.7582778| 9273251|19131848+4545298|4786.0| 0.083| 0.070|169.211|13.732|RGB     | 1.0210| 1.085| 0.031| 4.655| 0.010| 3.138| 0.007| 1.52e-02| 0.006| 3.938| 0.079|                |  0|KCat|Sloan|Simbad|288.32700|+45.75828
288.6424167|+45.7892778| 9273827|19143418+4547214|5062.5|-0.240| 0.090|106.456| 8.650|RGB     | 1.0134| 1.924| 0.036| 7.705| 0.013| 2.949| 0.007| 5.93e-03| 0.007| 2.997| 0.089|                |  1|KCat|Sloan|Simbad|288.64242|+45.78928
288.7623333|+45.7981944| 9274044|19150296+4547535|4388.5| 0.200|-0.006| 15.834| 1.949|RGB     | 1.0320| 1.842| 0.043|20.259| 0.016| 2.090| 0.007| 3.12e-04| 0.008| 3.175| 0.169|                |  0|KCat|Sloan|Simbad|288.76233|+45.79819
288.8932917|+45.7431944| 9274288|19153439+4544355|4895.2|-0.211| 0.207| 39.659| 4.265|RC      | 1.0008| 1.683| 0.075|11.907| 0.022| 2.513| 0.010| 1.41e-03| 0.008| 3.178| 0.201|                |  0|KCat|Sloan|Simbad|288.89329|+45.74319
290.5878333|+45.7921667| 9277886|19222108+4547318|4432.0| 0.135| 0.013| 23.109| 2.952|RGB     | 1.0452| 1.051| 0.043|12.635| 0.016| 2.256| 0.007| 7.35e-04| 0.008| 4.004| 0.094|                |  0|KCat|Sloan|Simbad|290.58783|+45.79217
290.8038750|+45.7639722| 9278376|19231293+4545503|4348.6| 0.211| 0.067| 22.623| 2.927|RGB     | 1.0474| 0.983| 0.043|12.405| 0.016| 2.243| 0.007| 7.26e-04| 0.008| 4.132| 0.276|                |  0|KCat|Sloan|Simbad|290.80387|+45.76397
291.2780000|+45.7482222| 9279486|19250672+4544536|4900.9| 0.057|-0.003|131.933|10.845|RGB     | 1.0224| 1.363| 0.033| 5.872| 0.012| 3.035| 0.007| 9.49e-03| 0.007| 3.577| 0.269|                |  0|KCat|Sloan|Simbad|291.27800|+45.74822
291.4014583|+45.7906944| 9279769|19253635+4547265|4860.3|-0.062| 0.013| 38.740| 4.345|RC      | 0.9978| 1.458| 0.075|11.232| 0.022| 2.501| 0.010| 1.45e-03| 0.008| 3.369| 0.074|                |  0|KCat|Sloan|Simbad|291.40146|+45.79069
291.4468333|+45.7355833| 9279889|19254724+4544081|4613.5| 0.133| 0.019| 51.683| 5.346|RGB     | 1.0364| 1.200| 0.040| 8.938| 0.015| 2.615| 0.007| 2.37e-03| 0.007| 3.798| 0.194|                |  0|KCat|Sloan|Simbad|291.44683|+45.73558
292.4429167|+45.7521389| 9282363|19294630+4545077|4712.8|-0.021| 0.001| 29.133| 3.756|RC      | 0.9839| 1.122| 0.080|11.449| 0.024| 2.370| 0.010| 1.05e-03| 0.008| 3.673| 0.097|                |  1|KCat|Sloan|Simbad|292.44292|+45.75214
292.7410000|+45.7515000| 9283112|19305784+4545054|4709.9|-0.299| 0.087| 38.259| 4.397|RGB     | 1.0386| 1.088| 0.041| 9.840| 0.015| 2.489| 0.007| 1.61e-03| 0.007| 3.825| 0.160|                |  0|KCat|Sloan|Simbad|292.74100|+45.75150
292.8070417|+45.7859444| 9283248|19311369+4547094|4833.4|-0.061| 0.033| 33.746| 4.189|RC      | 1.0029| 1.084| 0.077|10.390| 0.023| 2.440| 0.010| 1.36e-03| 0.008| 3.704| 0.227|                |  0|KCat|Sloan|Simbad|292.80704|+45.78594
293.0401250|+45.7088611| 9283816|19320963+4542319|4865.9| 0.007|-0.008| 43.264| 4.643|RC      | 0.9972| 1.564| 0.073|11.003| 0.021| 2.549| 0.009| 1.66e-03| 0.008| 3.293| 0.133|                |  1|KCat|Sloan|Simbad|293.04012|+45.70886
293.0829583|+45.7356389| 9283918|19321991+4544083|4903.6| 0.149|-0.009| 52.517| 4.882|RC      | 1.0048| 2.246| 0.069|11.947| 0.019| 2.635| 0.009| 1.86e-03| 0.008| 3.010| 0.133|                |  1|KCat|Sloan|Simbad|293.08296|+45.73564
293.8159167|+45.7027500| 9285761|19351582+4542099|4784.7|-0.189| 0.053| 53.123| 5.489|RGB     | 1.0339| 1.251| 0.040| 8.919| 0.015| 2.635| 0.007| 2.49e-03| 0.007| 3.644| 0.200|                |  0|KCat|Sloan|Simbad|293.81592|+45.70275
294.0092500|+45.7763889| 9286287|19360222+4546350|4583.0|-0.223| 0.166| 38.366| 4.420|RGB     | 1.0401| 1.025| 0.041| 9.605| 0.015| 2.484| 0.007| 1.63e-03| 0.007| 3.939| 0.189|                |  0|KCat|Sloan|Simbad|294.00925|+45.77639
294.5837917|+45.7833333| 9287916|19382011+4547000|4564.4| 0.290| 0.047| 31.841| 3.816|RC      | 1.0100| 1.180| 0.078|11.322| 0.023| 2.402| 0.010| 1.15e-03| 0.008| 3.693| 0.302|                |  0|KCat|Sloan|Simbad|294.58379|+45.78333
294.6292500|+45.7569722| 9288026|19383102+4545251|4975.1|-0.359| 0.054| 34.325| 4.176|RC      | 0.9877| 1.283| 0.077|11.126| 0.023| 2.453| 0.010| 1.31e-03| 0.008| 3.457| 0.133|                |  0|KCat|Sloan|Simbad|294.62925|+45.75697
294.9802500|+45.7053611| 9288944|19395526+4542193|4635.7| 0.074| 0.105| 29.867| 3.951|RC      | 1.0002| 0.902| 0.079|10.179| 0.024| 2.378| 0.010| 1.21e-03| 0.008| 3.912| 0.317|                |  0|KCat|Sloan|Simbad|294.98025|+45.70536
295.2749583|+45.7113889| 9289780|19410599+4542410|4943.5|-0.198| 0.042|225.309|17.449|RGB     | 1.0164| 1.051| 0.028| 3.937| 0.009| 3.269| 0.007| 2.43e-02| 0.006| 3.904| 0.086|                |  0|KCat|Sloan|Simbad|295.27496|+45.71139
295.7867083|+45.7344167| 9291249|19430881+4544039|4663.6| 0.182|-0.005| 45.115| 4.615|RGB     | 1.0337| 1.476| 0.041|10.581| 0.015| 2.558| 0.007| 1.76e-03| 0.007| 3.495| 0.272|                |  1|KCat|Sloan|Simbad|295.78671|+45.73442
295.9047083|+45.7046389| 9291624|19433713+4542167|4592.8| 0.361| 0.009| 33.499| 3.978|RC      | 1.0048| 1.199| 0.078|11.108| 0.023| 2.425| 0.010| 1.23e-03| 0.008| 3.678| 0.299|                |  1|KCat|Sloan|Simbad|295.90471|+45.70464
295.9719583|+45.7147778| 9291830|19435327+4542532|4976.4| 0.022|-0.004| 46.512| 4.419|RC      | 1.0116| 2.313| 0.071|12.834| 0.020| 2.585| 0.009| 1.54e-03| 0.008| 2.870| 0.271|                |  1|KCat|Sloan|Simbad|295.97196|+45.71478
296.0180417|+45.7101667| 9291976|19440433+4542366|4690.3| 0.041| 0.035| 31.071| 3.861|RC      | 1.0000| 1.134| 0.079|11.159| 0.024| 2.397| 0.010| 1.15e-03| 0.008| 3.686| 0.198|                |  1|KCat|Sloan|Simbad|296.01804|+45.71017
296.0886667|+45.7314167| 9292180|19442128+4543531|4638.0| 0.284| 0.005| 55.325| 5.456|RGB     | 1.0340| 1.381| 0.040| 9.254| 0.015| 2.645| 0.007| 2.46e-03| 0.007| 3.626| 0.274|                |  1|KCat|Sloan|Simbad|296.08867|+45.73142
296.0996667|+45.7618889| 9292208|19442392+4545428|4881.7|-0.293| 0.014| 60.778| 6.170|RGB     | 1.0320| 1.218| 0.039| 8.187| 0.014| 2.697| 0.007| 3.13e-03| 0.007| 3.635| 0.267|                |  0|KCat|Sloan|Simbad|296.09967|+45.76189
296.1648750|+45.7470833| 9292408|19443957+4544495|4655.1| 0.169| 0.007| 27.574| 3.518|RC      | 1.0085| 1.099| 0.080|11.685| 0.024| 2.344| 0.010| 9.72e-04| 0.008| 3.740| 0.271|                |  1|KCat|Sloan|Simbad|296.16487|+45.74708
298.4139167|+45.7257222| 9300159|19533934+4543326|4975.8|-0.032|-0.011|163.546|12.612|RGB     | 1.0184| 1.475| 0.031| 5.466| 0.011| 3.131| 0.007| 1.27e-02| 0.007| 3.421| 0.350|                |  0|KCat|Sloan|Simbad|298.41392|+45.72572
299.2577083|+45.7275000| 9303109|19570185+4543390|4699.9| 0.183| 0.014| 36.874| 4.097|RC      | 1.0045| 1.472| 0.076|11.665| 0.022| 2.472| 0.010| 1.31e-03| 0.008| 3.410| 0.879|                |  0|KCat|Sloan|Simbad|299.25771|+45.72750
299.4492917|+45.7661944| 9303751|19574783+4545583|4788.3| 0.124|-0.002| 82.131| 7.297|RGB     | 1.0273| 1.520| 0.038| 7.905| 0.014| 2.824| 0.007| 4.34e-03| 0.007| 3.430| 0.372|                |  0|KCat|Sloan|Simbad|299.44929|+45.76619
299.6777917|+45.7742500| 9304549|19584267+4546273|4640.1| 0.221|-0.005| 67.344| 6.422|RGB     | 1.0329| 1.303| 0.039| 8.148| 0.014| 2.731| 0.007| 3.40e-03| 0.007| 3.693| 0.558|                |  0|KCat|Sloan|Simbad|299.67779|+45.77425
300.1586667|+45.7662778| 9306046|20003808+4545586|4109.2| 0.133|-0.012|  3.349| 0.697|RGB     | 1.0399| 0.939| 0.044|31.973| 0.017| 1.401| 0.007| 4.06e-05| 0.008| 4.162| 1.264|Ageold          |  0|KCat|Sloan|Simbad|300.15867|+45.76628
300.4794583|+45.7220000| 9307073|20015507+4543192|4612.3|-0.054| 0.019| 43.234| 4.779|RGB     | 1.0390| 1.089| 0.041| 9.309| 0.015| 2.537| 0.007| 1.90e-03| 0.007| 3.886| 0.313|                |  0|KCat|Sloan|Simbad|300.47946|+45.72200
300.6478333|+45.7903889| 9307591|20023548+4547254|4405.1| 0.196| 0.001| 21.992| 2.657|RGB     | 1.0389| 1.400| 0.043|14.971| 0.016| 2.234| 0.007| 5.88e-04| 0.008| 3.583| 1.220|                |  0|KCat|Sloan|Simbad|300.64783|+45.79039
283.6517083|+45.8483611| 9326421|18543641+4550541|4659.1|-0.152| 0.153| 67.570| 6.812|RGB     | 1.0349| 1.038| 0.039| 7.253| 0.014| 2.733| 0.007| 3.84e-03| 0.007| 3.928| 0.033|                |  1|KCat|Sloan|Simbad|283.65171|+45.84836
283.6900417|+45.8773889| 9326484|18544561+4552386|4814.2|-0.075| 0.037| 30.696| 4.112|RC      | 0.9965| 0.896| 0.079| 9.916| 0.024| 2.398| 0.010| 1.30e-03| 0.008| 3.895| 0.091|                |  0|KCat|Sloan|Simbad|283.69004|+45.87739
284.4989583|+45.8915556| 9327993|18575975+4553296|4592.9| 0.262|-0.010| 33.417| 3.958|RC      | 1.0036| 1.220| 0.078|11.219| 0.023| 2.424| 0.010| 1.22e-03| 0.008| 3.650| 0.138|                |  1|KCat|Sloan|Simbad|284.49896|+45.89156
284.8832083|+45.8779444| 9328682|18593197+4552406|4936.6|-0.134| 0.023| 47.763| 4.725|RC      | 1.0020| 1.967| 0.071|11.702| 0.020| 2.595| 0.009| 1.73e-03| 0.008| 3.059| 0.048|                |  1|KCat|Sloan|Simbad|284.88321|+45.87794
284.9396667|+45.8607222| 9328774|18594552+4551386|4842.6| 0.335|-0.013|242.542|16.906|RGB     | 1.0169| 1.439| 0.028| 4.464| 0.009| 3.297| 0.007| 2.28e-02| 0.006| 3.553| 0.000|                |  0|KCat|Sloan|Simbad|284.93967|+45.86072
285.1425833|+45.8954444| 9329058|19003422+4553436|4829.9|-0.001|-0.017| 41.342| 4.541|RC      | 1.0001| 1.457| 0.074|10.887| 0.021| 2.528| 0.010| 1.59e-03| 0.008| 3.370| 0.049|                |  1|KCat|Sloan|Simbad|285.14258|+45.89544
285.2188750|+45.8111111| 9329200|19005253+4548400|4666.4| 0.322| 0.019| 74.783| 6.814|RGB     | 1.0306| 1.433| 0.038| 8.097| 0.014| 2.778| 0.007| 3.81e-03| 0.007| 3.571| 0.060|                |  1|KCat|Sloan|Simbad|285.21887|+45.81111
285.3539167|+45.8215833| 9329384|19012494+4549177|4591.5| 0.054|-0.004| 33.910| 3.823|RGB(S)  | 1.0375| 1.281| 0.042|11.413| 0.016| 2.431| 0.007| 1.22e-03| 0.007| 3.679| 0.071|                |  0|KCat|Sloan|Simbad|285.35392|+45.82158
285.4311250|+45.8883611| 9329519|19014347+4553181|4375.5|-0.248| 0.067| 12.902| 1.940|RGB     | 1.0471| 0.954| 0.044|16.158| 0.016| 2.001| 0.007| 3.19e-04| 0.008| 4.021| 0.000|                |  0|KCat|Sloan|Simbad|285.43112|+45.88836
286.1340417|+45.8836667| 9330758|19043217+4553012|4865.9|-0.170| 0.048| 37.363| 4.326|RC      | 0.9928| 1.360| 0.076|11.043| 0.022| 2.485| 0.010| 1.42e-03| 0.008| 3.431| 0.058|                |  1|KCat|Sloan|Simbad|286.13404|+45.88367
286.4087083|+45.8724167| 9331202|19053809+4552207|4603.8| 0.127| 0.087| 30.361| 3.773|RC      | 0.9937| 1.157| 0.079|11.457| 0.024| 2.383| 0.010| 1.08e-03| 0.008| 3.678| 0.031|                |  0|KCat|Sloan|Simbad|286.40871|+45.87242
287.3722500|+45.8260833| 9332840|19092934+4549339|4711.5| 0.208|-0.008| 39.892| 4.409|RC      | 1.0001| 1.420| 0.075|11.007| 0.022| 2.507| 0.010| 1.50e-03| 0.008| 3.455| 0.096|                |  1|KCat|Sloan|Simbad|287.37225|+45.82608
287.5620833|+45.8626667| 9333184|19101490+4551456|4776.8|-0.160| 0.043| 32.415| 4.047|RC      | 0.9989| 1.100| 0.078|10.713| 0.023| 2.420| 0.010| 1.26e-03| 0.008| 3.674| 0.032|                |  1|KCat|Sloan|Simbad|287.56208|+45.86267
287.6149583|+45.8955000| 9333290|19102759+4553438|4498.0| 0.069| 0.003| 24.412| 2.964|RGB     | 1.0397| 1.272| 0.043|13.474| 0.016| 2.284| 0.007| 7.33e-04| 0.008| 3.688| 0.101|                |  1|KCat|Sloan|Simbad|287.61496|+45.89550
287.7431250|+45.8983333| 9333501|19105835+4553540|4601.6|-0.437| 0.176| 27.371| 3.483|RGB     | 1.0420| 0.964| 0.042|11.016| 0.016| 2.338| 0.007| 1.02e-03| 0.008| 3.956| 0.001|                |  1|KCat|Sloan|Simbad|287.74312|+45.89833
288.0207083|+45.8215556| 9334010|19120497+4549176|4048.6| 0.313|-0.003|  6.229| 1.053|RGB     | 1.0458| 1.105| 0.044|25.527| 0.017| 1.667| 0.007| 9.36e-05| 0.008| 3.962| 0.262|                |  0|KCat|Sloan|Simbad|288.02071|+45.82156
288.3557083|+45.8673333| 9334666|19132537+4552024|3976.1|-0.031| 0.175|  3.487| 0.708|RGB     | 1.0394| 0.948| 0.044|31.745| 0.017| 1.412| 0.007| 4.18e-05| 0.008| 4.117| 0.230|SeisUnc         |  0|KCat|Sloan|Simbad|288.35571|+45.86733
288.4136667|+45.8955833| 9334793|19133928+4553441|4776.7|-0.311| 0.207| 28.158| 3.733|RC      | 0.9929| 1.021| 0.080|11.070| 0.024| 2.359| 0.010| 1.06e-03| 0.008| 3.708| 0.159|                |  1|KCat|Sloan|Simbad|288.41367|+45.89558
288.6255000|+45.8083333| 9335191|19143012+4548300|4775.7|-0.010| 0.043| 33.155| 4.111|RC      | 1.0013| 1.095| 0.078|10.568| 0.023| 2.429| 0.010| 1.31e-03| 0.008| 3.695| 0.166|                |  1|KCat|Sloan|Simbad|288.62550|+45.80833
288.7027083|+45.8691389| 9335348|19144865+4552089|4685.0|-0.262| 0.080| 28.226| 3.403|RGB     | 1.0377| 1.213| 0.042|12.111| 0.016| 2.355| 0.007| 9.63e-04| 0.008| 3.659| 0.197|                |  0|KCat|Sloan|Simbad|288.70271|+45.86914
288.7584583|+45.8555556| 9335457|19150203+4551200|4797.9| 0.194|-0.008|234.201|17.355|RGB     | 1.0168| 1.151| 0.028| 4.072| 0.009| 3.280| 0.007| 2.40e-02| 0.006| 3.870| 0.000|                |  1|KCat|Sloan|Simbad|288.75846|+45.85556
288.7856250|+45.8465000| 9335518|19150855+4550474|4653.5| 0.333|-0.013|103.248| 9.117|RGB     | 1.0297| 1.176| 0.036| 6.247| 0.013| 2.917| 0.007| 6.80e-03| 0.007| 3.874| 0.088|                |  1|KCat|Sloan|Simbad|288.78562|+45.84650
288.7979583|+45.8054444| 9335536|19151151+4548196|4924.5|-1.603| 0.237| 11.393| 1.943|RGB     | 1.0419| 0.796| 0.044|15.252| 0.017| 1.972| 0.007| 3.16e-04| 0.008| 4.053| 0.334|                |  0|KCat|Sloan|Simbad|288.79796|+45.80544
288.8175833|+45.8857500| 9335570|19151622+4553087|4811.1| 0.001|-0.001| 36.371| 4.235|RC      | 1.0002| 1.304| 0.076|10.989| 0.022| 2.471| 0.010| 1.38e-03| 0.008| 3.508| 0.051|                |  1|KCat|Sloan|Simbad|288.81758|+45.88575
289.0848750|+45.8734167| 9336090|19162037+4552243|4840.7|-0.209| 0.068| 33.215| 4.064|RC      | 1.0000| 1.183| 0.078|10.938| 0.023| 2.433| 0.010| 1.28e-03| 0.008| 3.568| 0.101|                |  1|KCat|Sloan|Simbad|289.08487|+45.87342
290.7486250|+45.8135556| 9339711|19225967+4548488|4908.3|-1.685| 0.376| 20.350| 2.833|RGB     | 1.0355| 1.023| 0.043|12.950| 0.016| 2.223| 0.007| 6.64e-04| 0.008| 3.700| 0.070|                |  0|KCat|Sloan|Simbad|290.74862|+45.81356
290.7931250|+45.8987778| 9339825|19231035+4553556|5092.7|-0.725| 0.308| 30.097| 4.259|RC      | 0.9801| 0.854| 0.079| 9.636| 0.024| 2.401| 0.010| 1.34e-03| 0.008| 3.840| 0.229|                |  0|KCat|Sloan|Simbad|290.79312|+45.89878
290.9226667|+45.8654167| 9340114|19234144+4551555|4607.3| 0.236| 0.015| 27.684| 3.484|RC      | 1.0114| 1.125| 0.080|11.830| 0.024| 2.343| 0.010| 9.59e-04| 0.008| 3.733| 0.200|                |  0|KCat|Sloan|Simbad|290.92267|+45.86542
291.0139583|+45.8246944| 9340325|19240335+4549289|4731.2|-0.017| 0.069| 99.277| 9.157|RGB     | 1.0293| 1.055| 0.036| 6.008| 0.013| 2.904| 0.007| 6.86e-03| 0.007| 3.940| 0.163|                |  0|KCat|Sloan|Simbad|291.01396|+45.82469
291.0961667|+45.8120000| 9340539|19242308+4548432|4848.6| 0.178|-0.017| 52.926| 4.912|RC      | 1.0037| 2.215| 0.069|11.850| 0.019| 2.636| 0.009| 1.88e-03| 0.008| 3.033| 0.083|                |  0|KCat|Sloan|Simbad|291.09617|+45.81200
291.1290000|+45.8270000| 9340623|19243096+4549372|4582.3| 0.263| 0.052| 65.181| 6.454|RGB     | 1.0357| 1.125| 0.039| 7.717| 0.014| 2.714| 0.007| 3.45e-03| 0.007| 3.935| 0.317|                |  0|KCat|Sloan|Simbad|291.12900|+45.82700
291.2845000|+45.8283611| 9340993|19250828+4549421|4657.0|-0.225| 0.023| 29.960| 3.543|RGB     | 1.0373| 1.224| 0.042|11.829| 0.016| 2.380| 0.007| 1.04e-03| 0.008| 3.645| 0.048|                |  0|KCat|Sloan|Simbad|291.28450|+45.82836
292.7460000|+45.8991389| 9344639|19305904+4553569|4141.7|-0.121| 0.155|  6.415| 1.089|RGB     | 1.0429| 1.106| 0.044|25.019| 0.017| 1.685| 0.007| 9.96e-05| 0.008| 3.853| 0.131|SeisUnc         |  1|KCat|Sloan|Simbad|292.74600|+45.89914
292.7840833|+45.8779444| 9344741|19310818+4552406|4814.5|-0.375| 0.054| 44.403| 4.800|RGB     | 1.0345| 1.258| 0.041| 9.768| 0.015| 2.558| 0.007| 1.90e-03| 0.007| 3.576| 0.154|                |  0|KCat|Sloan|Simbad|292.78408|+45.87794
293.3299167|+45.8438056| 9346108|19331918+4550377|4670.0| 0.216| 0.001| 29.732| 3.749|RC(S)   | 1.0084| 1.074| 0.079|11.113| 0.024| 2.377| 0.010| 1.10e-03| 0.008| 3.774| 0.234|                |  0|KCat|Sloan|Simbad|293.32992|+45.84381
293.4021667|+45.8609444| 9346288|19333652+4551394|4557.1| 0.045| 0.021| 28.410| 3.318|RGB     | 1.0381| 1.310| 0.042|12.634| 0.016| 2.352| 0.007| 9.16e-04| 0.008| 3.645| 0.202|                |  1|KCat|Sloan|Simbad|293.40217|+45.86094
293.5215833|+45.8637778| 9346602|19340518+4551496|4908.1|-0.011| 0.007| 55.350| 5.150|RC      | 1.0030| 2.141| 0.067|11.360| 0.018| 2.658| 0.009| 2.06e-03| 0.008| 3.022| 0.076|                |  1|KCat|Sloan|Simbad|293.52158|+45.86378
293.5239167|+45.8266944| 9346607|19340574+4549361|4652.2| 0.046| 0.015| 42.876| 4.666|RGB     | 1.0367| 1.194| 0.041| 9.768| 0.015| 2.535| 0.007| 1.81e-03| 0.007| 3.778| 0.222|                |  0|KCat|Sloan|Simbad|293.52392|+45.82669
294.0047083|+45.8502500| 9347846|19360113+4551009|4868.8|-0.189| 0.065| 31.483| 4.042|RC      | 0.9963| 1.054| 0.079|10.589| 0.024| 2.411| 0.010| 1.25e-03| 0.008| 3.707| 0.321|                |  0|KCat|Sloan|Simbad|294.00471|+45.85025
294.4185417|+45.8456111| 9348987|19374045+4550442|4681.1| 0.157| 0.013| 61.117| 6.019|RGB     | 1.0342| 1.273| 0.039| 8.435| 0.014| 2.691| 0.007| 2.99e-03| 0.007| 3.713| 0.310|                |  0|KCat|Sloan|Simbad|294.41854|+45.84561
294.6479583|+45.8521944| 9349632|19383551+4551079|5050.2| 0.195|-0.015| 99.305| 7.777|RC      | 0.9965| 2.548| 0.048| 9.185| 0.010| 2.918| 0.007| 4.64e-03| 0.008| 2.802| 0.271|                |  1|KCat|Sloan|Simbad|294.64796|+45.85219
294.6719583|+45.8242222| 9349690|19384127+4549272|4139.2| 0.178|-0.014|  4.702| 0.905|RGB     | 1.0346| 0.942| 0.044|26.978| 0.017| 1.550| 0.007| 6.77e-05| 0.008| 4.174| 0.424|Ageold          |  1|KCat|Sloan|Simbad|294.67196|+45.82422
294.7840000|+45.8287222| 9350031|19390816+4549434|4623.7|-0.291| 0.223| 52.944| 5.773|RGB     | 1.0389| 0.943| 0.040| 7.822| 0.015| 2.626| 0.007| 2.78e-03| 0.007| 4.045| 0.085|                |  1|KCat|Sloan|Simbad|294.78400|+45.82872
294.8301250|+45.8657778| 9350151|19391923+4551568|4693.8| 0.264| 0.020| 33.207| 3.710|RC(S)   | 1.0102| 1.561| 0.078|12.660| 0.023| 2.426| 0.010| 1.08e-03| 0.008| 3.358| 0.441|                |  0|KCat|Sloan|Simbad|294.83012|+45.86578
295.0230833|+45.8963889| 9350701|19400554+4553470|4931.9| 0.034|-0.003| 60.103| 5.731|RC(S)   | 0.9993| 1.828| 0.065|10.059| 0.017| 2.695| 0.009| 2.53e-03| 0.008| 3.148| 0.270|                |  1|KCat|Sloan|Simbad|295.02308|+45.89639
295.1255833|+45.8579722| 9350965|19403014+4551287|4946.6| 0.087| 0.011| 48.453| 4.819|RC(S)   | 1.0085| 1.855| 0.071|11.279| 0.020| 2.602| 0.009| 1.82e-03| 0.008| 3.155| 0.466|                |  0|KCat|Sloan|Simbad|295.12558|+45.85797
295.2025000|+45.8385278| 9351186|19404860+4550187|4741.1| 0.126| 0.004| 33.934| 3.885|RC      | 1.0054| 1.433| 0.077|11.971| 0.023| 2.438| 0.010| 1.18e-03| 0.008| 3.434| 0.272|                |  1|KCat|Sloan|Simbad|295.20250|+45.83853
295.3575833|+45.8262500| 9351617|19412582+4549345|4835.7| 0.006| 0.019| 39.780| 4.366|RC(S)   | 0.9984| 1.533| 0.075|11.378| 0.022| 2.511| 0.010| 1.47e-03| 0.008| 3.317| 0.277|                |  1|KCat|Sloan|Simbad|295.35758|+45.82625
295.6492500|+45.8926389| 9352513|19423582+4553335|4752.5| 0.297|-0.031| 48.834| 4.812|RC      | 1.0107| 1.783| 0.070|11.126| 0.020| 2.597| 0.009| 1.83e-03| 0.008| 3.233| 0.241|                |  0|KCat|Sloan|Simbad|295.64925|+45.89264
295.8561250|+45.8490556| 9353187|19432547+4550566|4953.6| 0.138|-0.038| 77.828| 6.714|RC      | 1.0003| 2.112| 0.057| 9.491| 0.013| 2.808| 0.008| 3.48e-03| 0.008| 3.051| 0.128|                |  1|KCat|Sloan|Simbad|295.85612|+45.84906
295.9795000|+45.8314722| 9353531|19435508+4549533|4723.2|-0.144| 0.161| 29.817| 3.967|RC      | 0.9930| 0.934| 0.079|10.322| 0.024| 2.381| 0.010| 1.20e-03| 0.008| 3.842| 0.084|                |  1|KCat|Sloan|Simbad|295.97950|+45.83147
296.1494167|+45.8059444| 9354037|19443586+4548214|4785.9|-0.031|-0.006| 34.013| 3.654|RGB     | 1.0315| 1.688| 0.042|12.947| 0.016| 2.441| 0.007| 1.10e-03| 0.007| 3.239| 0.369|                |  0|KCat|Sloan|Simbad|296.14942|+45.80594
299.0427500|+45.8226389| 9363969|19561026+4549215|4347.4|-0.207| 0.040|  7.154| 1.114|RGB     | 1.0314| 1.576| 0.044|27.939| 0.017| 1.743| 0.007| 1.02e-04| 0.008| 3.283| 0.957|                |  0|KCat|Sloan|Simbad|299.04275|+45.82264
299.2295833|+45.8957500| 9364590|19565510+4553447|4400.6|-0.150| 0.019|  9.375| 1.362|RGB     | 1.0332| 1.606| 0.044|24.562| 0.017| 1.863| 0.007| 1.53e-04| 0.008| 3.282| 1.294|                |  0|KCat|Sloan|Simbad|299.22958|+45.89575
299.2854167|+45.8462778| 9364778|19570850+4550466|4967.8|-0.100|-0.006| 34.280| 3.714|RC(S)   | 1.0027| 1.917| 0.077|13.617| 0.023| 2.453| 0.010| 1.07e-03| 0.008| 3.080| 0.634|                |  0|KCat|Sloan|Simbad|299.28542|+45.84628
300.0453333|+45.8727778| 9367236|20001088+4552220|4844.1| 0.152|-0.027| 41.633| 4.421|RC(S)   | 1.0010| 1.658| 0.074|11.565| 0.021| 2.531| 0.010| 1.51e-03| 0.008| 3.272| 0.517|                |  0|KCat|Sloan|Simbad|300.04533|+45.87278
300.4893333|+45.8998333| 9368745|20015744+4553594|4752.1| 0.275|-0.005|105.639| 9.091|RGB     | 1.0271| 1.328| 0.036| 6.529| 0.013| 2.932| 0.007| 6.73e-03| 0.007| 3.675| 0.630|                |  0|KCat|Sloan|Simbad|300.48933|+45.89983
283.7006667|+45.9046944| 9388422|18544816+4554169|4610.6| 0.322| 0.051| 32.661| 3.930|RC      | 1.0048| 1.173| 0.078|11.117| 0.023| 2.415| 0.010| 1.20e-03| 0.008| 3.699| 0.137|                |  0|KCat|Sloan|Simbad|283.70067|+45.90469
283.7458750|+45.9132500| 9388508|18545901+4554477|4602.1| 0.202| 0.047| 29.415| 3.744|RC(S)   | 1.0039| 1.041| 0.080|11.039| 0.024| 2.369| 0.010| 1.09e-03| 0.008| 3.806| 0.099|                |  0|KCat|Sloan|Simbad|283.74587|+45.91325
284.1340417|+45.9155278| 9389234|18563217+4554559|4505.5| 0.312| 0.019| 27.658| 3.239|AMB     | 1.0259| 1.374| 0.122|13.146| 0.058| 2.338| 0.010| 8.52e-04| 0.010| 3.589| 0.150|SeisUnc         |  0|KCat|Sloan|Simbad|284.13404|+45.91553
284.4057083|+45.9021111| 9389690|18573737+4554076|4663.2|-0.242| 0.039| 29.769| 3.505|RGB(S)  | 1.0367| 1.261| 0.042|12.037| 0.016| 2.378| 0.007| 1.02e-03| 0.008| 3.605| 0.092|                |  0|KCat|Sloan|Simbad|284.40571|+45.90211
284.5600417|+45.9447778| 9390017|18581441+4556412|4381.8|-0.785| 0.239|  4.270| 0.733|RGB     | 1.0155| 1.920| 0.044|39.841| 0.017| 1.521| 0.007| 4.28e-05| 0.008| 2.941| 0.003|                |  0|KCat|Sloan|Simbad|284.56004|+45.94478
284.7395417|+45.9495278| 9390328|18585749+4556583|4481.7|-0.407| 0.232| 19.104| 2.621|RGB     | 1.0445| 0.974| 0.043|13.341| 0.016| 2.176| 0.007| 5.79e-04| 0.008| 3.955| 0.094|                |  0|KCat|Sloan|Simbad|284.73954|+45.94953
284.9297083|+45.9232778| 9390666|18594313+4555238|4650.4|-0.055| 0.149| 28.724| 3.741|RC      | 0.9807| 1.085| 0.080|11.377| 0.024| 2.361| 0.010| 1.04e-03| 0.008| 3.705| 0.050|                |  1|KCat|Sloan|Simbad|284.92971|+45.92328
285.0803750|+45.9484444| 9390936|19001929+4556544|4551.2|-0.313| 0.248| 35.105| 4.152|RGB     | 1.0402| 0.998| 0.042| 9.923| 0.016| 2.444| 0.007| 1.44e-03| 0.007| 3.957| 0.008|                |  0|KCat|Sloan|Simbad|285.08037|+45.94844
285.2397083|+45.9678056| 9391192|19005753+4558041|4711.4| 0.001| 0.068| 29.967| 3.895|RC      | 1.0005| 0.987| 0.079|10.587| 0.024| 2.383| 0.010| 1.17e-03| 0.008| 3.809| 0.095|                |  0|KCat|Sloan|Simbad|285.23971|+45.96781
285.6812500|+45.9598611| 9391954|19024350+4557355|4938.5|-0.368| 0.078| 83.960| 7.917|RGB     | 1.0271| 1.228| 0.037| 6.974| 0.013| 2.840| 0.007| 5.10e-03| 0.007| 3.607| 0.009|                |  0|KCat|Sloan|Simbad|285.68125|+45.95986
285.7230833|+45.9359167| 9392039|19025354+4556093|4862.3|-0.123| 0.034| 36.200| 4.075|RC      | 1.0088| 1.472| 0.076|11.674| 0.022| 2.472| 0.010| 1.31e-03| 0.008| 3.341| 0.089|                |  1|KCat|Sloan|Simbad|285.72308|+45.93592
285.8404583|+45.9861111| 9392274|19032171+4559100|4677.5|-0.040| 0.017| 44.979| 4.852|RGB     | 1.0366| 1.189| 0.041| 9.504| 0.015| 2.557| 0.007| 1.95e-03| 0.007| 3.754| 0.101|                |  1|KCat|Sloan|Simbad|285.84046|+45.98611
286.0374583|+45.9781944| 9392650|19040899+4558415|4740.0|-0.028| 0.036| 32.776| 4.035|RC      | 0.9988| 1.139| 0.078|10.858| 0.023| 2.423| 0.010| 1.25e-03| 0.008| 3.660| 0.038|                |  0|KCat|Sloan|Simbad|286.03746|+45.97819
286.1897917|+45.9429167| 9392933|19044555+4556345|4650.8| 0.131| 0.013| 31.493| 3.878|AMB     | 1.0209| 1.060| 0.176|10.728| 0.091| 2.401| 0.010| 1.21e-03| 0.010| 3.911| 0.030|                |  0|KCat|Sloan|Simbad|286.18979|+45.94292
286.2438333|+45.9300000| 9393028|19045852+4555480|4751.7|-0.003| 0.029| 30.948| 3.862|RC      | 0.9968| 1.156| 0.079|11.250| 0.024| 2.398| 0.010| 1.14e-03| 0.008| 3.643| 0.126|                |  0|KCat|Sloan|Simbad|286.24383|+45.93000
287.6845417|+45.9196111| 9395535|19104429+4555106|4545.5|-0.218| 0.058| 22.593| 2.938|RGB     | 1.0426| 1.049| 0.043|12.688| 0.016| 2.252| 0.007| 7.24e-04| 0.008| 3.879| 0.062|                |  1|KCat|Sloan|Simbad|287.68454|+45.91961
288.0337083|+45.9443333| 9396095|19120809+4556396|4742.6|-0.110| 0.144| 29.412| 3.927|RC      | 0.9946| 0.933| 0.080|10.376| 0.024| 2.376| 0.010| 1.18e-03| 0.008| 3.842| 0.076|                |  1|KCat|Sloan|Simbad|288.03371|+45.94433
288.1942500|+45.9896389| 9396363|19124662+4559227|4826.6|-0.008|-0.010| 43.546| 4.601|RC      | 0.9975| 1.632| 0.073|11.226| 0.021| 2.550| 0.009| 1.63e-03| 0.008| 3.248| 0.126|                |  1|KCat|Sloan|Simbad|288.19425|+45.98964
288.6110000|+45.9696111| 9397110|19142664+4558106|4844.9| 0.061|-0.015| 38.159| 4.385|RC      | 1.0015| 1.317| 0.075|10.763| 0.022| 2.494| 0.010| 1.49e-03| 0.008| 3.514| 0.203|                |  1|KCat|Sloan|Simbad|288.61100|+45.96961
291.1808333|+45.9012778| 9402439|19244340+4554046|4797.7| 0.186| 0.031|135.402|11.410|RGB     | 1.0245| 1.155| 0.033| 5.365| 0.012| 3.042| 0.007| 1.05e-02| 0.007| 3.869| 0.236|                |  0|KCat|Sloan|Simbad|291.18083|+45.90128
292.3131250|+45.9875000| 9405221|19291515+4559150|4677.7|-0.034| 0.053| 73.789| 7.308|RGB     | 1.0342| 1.030| 0.038| 6.906| 0.014| 2.772| 0.007| 4.41e-03| 0.007| 3.974| 0.089|                |  0|KCat|Sloan|Simbad|292.31312|+45.98750
292.3290417|+45.9369167| 9405269|19291897+4556129|4658.4| 0.267| 0.007| 36.941| 4.242|RC      | 1.0023| 1.283| 0.076|10.904| 0.022| 2.471| 0.010| 1.40e-03| 0.008| 3.584| 0.110|                |  1|KCat|Sloan|Simbad|292.32904|+45.93692
292.3519583|+45.9720000| 9405336|19292447+4558192|4800.5|-0.093| 0.051| 31.607| 3.891|RC(S)   | 1.0002| 1.198| 0.078|11.304| 0.024| 2.410| 0.010| 1.17e-03| 0.008| 3.584| 0.172|                |  0|KCat|Sloan|Simbad|292.35196|+45.97200
292.3647500|+45.9947778| 9405368|19292754+4559412|4575.3| 0.082| 0.023| 20.470| 2.795|RC(S)   | 1.0089| 1.098| 0.084|13.613| 0.026| 2.211| 0.010| 6.14e-04| 0.008| 3.720| 0.164|                |  0|KCat|Sloan|Simbad|292.36475|+45.99478
292.4449167|+45.9034444| 9405555|19294678+4554124|4407.4|-0.203| 0.103| 18.224| 2.509|RGB     | 1.0462| 0.976| 0.043|13.730| 0.016| 2.152| 0.007| 5.32e-04| 0.008| 4.024| 0.028|                |  1|KCat|Sloan|Simbad|292.44492|+45.90344
292.5666667|+45.9995000| 9405867|19301600+4559582|4786.2|-0.048| 0.019| 62.500| 6.115|RGB     | 1.0317| 1.334| 0.039| 8.490| 0.014| 2.705| 0.007| 3.07e-03| 0.007| 3.583| 0.197|                |  0|KCat|Sloan|Simbad|292.56667|+45.99950
292.7890833|+45.9975000| 9406415|19310938+4559510|4908.3|-0.010|-0.013| 57.308| 5.198|RC      | 1.0055| 2.268| 0.066|11.489| 0.018| 2.673| 0.009| 2.11e-03| 0.008| 2.918| 0.000|                |  1|KCat|Sloan|Simbad|292.78908|+45.99750
292.7908750|+45.9575278| 9406426|19310981+4557271|4714.5|-0.123| 0.160| 28.068| 3.787|RC      | 0.9960| 0.925| 0.080|10.590| 0.024| 2.354| 0.010| 1.10e-03| 0.008| 3.849| 0.104|                |  0|KCat|Sloan|Simbad|292.79087|+45.95753
292.8516667|+45.9184444| 9406596|19312440+4555064|4594.8| 0.301|-0.014| 33.807| 3.986|RC      | 1.0041| 1.227| 0.077|11.184| 0.023| 2.430| 0.010| 1.24e-03| 0.008| 3.650| 0.071|                |  1|KCat|Sloan|Simbad|292.85167|+45.91844
292.8660833|+45.9842500| 9406638|19312786+4559033|4694.2|-0.361| 0.074| 46.265| 4.462|RGB(S)  | 1.0215| 1.929| 0.041|11.925| 0.015| 2.570| 0.007| 1.60e-03| 0.007| 2.975| 0.073|                |  1|KCat|Sloan|Simbad|292.86608|+45.98425
293.5260417|+45.9084444| 9408278|19340625+4554304|4653.0|-0.113| 0.065| 47.640| 5.282|RGB     | 1.0393| 0.988| 0.041| 8.428| 0.015| 2.581| 0.007| 2.33e-03| 0.007| 4.025| 0.228|                |  0|KCat|Sloan|Simbad|293.52604|+45.90844
293.6523750|+45.9365278| 9408590|19343657+4556115|4865.3| 0.029|-0.026| 44.939| 4.582|RC      | 0.9992| 1.833| 0.072|11.691| 0.020| 2.566| 0.009| 1.62e-03| 0.008| 3.160| 0.148|                |  1|KCat|Sloan|Simbad|293.65237|+45.93653
293.9971250|+45.9757222| 9409463|19355931+4558326|4849.8|-0.231| 0.066| 31.833| 3.972|RC      | 1.0000| 1.145| 0.078|10.985| 0.023| 2.415| 0.010| 1.22e-03| 0.008| 3.607| 0.371|                |  0|KCat|Sloan|Simbad|293.99712|+45.97572
294.0176667|+45.9742778| 9409513|19360424+4558274|5112.3| 0.058|-0.013| 70.616| 6.008|RC      | 0.9839| 2.756| 0.060|11.293| 0.015| 2.773| 0.008| 2.70e-03| 0.008| 2.719| 0.231|                |  1|KCat|Sloan|Simbad|294.01767|+45.97428
294.6874583|+45.9308889| 9411366|19384499+4555512|4945.7|-0.151| 0.003| 48.914| 4.961|RC(S)   | 1.0005| 1.753| 0.070|10.913| 0.020| 2.606| 0.009| 1.90e-03| 0.008| 3.163| 0.234|                |  1|KCat|Sloan|Simbad|294.68746|+45.93089
295.1063333|+45.9632222| 9412408|19402552+4557476|4919.5|-0.141| 0.071| 34.661| 4.200|RC      | 0.9983| 1.215| 0.077|10.807| 0.023| 2.455| 0.010| 1.36e-03| 0.008| 3.566| 0.302|                |  1|KCat|Sloan|Simbad|295.10633|+45.96322
295.2001667|+45.9793056| 9412682|19404804+4558455|4738.3| 0.094| 0.011| 33.973| 4.198|RC      | 1.0007| 1.074| 0.077|10.359| 0.023| 2.438| 0.010| 1.36e-03| 0.008| 3.745| 0.309|                |  0|KCat|Sloan|Simbad|295.20017|+45.97931
295.6846667|+45.9165278| 9414068|19424432+4554595|4449.6|-0.537| 0.190| 10.090| 1.634|RGB     | 1.0462| 0.934| 0.044|18.004| 0.017| 1.897| 0.007| 2.26e-04| 0.008| 3.981| 0.258|                |  1|KCat|Sloan|Simbad|295.68467|+45.91653
295.6962083|+45.9881111| 9414102|19424709+4559172|4571.3| 0.473| 0.023| 35.102| 3.962|RC      | 1.0050| 1.390| 0.077|11.698| 0.023| 2.445| 0.010| 1.22e-03| 0.008| 3.518| 0.289|                |  1|KCat|Sloan|Simbad|295.69621|+45.98811
296.0915417|+45.9159167| 9415248|19442197+4554573|4157.7| 0.210| 0.009|  7.475| 1.130|RGB     | 1.0356| 1.561| 0.044|27.509| 0.017| 1.752| 0.007| 1.06e-04| 0.008| 3.420| 0.351|                |  0|KCat|Sloan|Simbad|296.09154|+45.91592
296.9763750|+45.9682500| 9417940|19475433+4558057|4743.2| 0.264| 0.007| 97.137| 8.330|RGB     | 1.0267| 1.463| 0.036| 7.149| 0.013| 2.895| 0.007| 5.65e-03| 0.007| 3.525| 0.552|                |  0|KCat|Sloan|Simbad|296.97637|+45.96825
299.4423750|+45.9502222| 9426610|19574617+4557008|4844.5| 0.142| 0.003|129.881|10.746|RGB     | 1.0234| 1.320| 0.034| 5.842| 0.012| 3.026| 0.007| 9.34e-03| 0.007| 3.649| 0.590|                |  0|KCat|Sloan|Simbad|299.44237|+45.95022
299.6308750|+45.9473056| 9427247|19583141+4556503|5021.5| 0.154|-0.032|111.719| 8.698|RC      | 0.9991| 2.274| 0.047| 8.193| 0.009| 2.968| 0.007| 5.83e-03| 0.008| 2.941| 0.520|                |  0|KCat|Sloan|Simbad|299.63087|+45.94731
299.8398333|+45.9286667| 9427889|19592156+4555432|4852.4| 0.031|-0.013| 37.776| 3.728|RC      | 1.0077| 2.392| 0.076|14.575| 0.022| 2.490| 0.010| 1.09e-03| 0.008| 2.885| 0.625|                |  0|KCat|Sloan|Simbad|299.83983|+45.92867
299.8423333|+45.9406944| 9427899|19592216+4556265|4906.1| 0.064|-0.001|180.332|14.112|RGB     | 1.0189| 1.233| 0.030| 4.775| 0.010| 3.171| 0.007| 1.60e-02| 0.006| 3.725| 0.599|                |  0|KCat|Sloan|Simbad|299.84233|+45.94069
300.6041667|+45.9602222| 9430402|20022500+4557368|5031.2| 0.051|-0.024| 70.311| 6.115|RC      | 1.0076| 2.251| 0.061|10.269| 0.015| 2.767| 0.008| 2.93e-03| 0.008| 2.989| 0.632|                |  0|KCat|Sloan|Simbad|300.60417|+45.96022
300.7351667|+45.9215556| 9430786|20025644+4555176|4710.9|-0.043| 0.007| 38.616| 4.128|RGB     | 1.0338| 1.468| 0.041|11.375| 0.015| 2.493| 0.007| 1.41e-03| 0.007| 3.443| 0.518|                |  0|KCat|Sloan|Simbad|300.73517|+45.92156
282.5236250|+46.0969444| 9447310|18500567+4605490|4689.1|-0.052| 0.062| 74.332| 7.251|RGB     | 1.0330| 1.096| 0.038| 7.092| 0.014| 2.776| 0.007| 4.33e-03| 0.007| 3.879| 0.054|                |  0|KCat|Sloan|Simbad|282.52362|+46.09694
283.8554583|+46.0730556| 9449413|18552531+4604230|4672.8|-0.104| 0.050| 52.974| 5.673|RGB     | 1.0375| 1.034| 0.040| 8.170| 0.015| 2.628| 0.007| 2.68e-03| 0.007| 3.966| 0.078|                |  1|KCat|Sloan|Simbad|283.85546|+46.07306
284.6234167|+46.0667222| 9450786|18582962+4604002|4861.6|-0.249| 0.074| 27.809| 3.643|RC      | 1.0115| 1.034| 0.080|11.163| 0.024| 2.357| 0.010| 1.05e-03| 0.008| 3.712| 0.093|                |  1|KCat|Sloan|Simbad|284.62342|+46.06672
285.0184583|+46.0788333| 9451434|19000443+4604438|4633.3| 0.004| 0.133| 27.257| 3.623|RC      | 1.0011| 0.965| 0.081|11.025| 0.025| 2.338| 0.010| 1.02e-03| 0.008| 3.836| 0.053|                |  1|KCat|Sloan|Simbad|285.01846|+46.07883
285.1231667|+46.0629722| 9451604|19002956+4603467|4191.4|-0.301| 0.064|  4.070| 0.777|RGB     | 1.0356| 1.140| 0.044|31.796| 0.017| 1.490| 0.007| 5.00e-05| 0.008| 3.734| 0.098|                |  0|KCat|Sloan|Simbad|285.12317|+46.06297
285.3680417|+46.0356667| 9451999|19012833+4602084|4917.3|-0.292| 0.058| 34.682| 4.176|RC      | 0.9875| 1.301| 0.077|11.181| 0.023| 2.455| 0.010| 1.31e-03| 0.008| 3.448| 0.087|                |  1|KCat|Sloan|Simbad|285.36804|+46.03567
285.3710417|+46.0739722| 9452006|19012905+4604263|4733.5| 0.118| 0.025| 32.429| 3.992|RC      | 1.0008| 1.140| 0.078|10.926| 0.023| 2.418| 0.010| 1.23e-03| 0.008| 3.692| 0.149|                |  0|KCat|Sloan|Simbad|285.37104|+46.07397
285.6732917|+46.0062500| 9452570|19024159+4600225|4795.2| 0.057| 0.012| 39.064| 4.349|RC      | 0.9871| 1.523| 0.075|11.471| 0.022| 2.502| 0.010| 1.42e-03| 0.008| 3.344| 0.059|                |  0|KCat|Sloan|Simbad|285.67329|+46.00625
286.0955000|+46.0748056| 9453362|19042292+4604293|4890.1|-0.227| 0.039| 34.511| 4.176|RC      | 0.9926| 1.245| 0.077|10.980| 0.023| 2.452| 0.010| 1.33e-03| 0.008| 3.514| 0.010|                |  1|KCat|Sloan|Simbad|286.09550|+46.07481
286.1230833|+46.0834167| 9453407|19042954+4605003|4937.3|-0.379| 0.205| 28.953| 3.989|RC      | 0.9934| 0.893| 0.080|10.125| 0.024| 2.378| 0.010| 1.21e-03| 0.008| 3.843| 0.128|                |  0|KCat|Sloan|Simbad|286.12308|+46.08342
287.7345417|+46.0365556| 9456153|19105629+4602116|4937.0|-0.312| 0.048| 33.527| 4.131|RC      | 0.9958| 1.194| 0.078|10.883| 0.023| 2.442| 0.010| 1.31e-03| 0.008| 3.535| 0.130|                |  1|KCat|Sloan|Simbad|287.73454|+46.03656
287.7830833|+46.0227500| 9456242|19110794+4601219|4810.1| 0.155|-0.015|136.589|11.280|RGB     | 1.0233| 1.252| 0.033| 5.557| 0.011| 3.046| 0.007| 1.03e-02| 0.007| 3.733| 0.131|                |  0|KCat|Sloan|Simbad|287.78308|+46.02275
287.9131250|+46.0312500| 9456478|19113915+4601525|4477.0|-0.019| 0.057| 19.727| 2.570|RGB     | 1.0422| 1.168| 0.043|14.378| 0.016| 2.190| 0.007| 5.54e-04| 0.008| 3.783| 0.118|                |  1|KCat|Sloan|Simbad|287.91312|+46.03125
287.9354167|+46.0356944| 9456506|19114450+4602085|4718.1|-0.319| 0.163| 66.834| 6.894|RGB     | 1.0349| 0.976| 0.039| 7.049| 0.014| 2.731| 0.007| 3.93e-03| 0.007| 3.992| 0.043|                |  0|KCat|Sloan|Simbad|287.93542|+46.03569
287.9810833|+46.0015556| 9456598|19115546+4600056|4775.4| 0.215| 0.006| 40.431| 4.443|RC      | 1.0002| 1.462| 0.074|11.059| 0.021| 2.516| 0.010| 1.52e-03| 0.008| 3.421| 0.152|                |  1|KCat|Sloan|Simbad|287.98108|+46.00156
287.9968750|+46.0255278| 9456623|19115925+4601319|4887.0|-0.074| 0.095|220.852|24.865|RGB     |       |      |      |      |      | 3.258| 0.007|         |      |      | 0.000|No Fdnu         |  0|KCat|Sloan|Simbad|287.99687|+46.02553
288.2622917|+46.0882778| 9457108|19130295+4605178|4610.4| 0.446| 0.013| 92.333| 8.255|RGB     | 1.0315| 1.226| 0.037| 6.759| 0.013| 2.867| 0.007| 5.60e-03| 0.007| 3.826| 0.160|                |  1|KCat|Sloan|Simbad|288.26229|+46.08828
288.4791667|+46.0581944| 9457533|19135500+4603295|4830.4| 0.174|-0.008|167.406|13.287|RGB     | 1.0206| 1.218| 0.031| 4.945| 0.010| 3.135| 0.007| 1.42e-02| 0.006| 3.777| 0.070|                |  0|KCat|Sloan|Simbad|288.47917|+46.05819
288.6203750|+46.0783056| 9457766|19142889+4604419|4563.1| 0.424| 0.035| 54.406| 5.196|RGB     | 1.0332| 1.562| 0.040| 9.967| 0.015| 2.635| 0.007| 2.22e-03| 0.007| 3.455| 0.166|                |  0|KCat|Sloan|Simbad|288.62037|+46.07831
288.6862500|+46.0486944| 9457889|19144470+4602553|4575.8|-0.373| 0.187| 25.026| 3.209|RGB     | 1.0418| 1.016| 0.042|11.841| 0.016| 2.298| 0.007| 8.63e-04| 0.008| 3.893| 0.164|                |  0|KCat|Sloan|Simbad|288.68625|+46.04869
292.5131250|+46.0647222| 9466520|19300315+4603530|4636.7| 0.098| 0.001| 52.133| 5.450|RGB     | 1.0368| 1.147| 0.040| 8.690| 0.015| 2.620| 0.007| 2.46e-03| 0.007| 3.855| 0.193|                |  0|KCat|Sloan|Simbad|292.51312|+46.06472
292.7075000|+46.0760833| 9466998|19304980+4604339|4553.4|-0.191| 0.036| 20.796| 2.697|RGB     | 1.0410| 1.162| 0.043|13.911| 0.016| 2.217| 0.007| 6.09e-04| 0.008| 3.752| 0.200|                |  0|KCat|Sloan|Simbad|292.70750|+46.07608
292.7536250|+46.0410278| 9467117|19310087+4602277|4615.2| 0.320| 0.002| 24.699| 3.228|RC      | 1.0199| 1.052| 0.082|12.102| 0.025| 2.294| 0.010| 8.37e-04| 0.008| 3.811| 0.172|                |  0|KCat|Sloan|Simbad|292.75362|+46.04103
292.8515000|+46.0161389| 9467361|19312436+4600581|4723.2| 0.035| 0.021| 28.562| 3.699|RC      | 1.0042| 1.039| 0.080|11.121| 0.024| 2.362| 0.010| 1.06e-03| 0.008| 3.775| 0.163|                |  0|KCat|Sloan|Simbad|292.85150|+46.01614
293.1622500|+46.0303889| 9468160|19323894+4601494|5035.2|-0.346| 0.046|172.293|13.665|RGB     | 1.0179| 1.276| 0.030| 4.939| 0.010| 3.157| 0.007| 1.49e-02| 0.006| 3.543| 0.102|                |  0|KCat|Sloan|Simbad|293.16225|+46.03039
293.1780833|+46.0126389| 9468199|19324274+4600455|5060.0| 0.064|-0.020| 56.247| 4.855|RC      | 1.0000| 3.014| 0.067|13.267| 0.018| 2.672| 0.009| 1.82e-03| 0.008| 2.631| 0.174|                |  0|KCat|Sloan|Simbad|293.17808|+46.01264
293.4643750|+46.0550833| 9468930|19335145+4603183|4753.2|-0.309| 0.059| 24.953| 3.109|RGB     | 1.0377| 1.228| 0.043|12.915| 0.016| 2.305| 0.007| 8.04e-04| 0.008| 3.613| 0.393|                |  0|KCat|Sloan|Simbad|293.46437|+46.05508
293.5809167|+46.0832222| 9469212|19341942+4604596|4722.8| 0.297|-0.013| 43.158| 4.374|RC      | 1.0150| 1.756| 0.073|11.762| 0.021| 2.542| 0.009| 1.52e-03| 0.008| 3.248| 0.339|                |  0|KCat|Sloan|Simbad|293.58092|+46.08322
293.9036250|+46.0011944| 9470055|19353687+4600043|4299.9| 0.041| 0.013|  8.424| 1.265|RGB     | 1.0363| 1.494| 0.044|25.142| 0.017| 1.812| 0.007| 1.33e-04| 0.008| 3.448| 0.372|SeisUnc         |  1|KCat|Sloan|Simbad|293.90362|+46.00119
293.9602500|+46.0364722| 9470210|19355046+4602113|4885.7|-0.227| 0.067| 32.396| 3.999|RC      | 1.0034| 1.171| 0.078|10.991| 0.023| 2.424| 0.010| 1.24e-03| 0.008| 3.580| 0.466|                |  0|KCat|Sloan|Simbad|293.96025|+46.03647
293.9859167|+46.0444722| 9470276|19355662+4602401|4742.6| 0.046| 0.037| 75.013| 7.039|RGB     | 1.0307| 1.301| 0.038| 7.670| 0.014| 2.783| 0.007| 4.06e-03| 0.007| 3.652| 0.193|                |  1|KCat|Sloan|Simbad|293.98592|+46.04447
294.1787083|+46.0778611| 9470830|19364289+4604403|4723.9| 0.228| 0.012| 37.295| 4.306|RC      | 1.0015| 1.273| 0.076|10.773| 0.022| 2.478| 0.010| 1.44e-03| 0.008| 3.587| 0.306|                |  0|KCat|Sloan|Simbad|294.17871|+46.07786
294.3305833|+46.0217778| 9471284|19371934+4601184|4817.8| 0.119|-0.012| 40.732| 4.346|RC      | 1.0006| 1.653| 0.074|11.688| 0.021| 2.521| 0.010| 1.46e-03| 0.008| 3.270| 0.301|                |  1|KCat|Sloan|Simbad|294.33058|+46.02178
294.4583750|+46.0388611| 9471678|19375001+4602199|4520.8| 0.460| 0.000| 61.280| 6.145|RGB     | 1.0380| 1.105| 0.039| 7.916| 0.014| 2.684| 0.007| 3.14e-03| 0.007| 3.987| 0.523|                |  0|KCat|Sloan|Simbad|294.45837|+46.03886
294.5013333|+46.0611111| 9471796|19380032+4603400|5025.1| 0.161|-0.023|113.507| 8.568|RC(S)   | 1.0017| 2.510| 0.047| 8.538| 0.009| 2.975| 0.007| 5.69e-03| 0.008| 2.810| 0.366|                |  0|KCat|Sloan|Simbad|294.50133|+46.06111
294.5913750|+46.0705833| 9472064|19382193+4604141|4866.9|-0.130| 0.056| 27.067| 3.908|RC      | 0.9920| 0.780| 0.081| 9.822| 0.025| 2.345| 0.010| 1.16e-03| 0.008| 4.005| 0.413|                |  0|KCat|Sloan|Simbad|294.59137|+46.07058
294.7522500|+46.0400556| 9472481|19390054+4602242|4962.1|-0.074| 0.022| 60.747| 5.509|RC      | 1.0032| 2.196| 0.065|10.952| 0.017| 2.701| 0.009| 2.36e-03| 0.008| 2.995| 0.102|                |  1|KCat|Sloan|Simbad|294.75225|+46.04006
294.8159583|+46.0246111| 9472635|19391583+4601286|4750.5| 0.057| 0.056| 31.365| 4.040|RC      | 1.0035| 0.978| 0.079|10.280| 0.024| 2.404| 0.010| 1.27e-03| 0.008| 3.833| 0.381|                |  0|KCat|Sloan|Simbad|294.81596|+46.02461
295.2738750|+46.0488056| 9473921|19410573+4602557|4702.0| 0.054| 0.044| 31.799| 4.017|RC      | 1.0042| 1.023| 0.078|10.472| 0.023| 2.408| 0.010| 1.26e-03| 0.008| 3.786| 0.272|                |  0|KCat|Sloan|Simbad|295.27387|+46.04881
295.3093333|+46.0300833| 9474021|19411424+4601483|4010.3|-0.365| 0.212|  2.229| 0.522|RGB     | 1.0467| 0.827| 0.045|36.992| 0.017| 1.219| 0.007| 2.31e-05| 0.008| 4.170| 0.347|Ageold          |  1|KCat|Sloan|Simbad|295.30933|+46.03008
295.7432083|+46.0899444| 9475300|19425837+4605238|4762.7|-0.077| 0.014| 64.318| 6.313|RGB     | 1.0322| 1.268| 0.039| 8.170| 0.014| 2.717| 0.007| 3.28e-03| 0.007| 3.658| 0.270|                |  0|KCat|Sloan|Simbad|295.74321|+46.08994
295.8728750|+46.0144444| 9475697|19432949+4600520|4782.7| 0.131| 0.000|114.075| 9.838|RGB     | 1.0260| 1.237| 0.035| 6.052| 0.012| 2.966| 0.007| 7.87e-03| 0.007| 3.744| 0.129|                |  1|KCat|Sloan|Simbad|295.87287|+46.01444
295.9566667|+46.0854444| 9475932|19434960+4605076|5063.8| 0.088|-0.004| 71.331| 6.054|RC      | 0.9851| 2.702| 0.060|11.153| 0.015| 2.775| 0.008| 2.75e-03| 0.008| 2.756| 0.423|                |  0|KCat|Sloan|Simbad|295.95667|+46.08544
297.0892500|+46.0356667| 9479404|19482142+4602084|4926.0| 0.177|-0.018| 84.714| 6.980|RC(S)   | 1.0012| 2.304| 0.054| 9.516| 0.012| 2.844| 0.008| 3.77e-03| 0.008| 2.992| 0.000|                |  1|KCat|Sloan|Simbad|297.08925|+46.03567
299.0975000|+46.0271111| 9486819|19562340+4601376|4698.5| 0.104| 0.049|110.687| 9.877|RGB     | 1.0283| 1.073| 0.035| 5.748| 0.012| 2.949| 0.007| 7.97e-03| 0.007| 3.961| 0.420|                |  0|KCat|Sloan|Simbad|299.09750|+46.02711
299.5538750|+46.0121111| 9488333|19581293+4600436|5084.7|-0.020|-0.025| 91.510| 7.558|RC      | 0.9895| 2.322| 0.051| 9.119| 0.011| 2.884| 0.008| 4.32e-03| 0.008| 2.918| 0.804|                |  0|KCat|Sloan|Simbad|299.55387|+46.01211
299.7677083|+46.0344722| 9489078|19590425+4602041|4340.4|-0.401| 0.062|  4.230| 0.741|RGB     | 1.0221| 1.716| 0.044|37.933| 0.017| 1.514| 0.007| 4.43e-05| 0.008| 3.123| 1.291|                |  0|KCat|Sloan|Simbad|299.76771|+46.03447
300.4094583|+46.0796667| 9491316|20013827+4604468|4856.0| 0.111|-0.020| 52.299| 5.206|RC      | 0.9991| 1.729| 0.069|10.529| 0.019| 2.631| 0.009| 2.09e-03| 0.008| 3.212| 0.200|                |  0|KCat|Sloan|Simbad|300.40946|+46.07967
282.0796667|+46.1301111| 9508346|18481912+4607484|4420.0|-0.327| 0.206| 12.292| 1.792|RGB     | 1.0409| 1.178| 0.044|18.356| 0.016| 1.982| 0.007| 2.69e-04| 0.008| 3.697| 0.068|                |  0|KCat|Sloan|Simbad|282.07967|+46.13011
282.1198750|+46.1138889| 9508395|18482877+4606500|4751.8|-0.781| 0.246| 10.960| 1.967|RGB     | 1.0146| 0.710| 0.044|14.821| 0.017| 1.948| 0.007| 3.08e-04| 0.008| 4.235| 0.117|Ageold          |  0|KCat|Sloan|Simbad|282.11987|+46.11389
282.2471667|+46.1137222| 9508595|18485932+4606494|5014.2|-0.673| 0.241| 27.718| 3.984|RC      | 0.9817| 0.845| 0.080|10.031| 0.024| 2.362| 0.010| 1.18e-03| 0.008| 3.864| 0.131|                |  0|KCat|Sloan|Simbad|282.24717|+46.11372
284.2056250|+46.1425000| 9511816|18564935+4608330|5010.3|-0.062| 0.028|213.739|16.284|RGB     | 1.0169| 1.204| 0.028| 4.312| 0.009| 3.249| 0.007| 2.12e-02| 0.006| 3.725| 0.157|                |  0|KCat|Sloan|Simbad|284.20562|+46.14250
284.2842500|+46.1971667| 9511938|18570822+4611498|4585.7| 0.183| 0.048| 48.421| 4.925|RGB     | 1.0348| 1.366| 0.040| 9.866| 0.015| 2.585| 0.007| 2.00e-03| 0.007| 3.619| 0.080|                |  1|KCat|Sloan|Simbad|284.28425|+46.19717
284.5472917|+46.1149444| 9512426|18581135+4606538|4701.1|-0.207| 0.064| 48.928| 5.261|RGB     | 1.0367| 1.116| 0.040| 8.816| 0.015| 2.595| 0.007| 2.30e-03| 0.007| 3.804| 0.051|                |  0|KCat|Sloan|Simbad|284.54729|+46.11494
284.5977083|+46.1481111| 9512519|18582345+4608532|4772.3| 0.145|-0.001|109.781| 9.581|RGB     | 1.0270| 1.216| 0.035| 6.122| 0.012| 2.949| 0.007| 7.47e-03| 0.007| 3.776| 0.123|                |  0|KCat|Sloan|Simbad|284.59771|+46.14811
284.6625417|+46.1838056| 9512635|18583901+4611017|4944.1|-0.115| 0.020|139.191|11.724|RGB     | 1.0216| 1.191| 0.033| 5.332| 0.011| 3.060| 0.007| 1.11e-02| 0.007| 3.713| 0.061|                |  0|KCat|Sloan|Simbad|284.66254|+46.18381
284.8844167|+46.1241944| 9513046|18593226+4607271|5170.3|-0.383| 0.068| 82.496| 6.871|RC(S)   | 0.9890| 2.558| 0.055|10.039| 0.012| 2.843| 0.008| 3.56e-03| 0.008| 2.681| 0.009|                |  0|KCat|Sloan|Simbad|284.88442|+46.12419
285.3481250|+46.1972500| 9513787|19012355+4611501|4662.4|-0.142| 0.143| 30.707| 3.972|RC      | 0.9944| 0.990| 0.079|10.505| 0.024| 2.391| 0.010| 1.20e-03| 0.008| 3.782| 0.000|                |  1|KCat|Sloan|Simbad|285.34812|+46.19725
286.0407083|+46.1156667| 9515026|19040977+4606564|4749.4|-0.327| 0.082| 40.237| 4.576|RGB     | 1.0372| 1.099| 0.041| 9.622| 0.015| 2.512| 0.007| 1.74e-03| 0.007| 3.775| 0.078|                |  1|KCat|Sloan|Simbad|286.04071|+46.11567
286.0504167|+46.1492500| 9515045|19041210+4608573|4645.4| 0.040| 0.029| 55.844| 5.713|RGB     | 1.0358| 1.175| 0.040| 8.494| 0.015| 2.650| 0.007| 2.70e-03| 0.007| 3.808| 0.060|                |  0|KCat|Sloan|Simbad|286.05042|+46.14925
287.2467500|+46.1345556| 9517003|19085922+4608044|4408.4|-0.406| 0.094|  8.091| 1.358|RGB     | 1.0444| 1.003| 0.044|20.884| 0.017| 1.800| 0.007| 1.55e-04| 0.008| 3.907| 0.112|SeisUnc         |  1|KCat|Sloan|Simbad|287.24675|+46.13456
287.3172083|+46.1023333| 9517131|19091613+4606084|4601.6|-0.197| 0.191| 50.147| 5.489|RGB     | 1.0387| 0.974| 0.040| 8.179| 0.015| 2.601| 0.007| 2.51e-03| 0.007| 4.030| 0.033|                |  0|KCat|Sloan|Simbad|287.31721|+46.10233
287.4431250|+46.1387500| 9517331|19094635+4608195|4696.0|-0.164| 0.079| 45.709| 5.012|RGB     | 1.0374| 1.099| 0.041| 9.055| 0.015| 2.565| 0.007| 2.09e-03| 0.007| 3.843| 0.107|                |  0|KCat|Sloan|Simbad|287.44312|+46.13875
287.5575000|+46.1744167| 9517542|19101380+4610279|4515.9|-0.039| 0.021| 20.463| 2.694|RGB     | 1.0435| 1.089| 0.043|13.601| 0.016| 2.208| 0.007| 6.10e-04| 0.008| 3.889| 0.079|                |  1|KCat|Sloan|Simbad|287.55750|+46.17442
288.1160000|+46.1839167| 9518506|19122784+4611021|4921.0|-0.026|-0.027| 50.232| 4.993|RC      | 1.0015| 1.830| 0.070|11.017| 0.019| 2.616| 0.009| 1.93e-03| 0.008| 3.144| 0.031|                |  1|KCat|Sloan|Simbad|288.11600|+46.18392
288.2846667|+46.1310556| 9518802|19130832+4607518|5055.9|-0.008|-0.025| 91.718| 7.308|RC      | 0.9931| 2.614| 0.051| 9.677| 0.011| 2.884| 0.008| 4.07e-03| 0.008| 2.715| 0.000|                |  1|KCat|Sloan|Simbad|288.28467|+46.13106
288.7352083|+46.1113611| 9519609|19145645+4606409|4242.5|-0.180| 0.160| 10.285| 1.547|RGB     | 1.0424| 1.162| 0.044|20.131| 0.017| 1.895| 0.007| 2.01e-04| 0.008| 3.755| 0.067|                |  0|KCat|Sloan|Simbad|288.73521|+46.11136
289.0495833|+46.1053889| 9520156|19161190+4606194|4835.4|-0.015| 0.031| 31.599| 4.362|RC      | 0.9912| 0.794| 0.078| 9.189| 0.024| 2.411| 0.010| 1.44e-03| 0.008| 4.006| 0.129|                |  1|KCat|Sloan|Simbad|289.04958|+46.10539
289.4234167|+46.1714722| 9520864|19174162+4610173|4391.5|-0.084| 0.007| 13.405| 1.933|RGB     | 1.0442| 1.105| 0.044|17.051| 0.016| 2.018| 0.007| 3.15e-04| 0.008| 3.862| 0.072|                |  0|KCat|Sloan|Simbad|289.42342|+46.17147
289.5958333|+46.1415000| 9521171|19182300+4608294|4893.9|-0.210| 0.052| 83.285| 7.835|RGB     | 1.0282| 1.228| 0.037| 7.017| 0.014| 2.835| 0.007| 5.01e-03| 0.007| 3.640| 0.191|                |  0|KCat|Sloan|Simbad|289.59583|+46.14150
289.7493333|+46.1885556| 9521461|19185984+4611188|4915.9| 0.044|-0.034| 57.030| 5.382|RC      | 1.0056| 1.948| 0.067|10.670| 0.018| 2.671| 0.009| 2.26e-03| 0.008| 3.106| 0.100|                |  1|KCat|Sloan|Simbad|289.74933|+46.18856
289.8667917|+46.1624444| 9521696|19192803+4609448|4008.6| 0.231|-0.003|  4.458| 0.808|RGB     | 1.0412| 1.173| 0.044|31.160| 0.017| 1.520| 0.007| 5.47e-05| 0.008| 3.851| 0.322|SeisUnc         |  0|KCat|Sloan|Simbad|289.86679|+46.16244
293.2445417|+46.1954444| 9529813|19325869+4611436|4813.8|-0.254| 0.163|120.633|10.859|RGB     | 1.0252| 0.998| 0.034| 5.278| 0.012| 2.992| 0.007| 9.57e-03| 0.007| 3.955| 0.100|                |  0|KCat|Sloan|Simbad|293.24454|+46.19544
293.3095000|+46.1962778| 9529974|19331428+4611466|4723.2| 0.000| 0.025| 32.665| 4.039|RC      | 0.9997| 1.113| 0.078|10.764| 0.023| 2.421| 0.010| 1.26e-03| 0.008| 3.681| 0.130|                |  1|KCat|Sloan|Simbad|293.30950|+46.19628
293.4905417|+46.1450000| 9530396|19335773+4608420|4752.4| 0.405|-0.002| 82.643| 6.790|RGB(S)  | 1.0155| 2.139| 0.038| 9.367| 0.014| 2.825| 0.007| 3.67e-03| 0.007| 3.004| 0.279|                |  1|KCat|Sloan|Simbad|293.49054|+46.14500
293.7844583|+46.1263611| 9531084|19350827+4607349|4629.6| 0.147| 0.070| 99.642| 9.159|RGB     | 1.0313| 1.023| 0.036| 5.939| 0.013| 2.901| 0.007| 6.89e-03| 0.007| 4.051| 0.158|                |  0|KCat|Sloan|Simbad|293.78446|+46.12636
294.3223333|+46.1181944| 9532518|19371736+4607055|4832.7|-0.148| 0.071| 31.388| 4.010|RC      | 0.9962| 1.066| 0.079|10.685| 0.024| 2.408| 0.010| 1.23e-03| 0.008| 3.702| 0.158|                |  1|KCat|Sloan|Simbad|294.32233|+46.11819
294.6945000|+46.1645833| 9533544|19384668+4609525|4901.7|-0.247| 0.072| 32.645| 4.122|RC      | 0.9963| 1.097| 0.078|10.590| 0.023| 2.428| 0.010| 1.30e-03| 0.008| 3.650| 0.425|                |  0|KCat|Sloan|Simbad|294.69450|+46.16458
294.8152083|+46.1271667| 9533861|19391565+4607378|4869.6| 0.196|-0.007| 57.684| 5.038|RC(S)   | 1.0058| 2.588| 0.066|12.256| 0.018| 2.674| 0.009| 1.98e-03| 0.008| 2.806| 0.428|                |  0|KCat|Sloan|Simbad|294.81521|+46.12717
294.8872083|+46.1987222| 9534041|19393293+4611554|5073.1|-0.039|-0.029|108.599| 8.376|RC(S)   | 0.9983| 2.475| 0.047| 8.647| 0.009| 2.958| 0.007| 5.40e-03| 0.008| 2.780| 0.073|                |  0|KCat|Sloan|Simbad|294.88721|+46.19872
295.1717500|+46.1651111| 9534802|19404122+4609544|4663.4| 0.371| 0.037|138.985|11.538|RGB     | 1.0258| 1.139| 0.033| 5.295| 0.011| 3.047| 0.007| 1.08e-02| 0.007| 3.930| 0.163|                |  0|KCat|Sloan|Simbad|295.17175|+46.16511
295.2248333|+46.1766944| 9534964|19405396+4610361|4876.0|-0.016| 0.001|126.751|10.728|RGB     | 1.0231| 1.249| 0.034| 5.742| 0.012| 3.016| 0.007| 9.30e-03| 0.007| 3.673| 0.131|                |  0|KCat|Sloan|Simbad|295.22483|+46.17669
295.2352917|+46.1305000| 9535000|19405647+4607498|4847.3|-0.058| 0.014| 34.483| 4.086|RC      | 0.9923| 1.339| 0.077|11.415| 0.023| 2.450| 0.010| 1.27e-03| 0.008| 3.479| 0.382|                |  0|KCat|Sloan|Simbad|295.23529|+46.13050
295.2515833|+46.1101944| 9535050|19410038+4606367|4914.3|-0.021|-0.006| 44.892| 4.535|RC(S)   | 1.0038| 1.898| 0.072|11.870| 0.020| 2.567| 0.009| 1.60e-03| 0.008| 3.109| 0.071|                |  1|KCat|Sloan|Simbad|295.25158|+46.11019
295.3781667|+46.1521944| 9535399|19413076+4609079|4554.5| 0.281| 0.005| 57.255| 5.749|RGB     | 1.0360| 1.199| 0.040| 8.515| 0.015| 2.656| 0.007| 2.74e-03| 0.007| 3.837| 0.100|                |  1|KCat|Sloan|Simbad|295.37817|+46.15219
295.4061250|+46.1636389| 9535481|19413747+4609491|4660.7| 0.246| 0.033| 34.559| 4.064|RC      | 1.0024| 1.247| 0.077|11.112| 0.023| 2.442| 0.010| 1.28e-03| 0.008| 3.622| 0.342|                |  0|KCat|Sloan|Simbad|295.40612|+46.16364
295.7201250|+46.1585556| 9536330|19425283+4609308|4538.2| 0.053|-0.002| 22.288| 2.720|RGB     | 1.0381| 1.393| 0.043|14.722| 0.016| 2.246| 0.007| 6.16e-04| 0.008| 3.553| 0.172|                |  1|KCat|Sloan|Simbad|295.72012|+46.15856
296.9423750|+46.1314722| 9539910|19474617+4607533|4781.8|-0.027| 0.012| 31.428| 4.259|RC      | 0.9941| 0.835| 0.079| 9.477| 0.024| 2.407| 0.010| 1.38e-03| 0.008| 3.962| 0.518|                |  0|KCat|Sloan|Simbad|296.94237|+46.13147
297.4950833|+46.1882500| 9541892|19495882+4611177|4783.7|-0.010| 0.026| 36.014| 3.370|RC      | 1.0000| 3.131| 0.076|17.140| 0.022| 2.466| 0.010| 8.77e-04| 0.008| 2.577| 0.366|                |  0|KCat|Sloan|Simbad|297.49508|+46.18825
297.5125417|+46.1407778| 9541946|19500301+4608268|4780.2| 0.035| 0.017| 98.529| 8.906|RGB     | 1.0285| 1.174| 0.036| 6.345| 0.013| 2.903| 0.007| 6.48e-03| 0.007| 3.804| 0.366|                |  0|KCat|Sloan|Simbad|297.51254|+46.14078
297.5540417|+46.1456667| 9542075|19501297+4608444|4944.5|-0.502| 0.213| 28.404| 4.012|RC      | 0.9875| 0.846| 0.080| 9.948| 0.024| 2.370| 0.010| 1.21e-03| 0.008| 3.874| 0.386|                |  1|KCat|Sloan|Simbad|297.55404|+46.14567
297.6750000|+46.1826667| 9542506|19504200+4610576|4896.2|-0.333| 0.066|120.784|10.748|RGB     | 1.0235| 1.078| 0.034| 5.458| 0.012| 2.996| 0.007| 9.34e-03| 0.007| 3.801| 0.274|                |  0|KCat|Sloan|Simbad|297.67500|+46.18267
297.7487083|+46.1529167| 9542779|19505969+4609105|4905.0|-0.141| 0.028| 37.304| 4.303|RC      | 0.9945| 1.391| 0.076|11.152| 0.022| 2.486| 0.010| 1.41e-03| 0.008| 3.407| 0.464|                |  0|KCat|Sloan|Simbad|297.74871|+46.15292
298.0819583|+46.1588889| 9544002|19521967+4609320|4704.8|-0.642| 0.243| 44.180| 5.034|RGB     | 1.0380| 0.976| 0.041| 8.673| 0.015| 2.551| 0.007| 2.11e-03| 0.007| 3.898| 0.382|                |  0|KCat|Sloan|Simbad|298.08196|+46.15889
299.7777917|+46.1098056| 9550045|19590667+4606353|4947.9|-0.144| 0.005|135.610|11.100|RGB     | 1.0204| 1.379| 0.033| 5.812| 0.012| 3.049| 0.007| 9.91e-03| 0.007| 3.495| 0.171|                |  0|KCat|Sloan|Simbad|299.77779|+46.10981
300.3048750|+46.1633889| 9551807|20011317+4609482|4860.6|-0.230| 0.016| 88.300| 8.241|RGB     | 1.0277| 1.185| 0.037| 6.708| 0.013| 2.859| 0.007| 5.54e-03| 0.007| 3.690| 0.213|                |  0|KCat|Sloan|Simbad|300.30487|+46.16339
281.9336250|+46.2186389| 9569462|18474407+4613071|4495.7|-0.267| 0.208| 28.042| 3.529|RGB     | 1.0437| 0.944| 0.042|10.834| 0.016| 2.344| 0.007| 1.05e-03| 0.008| 4.040| 0.029|                |  0|KCat|Sloan|Simbad|281.93362|+46.21864
282.5818333|+46.2622500| 9570409|18501964+4615441|4499.7| 0.422| 0.035| 29.305| 3.642|RC      | 1.0070| 1.097| 0.080|11.421| 0.024| 2.363| 0.010| 1.04e-03| 0.008| 3.779| 0.158|                |  0|KCat|Sloan|Simbad|282.58183|+46.26225
284.7852083|+46.2744167| 9574272|18590845+4616279|4100.2| 0.140|-0.024|  4.591| 0.835|RGB     | 1.0411| 1.165| 0.044|30.430| 0.017| 1.538| 0.007| 5.84e-05| 0.008| 3.836| 0.220|                |  0|KCat|Sloan|Simbad|284.78521|+46.27442
284.9617500|+46.2343889| 9574609|18595082+4614038|4773.6|-0.077| 0.046| 31.707| 3.982|RC      | 0.9984| 1.100| 0.078|10.834| 0.023| 2.410| 0.010| 1.22e-03| 0.008| 3.694| 0.061|                |  0|KCat|Sloan|Simbad|284.96175|+46.23439
284.9942500|+46.2417222| 9574650|18595862+4614302|4858.6|-0.260| 0.036|106.326| 9.567|RGB     | 1.0253| 1.150| 0.036| 6.021| 0.013| 2.939| 0.007| 7.43e-03| 0.007| 3.736| 0.000|                |  1|KCat|Sloan|Simbad|284.99425|+46.24172
285.0431667|+46.2986944| 9574730|19001036+4617553|4781.4| 0.130|-0.029| 47.651| 4.850|RC      | 0.9918| 1.747| 0.071|11.130| 0.020| 2.587| 0.009| 1.79e-03| 0.008| 3.217| 0.019|                |  1|KCat|Sloan|Simbad|285.04317|+46.29869
285.5957083|+46.2527222| 9575645|19022297+4615098|4841.4| 0.113| 0.006| 45.643| 4.751|RC      | 0.9978| 1.658| 0.072|11.044| 0.020| 2.571| 0.009| 1.74e-03| 0.008| 3.261| 0.034|                |  1|KCat|Sloan|Simbad|285.59571|+46.25272
285.6331667|+46.2446111| 9575718|19023196+4614406|4821.0|-0.298| 0.152| 24.298| 3.404|RC      | 1.0102| 0.898| 0.082|11.152| 0.025| 2.297| 0.010| 9.13e-04| 0.008| 3.842| 0.087|                |  0|KCat|Sloan|Simbad|285.63317|+46.24461
285.6827917|+46.2900833| 9575803|19024387+4617243|4953.8|-0.271| 0.053|       |      |REJECT  |       |      |      |      |      |      |      |         |      |      |      |No Seis         |  0|KCat|Sloan|Simbad|285.68279|+46.29008
285.7075833|+46.2739444| 9575847|19024982+4616262|5013.1|-0.151| 0.039|175.073|13.902|RGB     | 1.0180| 1.241| 0.030| 4.838| 0.010| 3.163| 0.007| 1.55e-02| 0.006| 3.648| 0.094|                |  0|KCat|Sloan|Simbad|285.70758|+46.27394
285.9320417|+46.2007778| 9576289|19034369+4612028|4905.2|-0.326| 0.085| 30.150| 3.923|RC      | 0.9870| 1.095| 0.079|11.009| 0.024| 2.394| 0.010| 1.16e-03| 0.008| 3.633| 0.078|                |  0|KCat|Sloan|Simbad|285.93204|+46.20078
287.3999167|+46.2405833| 9578794|19093598+4614261|4636.6|-0.009| 0.036| 31.395| 3.608|RGB     | 1.0369| 1.303| 0.042|11.936| 0.016| 2.399| 0.007| 1.08e-03| 0.008| 3.619| 0.131|                |  0|KCat|Sloan|Simbad|287.39992|+46.24058
287.7035833|+46.2752500| 9579328|19104886+4616309|4576.0| 0.501| 0.011| 33.375| 3.841|RC      | 1.0029| 1.366| 0.078|11.891| 0.023| 2.423| 0.010| 1.15e-03| 0.008| 3.544| 0.218|                |  1|KCat|Sloan|Simbad|287.70358|+46.27525
287.7177083|+46.2360833| 9579357|19105225+4614099|4959.5| 0.075| 0.001|133.132|10.482|RGB     | 1.0194| 1.653| 0.033| 6.418| 0.012| 3.041| 0.007| 8.82e-03| 0.007| 3.279| 0.030|                |  0|KCat|Sloan|Simbad|287.71771|+46.23608
287.7434583|+46.2798056| 9579401|19105843+4616473|4330.0|-0.140| 0.174| 14.752| 2.092|RGB     | 1.0450| 1.046| 0.043|15.870| 0.016| 2.056| 0.007| 3.69e-04| 0.008| 3.919| 0.031|                |  0|KCat|Sloan|Simbad|287.74346|+46.27981
288.0165000|+46.2069167| 9579860|19120396+4612249|4646.9|-0.168| 0.108| 54.972| 5.891|RGB     | 1.0384| 0.983| 0.040| 7.828| 0.015| 2.643| 0.007| 2.89e-03| 0.007| 4.018| 0.000|                |  1|KCat|Sloan|Simbad|288.01650|+46.20692
288.0789583|+46.2154444| 9579999|19121895+4612556|4629.4| 0.129| 0.091| 29.083| 3.630|RC(S)   | 0.9996| 1.168| 0.080|11.744| 0.024| 2.366| 0.010| 1.02e-03| 0.008| 3.669| 0.052|                |  0|KCat|Sloan|Simbad|288.07896|+46.21544
288.1010833|+46.2515556| 9580043|19122426+4615056|4667.9|-0.122| 0.165| 74.432| 7.325|RGB     | 1.0336| 1.046| 0.038| 6.934| 0.014| 2.776| 0.007| 4.43e-03| 0.007| 3.949| 0.000|                |  0|KCat|Sloan|Simbad|288.10108|+46.25156
288.1847083|+46.2465833| 9580171|19124433+4614477|4463.5|-0.050| 0.102| 22.387| 2.916|RGB     | 1.0447| 1.016| 0.043|12.599| 0.016| 2.244| 0.007| 7.16e-04| 0.008| 3.995| 0.155|                |  1|KCat|Sloan|Simbad|288.18471|+46.24658
288.2843750|+46.2283333| 9580343|19130825+4613420|4929.4|-0.342| 0.068| 31.728| 4.034|RC      | 0.9941| 1.117| 0.078|10.826| 0.023| 2.417| 0.010| 1.24e-03| 0.008| 3.612| 0.054|                |  0|KCat|Sloan|Simbad|288.28437|+46.22833
288.3197917|+46.2743056| 9580407|19131675+4616275|4685.0|-0.097| 0.162| 28.804| 3.850|RC      | 0.9942| 0.933| 0.080|10.516| 0.024| 2.364| 0.010| 1.13e-03| 0.008| 3.847| 0.000|                |  1|KCat|Sloan|Simbad|288.31979|+46.27431
288.6422083|+46.2665556| 9580991|19143413+4615596|4897.2|-0.098| 0.043| 61.442| 5.710|RGB     | 1.0255| 1.768| 0.039| 9.803| 0.014| 2.703| 0.007| 2.65e-03| 0.007| 3.150| 0.125|                |  1|KCat|Sloan|Simbad|288.64221|+46.26656
288.8919583|+46.2821944| 9581445|19153407+4616559|4711.0| 0.227| 0.000| 60.678| 5.784|RGB     | 1.0316| 1.490| 0.039| 9.144| 0.014| 2.689| 0.007| 2.75e-03| 0.007| 3.489| 0.009|                |  1|KCat|Sloan|Simbad|288.89196|+46.28219
289.1159167|+46.2448611| 9581849|19162782+4614415|4731.4| 0.134| 0.022| 35.054| 4.131|RC      | 1.0019| 1.249| 0.077|11.002| 0.023| 2.452| 0.010| 1.32e-03| 0.008| 3.595| 0.237|                |  0|KCat|Sloan|Simbad|289.11592|+46.24486
289.1926667|+46.2435556| 9582005|19164624+4614368|4712.5| 0.034| 0.001| 30.100| 3.562|RC      | 1.0170| 1.339| 0.079|12.306| 0.024| 2.385| 0.010| 1.01e-03| 0.008| 3.501| 0.096|                |  1|KCat|Sloan|Simbad|289.19267|+46.24356
289.2493333|+46.2602222| 9582089|19165984+4615368|4601.7| 0.260| 0.003| 25.910| 3.473|RC      | 1.0105| 0.936| 0.081|11.153| 0.025| 2.314| 0.010| 9.51e-04| 0.008| 3.917| 0.161|                |  0|KCat|Sloan|Simbad|289.24933|+46.26022
289.5302083|+46.2468333| 9582638|19180725+4614486|4220.9|-0.462| 0.246|  5.607| 1.063|RGB     | 1.0439| 0.835| 0.044|23.143| 0.017| 1.631| 0.007| 9.51e-05| 0.008| 4.157| 0.086|Ageold          |  0|KCat|Sloan|Simbad|289.53021|+46.24683
289.9117500|+46.2488056| 9583430|19193882+4614557|4936.4| 0.258| 0.002| 99.735| 7.778|RC      | 0.9954| 2.504| 0.048| 9.138| 0.010| 2.915| 0.007| 4.63e-03| 0.008| 2.852| 0.196|                |  1|KCat|Sloan|Simbad|289.91175|+46.24881
290.0039583|+46.2981667| 9583607|19200095+4617534|5058.6|-0.658| 0.046| 25.861| 3.849|RC      | 0.9912| 0.768| 0.081| 9.878| 0.025| 2.334| 0.010| 1.12e-03| 0.008| 3.949| 0.103|                |  0|KCat|Sloan|Simbad|290.00396|+46.29817
290.0575417|+46.2844167| 9583720|19201381+4617039|4636.2| 0.102| 0.010| 56.026| 5.681|RGB     | 1.0352| 1.213| 0.040| 8.622| 0.015| 2.651| 0.007| 2.67e-03| 0.007| 3.772| 0.110|                |  1|KCat|Sloan|Simbad|290.05754|+46.28442
292.4355417|+46.2312500| 9589500|19294453+4613525|5026.4| 0.187|-0.058|105.143| 8.342|RC      | 0.9944| 2.287| 0.047| 8.468| 0.009| 2.942| 0.007| 5.31e-03| 0.008| 2.973| 0.171|                |  1|KCat|Sloan|Simbad|292.43554|+46.23125
292.4962500|+46.2495833| 9589638|19295910+4614585|4776.9|-0.261| 0.049| 40.266| 4.414|RGB     | 1.0347| 1.296| 0.041|10.430| 0.015| 2.514| 0.007| 1.61e-03| 0.007| 3.567| 0.191|                |  1|KCat|Sloan|Simbad|292.49625|+46.24958
292.6717500|+46.2367222| 9590062|19304122+4614122|4970.9| 0.078|-0.031|140.114|10.735|RGB     | 1.0166| 1.777| 0.033| 6.483| 0.011| 3.064| 0.007| 9.20e-03| 0.007| 3.176| 0.000|                |  0|KCat|Sloan|Simbad|292.67175|+46.23672
293.0241250|+46.2638889| 9590930|19320579+4615500|4699.5| 0.025| 0.073| 30.262| 3.908|RC      | 1.0012| 0.996| 0.079|10.590| 0.024| 2.386| 0.010| 1.18e-03| 0.008| 3.819| 0.191|                |  0|KCat|Sloan|Simbad|293.02412|+46.26389
293.0878750|+46.2280556| 9591097|19322109+4613410|4762.6| 0.088| 0.018| 34.082| 4.102|RC      | 1.0012| 1.195| 0.077|10.897| 0.023| 2.441| 0.010| 1.30e-03| 0.008| 3.633| 0.170|                |  1|KCat|Sloan|Simbad|293.08787|+46.22806
293.5757500|+46.2516944| 9592315|19341818+4615061|4738.4|-0.060| 0.011| 38.629| 4.008|RGB     | 1.0311| 1.685| 0.041|12.170| 0.015| 2.494| 0.007| 1.32e-03| 0.007| 3.235| 0.311|                |  0|KCat|Sloan|Simbad|293.57575|+46.25169
293.9870000|+46.2626667| 9593412|19355688+4615456|4799.9| 0.089|-0.016| 37.993| 4.308|RC      | 0.9987| 1.392| 0.075|11.115| 0.022| 2.490| 0.010| 1.43e-03| 0.008| 3.458| 0.313|                |  0|KCat|Sloan|Simbad|293.98700|+46.26267
294.1252083|+46.2472222| 9593804|19363005+4614500|4587.9|-0.364| 0.178| 32.997| 3.983|RGB     | 1.0401| 0.991| 0.042|10.180| 0.016| 2.419| 0.007| 1.32e-03| 0.008| 3.929| 0.318|                |  0|KCat|Sloan|Simbad|294.12521|+46.24722
294.1304583|+46.2127778| 9593820|19363131+4612460|4840.7|-0.132| 0.059| 70.189| 6.856|RGB     | 1.0312| 1.219| 0.039| 7.637| 0.014| 2.758| 0.007| 3.86e-03| 0.007| 3.681| 0.356|                |  0|KCat|Sloan|Simbad|294.13046|+46.21278
294.8625000|+46.2073611| 9595822|19392700+4612265|4741.8| 0.072| 0.009| 47.018| 4.687|RGB     | 1.0314| 1.625| 0.041|10.829| 0.015| 2.580| 0.007| 1.80e-03| 0.007| 3.317| 0.227|                |  0|KCat|Sloan|Simbad|294.86250|+46.20736
294.8708333|+46.2263611| 9595840|19392900+4613349|4851.4| 0.083|-0.022| 31.023| 4.385|RC      | 0.9897| 0.743| 0.079| 8.966| 0.024| 2.404| 0.010| 1.45e-03| 0.008| 4.079| 0.277|SeisUnc         |  0|KCat|Sloan|Simbad|294.87083|+46.22636
294.8714167|+46.2827222| 9595844|19392914+4616578|4644.0| 0.153| 0.013| 31.179| 3.883|RC      | 0.9949| 1.126| 0.079|11.130| 0.024| 2.397| 0.010| 1.15e-03| 0.008| 3.712| 0.333|                |  0|KCat|Sloan|Simbad|294.87142|+46.28272
294.9015833|+46.2896667| 9595924|19393638+4617228|4677.1| 0.396| 0.018| 77.131| 6.885|RGB     | 1.0299| 1.518| 0.038| 8.201| 0.014| 2.792| 0.007| 3.88e-03| 0.007| 3.491| 0.314|                |  0|KCat|Sloan|Simbad|294.90158|+46.28967
294.9664583|+46.2445833| 9596106|19395195+4614405|4586.3|-0.169| 0.010| 21.333| 2.678|RGB     | 1.0382| 1.319| 0.043|14.607| 0.016| 2.229| 0.007| 5.97e-04| 0.008| 3.571| 0.227|                |  1|KCat|Sloan|Simbad|294.96646|+46.24458
295.1560833|+46.2222778| 9596639|19403746+4613202|4735.9| 0.044| 0.004| 30.196| 3.731|RC      | 0.9958| 1.231| 0.079|11.764| 0.024| 2.387| 0.010| 1.07e-03| 0.008| 3.600| 0.265|                |  1|KCat|Sloan|Simbad|295.15608|+46.22228
295.2432500|+46.2194167| 9596867|19405838+4613099|4910.9| 0.071|-0.030| 60.352| 5.533|RC      | 1.0071| 2.051| 0.065|10.646| 0.017| 2.696| 0.009| 2.40e-03| 0.008| 3.067| 0.268|                |  0|KCat|Sloan|Simbad|295.24325|+46.21942
295.2433750|+46.2879722| 9596869|19405841+4617167|4688.2| 0.094| 0.015| 44.533| 4.708|RGB     | 1.0357| 1.311| 0.041|10.024| 0.015| 2.554| 0.007| 1.84e-03| 0.007| 3.651| 0.354|                |  0|KCat|Sloan|Simbad|295.24337|+46.28797
295.3742083|+46.2311944| 9597214|19412981+4613523|4870.0|-0.083| 0.008| 43.139| 4.643|RC      | 0.9964| 1.557| 0.073|10.992| 0.021| 2.548| 0.009| 1.65e-03| 0.008| 3.290| 0.150|                |  1|KCat|Sloan|Simbad|295.37421|+46.23119
295.4726250|+46.2458056| 9597524|19415343+4614449|4718.3| 0.183| 0.009| 37.024| 4.250|RC      | 1.0019| 1.308| 0.076|10.962| 0.022| 2.475| 0.010| 1.40e-03| 0.008| 3.549| 0.298|                |  1|KCat|Sloan|Simbad|295.47262|+46.24581
296.8905417|+46.2310000| 9601661|19473373+4613516|4763.7| 0.042| 0.011| 32.809| 4.020|RC      | 1.0005| 1.160| 0.078|10.939| 0.023| 2.424| 0.010| 1.25e-03| 0.008| 3.661| 0.371|                |  0|KCat|Sloan|Simbad|296.89054|+46.23100
297.2336250|+46.2931667| 9602917|19485607+4617354|4828.3|-0.179| 0.066| 31.246| 4.008|RC      | 0.9955| 1.056| 0.079|10.662| 0.024| 2.406| 0.010| 1.23e-03| 0.008| 3.712| 0.130|                |  1|KCat|Sloan|Simbad|297.23362|+46.29317
297.3476250|+46.2403333| 9603327|19492343+4614252|4787.3|-0.019| 0.015| 27.390| 3.868|RC      | 0.9977| 0.802| 0.080| 9.945| 0.025| 2.347| 0.010| 1.15e-03| 0.008| 3.997| 0.391|                |  0|KCat|Sloan|Simbad|297.34762|+46.24033
297.6717917|+46.2069722| 9604492|19504123+4612251|4609.2|-0.068| 0.055| 25.883| 3.180|RGB     | 1.0402| 1.186| 0.042|12.556| 0.016| 2.314| 0.007| 8.45e-04| 0.008| 3.759| 0.466|                |  0|KCat|Sloan|Simbad|297.67179|+46.20697
297.6857083|+46.2595278| 9604524|19504457+4615343|4780.4| 0.232|-0.005| 45.519| 4.719|RC      | 1.0001| 1.643| 0.072|11.045| 0.020| 2.567| 0.009| 1.72e-03| 0.008| 3.289| 0.276|                |  1|KCat|Sloan|Simbad|297.68571|+46.25953
297.7580000|+46.2612500| 9604795|19510192+4615405|4583.8| 0.141| 0.076| 26.513| 3.440|RC      | 1.0159| 1.014| 0.081|11.487| 0.025| 2.323| 0.010| 9.43e-04| 0.008| 3.815| 0.409|                |  0|KCat|Sloan|Simbad|297.75800|+46.26125
297.8893333|+46.2971667| 9605294|19513344+4617498|4728.8| 0.021| 0.046| 30.635| 3.943|RC      | 1.0013| 1.006| 0.079|10.566| 0.024| 2.393| 0.010| 1.20e-03| 0.008| 3.806| 0.313|                |  1|KCat|Sloan|Simbad|297.88933|+46.29717
298.0742500|+46.2662778| 9605990|19521782+4615586|4921.7|-0.073|-0.007| 83.735| 7.307|RGB     | 1.0230| 1.697| 0.037| 8.217| 0.013| 2.838| 0.007| 4.31e-03| 0.007| 3.213| 0.500|                |  0|KCat|Sloan|Simbad|298.07425|+46.26628
298.1265000|+46.2461667| 9606195|19523036+4614462|4797.3| 0.292| 0.011| 51.210| 4.765|RC      | 1.0044| 2.224| 0.069|12.104| 0.019| 2.619| 0.009| 1.77e-03| 0.008| 3.049| 0.372|                |  0|KCat|Sloan|Simbad|298.12650|+46.24617
298.3138750|+46.2847778| 9606889|19531533+4617052|4788.0| 0.103|-0.002| 36.501| 4.224|RC      | 1.0012| 1.317| 0.076|11.036| 0.022| 2.472| 0.010| 1.38e-03| 0.008| 3.529| 0.520|                |  0|KCat|Sloan|Simbad|298.31387|+46.28478
299.7231667|+46.2059444| 9611634|19585356+4612214|4764.6|-0.111| 0.037| 28.394| 3.390|RC      | 1.0031| 1.473| 0.080|13.250| 0.024| 2.362| 0.010| 8.93e-04| 0.008| 3.340| 0.689|                |  0|KCat|Sloan|Simbad|299.72317|+46.20594
299.8694167|+46.2460833| 9612084|19592866+4614459|5094.5|-0.014|-0.046| 78.919| 6.509|RC(S)   | 0.9884| 2.727| 0.057|10.636| 0.013| 2.820| 0.008| 3.20e-03| 0.008| 2.676| 0.716|                |  0|KCat|Sloan|Simbad|299.86942|+46.24608
282.4644167|+46.3800833| 9631782|18495146+4622483|4581.8| 0.247| 0.025| 67.222| 6.554|RGB     | 1.0355| 1.161| 0.039| 7.721| 0.014| 2.727| 0.007| 3.56e-03| 0.007| 3.880| 0.144|                |  0|KCat|Sloan|Simbad|282.46442|+46.38008
282.5126667|+46.3740000| 9631844|18500304+4622264|4553.3|-0.007| 0.101| 49.462| 5.327|RGB     | 1.0392| 1.035| 0.040| 8.512| 0.015| 2.593| 0.007| 2.37e-03| 0.007| 4.002| 0.001|                |  0|KCat|Sloan|Simbad|282.51267|+46.37400
284.4135417|+46.3427778| 9634962|18573925+4620340|4642.7| 0.273| 0.002| 34.693| 3.995|RC      | 1.0050| 1.329| 0.077|11.461| 0.023| 2.443| 0.010| 1.25e-03| 0.008| 3.555| 0.098|                |  1|KCat|Sloan|Simbad|284.41354|+46.34278
284.6372917|+46.3563056| 9635388|18583295+4621227|4659.7| 0.248| 0.014| 38.806| 4.372|RC      | 1.0024| 1.318| 0.075|10.781| 0.022| 2.492| 0.010| 1.48e-03| 0.008| 3.552| 0.026|                |  1|KCat|Sloan|Simbad|284.63729|+46.35631
284.6793750|+46.3981389| 9635490|18584305+4623533|4336.9|-0.098| 0.106| 14.847| 2.164|RGB     | 1.0487| 0.922| 0.043|14.842| 0.016| 2.060| 0.007| 3.98e-04| 0.008| 4.144| 0.000|                |  1|KCat|Sloan|Simbad|284.67937|+46.39814
284.7476667|+46.3662500| 9635603|18585944+4621585|4807.1|-0.152| 0.077| 32.265| 4.135|RC      | 1.0001| 1.000| 0.078|10.222| 0.023| 2.419| 0.010| 1.32e-03| 0.008| 3.770| 0.051|                |  1|KCat|Sloan|Simbad|284.74767|+46.36625
284.7693750|+46.3158056| 9635649|18590465+4618569|4929.4| 0.137|-0.015|204.435|15.150|RGB     | 1.0174| 1.370| 0.028| 4.722| 0.009| 3.226| 0.007| 1.83e-02| 0.006| 3.584| 0.069|                |  1|KCat|Sloan|Simbad|284.76937|+46.31581
285.0517500|+46.3904167| 9636127|19001242+4623255|4740.7| 0.104| 0.013| 33.936| 4.002|RC      | 0.9950| 1.327| 0.077|11.518| 0.023| 2.438| 0.010| 1.22e-03| 0.008| 3.520| 0.097|                |  0|KCat|Sloan|Simbad|285.05175|+46.39042
285.1536667|+46.3656389| 9636300|19003688+4621563|4235.3|-0.402| 0.192|  6.056| 1.091|RGB     | 1.0461| 0.945| 0.044|23.669| 0.017| 1.665| 0.007| 1.01e-04| 0.008| 3.994| 0.000|                |  0|KCat|Sloan|Simbad|285.15367|+46.36564
285.4699167|+46.3365278| 9636807|19015278+4620115|4720.8| 0.226| 0.029|105.642| 9.260|RGB     | 1.0281| 1.217| 0.036| 6.260| 0.013| 2.930| 0.007| 7.00e-03| 0.007| 3.798| 0.030|                |  0|KCat|Sloan|Simbad|285.46992|+46.33653
285.6135000|+46.3724722| 9637054|19022724+4622209|4715.9|-0.027| 0.022| 43.206| 4.511|RGB     | 1.0332| 1.447| 0.041|10.677| 0.015| 2.542| 0.007| 1.68e-03| 0.007| 3.466| 0.080|                |  1|KCat|Sloan|Simbad|285.61350|+46.37247
285.7833750|+46.3639167| 9637337|19030801+4621501|4916.6|-1.227| 0.249| 63.908| 6.891|RGB     | 1.0293| 0.929| 0.039| 6.961| 0.014| 2.721| 0.007| 3.88e-03| 0.007| 3.870| 0.000|                |  0|KCat|Sloan|Simbad|285.78337|+46.36392
287.7177500|+46.3945278| 9640480|19105226+4623403|4633.8|-0.259| 0.177| 48.259| 5.382|RGB     | 1.0388| 0.949| 0.040| 8.215| 0.015| 2.586| 0.007| 2.41e-03| 0.007| 4.034| 0.000|                |  0|KCat|Sloan|Simbad|287.71775|+46.39453
287.9369583|+46.3982778| 9640886|19114487+4623538|4502.4| 0.194| 0.032| 34.908| 3.976|RGB     | 1.0403| 1.148| 0.042|10.701| 0.016| 2.439| 0.007| 1.32e-03| 0.007| 3.885| 0.009|                |  1|KCat|Sloan|Simbad|287.93696|+46.39828
288.1409167|+46.3702778| 9641246|19123382+4622130|4787.2| 0.002| 0.036| 35.532| 4.267|RC      | 1.0005| 1.170| 0.077|10.546| 0.023| 2.460| 0.010| 1.41e-03| 0.008| 3.624| 0.013|                |  1|KCat|Sloan|Simbad|288.14092|+46.37028
288.2611667|+46.3114167| 9641447|19130268+4618411|4740.5|-0.151| 0.197| 27.815| 3.752|RC      | 0.9993| 0.929| 0.080|10.649| 0.024| 2.352| 0.010| 1.08e-03| 0.008| 3.845| 0.076|                |  0|KCat|Sloan|Simbad|288.26117|+46.31142
288.2821667|+46.3976111| 9641484|19130772+4623514|4775.2|-0.001| 0.032| 35.748| 4.102|RC      | 0.9954| 1.419| 0.077|11.584| 0.023| 2.462| 0.010| 1.29e-03| 0.008| 3.411| 0.008|                |  1|KCat|Sloan|Simbad|288.28217|+46.39761
288.3825000|+46.3875000| 9641636|19133180+4623150|4494.5| 0.449| 0.025| 28.963| 3.561|RC      | 1.0097| 1.145| 0.080|11.739| 0.024| 2.358| 0.010| 9.98e-04| 0.008| 3.743| 0.079|                |  0|KCat|Sloan|Simbad|288.38250|+46.38750
288.4561667|+46.3282222| 9641772|19134948+4619416|4741.4| 0.100| 0.001| 34.712| 4.093|RC      | 0.9952| 1.296| 0.077|11.258| 0.023| 2.448| 0.010| 1.28e-03| 0.008| 3.544| 0.076|                |  1|KCat|Sloan|Simbad|288.45617|+46.32822
288.7155000|+46.3331944| 9642202|19145172+4619595|4894.7|-0.147| 0.043| 32.707| 4.123|RC      | 0.9961| 1.101| 0.078|10.603| 0.023| 2.429| 0.010| 1.30e-03| 0.008| 3.672| 0.203|                |  0|KCat|Sloan|Simbad|288.71550|+46.33319
289.0334167|+46.3244722| 9642805|19160802+4619281|4952.7| 0.119| 0.010|167.665|12.523|RGB     | 1.0176| 1.628| 0.031| 5.679| 0.010| 3.141| 0.007| 1.25e-02| 0.006| 3.312| 0.100|                |  0|KCat|Sloan|Simbad|289.03342|+46.32447
289.2147500|+46.3227500| 9643159|19165154+4619219|4623.8|-0.234| 0.042| 28.258| 3.469|RGB     | 1.0398| 1.095| 0.042|11.541| 0.016| 2.353| 0.007| 1.00e-03| 0.008| 3.813| 0.152|                |  0|KCat|Sloan|Simbad|289.21475|+46.32275
289.5785833|+46.3191389| 9643826|19181886+4619089|4536.7|-0.040| 0.151| 20.810| 2.851|RGB(S)  | 1.0414| 0.926| 0.043|12.426| 0.016| 2.216| 0.007| 6.81e-04| 0.008| 4.146| 0.156|Ageold          |  0|KCat|Sloan|Simbad|289.57858|+46.31914
289.6210417|+46.3580833| 9643914|19182905+4621291|4881.9|-0.213| 0.032| 25.327| 3.737|RC      | 0.9904| 0.772| 0.081|10.095| 0.025| 2.317| 0.010| 1.06e-03| 0.008| 4.002| 0.167|                |  1|KCat|Sloan|Simbad|289.62104|+46.35808
289.9407500|+46.3243056| 9644558|19194578+4619275|5064.6|-0.352| 0.219| 28.471| 4.367|RC      | 0.9629| 0.695| 0.080| 8.956| 0.024| 2.376| 0.010| 1.37e-03| 0.008| 4.069| 0.200|                |  1|KCat|Sloan|Simbad|289.94075|+46.32431
290.1725417|+46.3333611| 9645099|19204141+4620001|4941.9|-0.258| 0.062| 30.201| 3.998|RC      | 0.9881| 1.027| 0.079|10.633| 0.024| 2.396| 0.010| 1.20e-03| 0.008| 3.721| 0.279|                |  1|KCat|Sloan|Simbad|290.17254|+46.33336
290.2862917|+46.3703056| 9645361|19210871+4622131|5161.1|-0.083| 0.027| 74.830| 6.361|RC      | 0.9849| 2.636| 0.058|10.705| 0.014| 2.800| 0.008| 3.03e-03| 0.008| 2.730| 0.205|                |  0|KCat|Sloan|Simbad|290.28629|+46.37031
292.0488333|+46.3697500| 9649717|19281172+4622111|4455.6| 0.258| 0.102| 42.732| 4.697|RGB     | 1.0406| 1.063| 0.041| 9.331| 0.015| 2.525| 0.007| 1.84e-03| 0.007| 4.023| 0.240|                |  0|KCat|Sloan|Simbad|292.04883|+46.36975
292.1377917|+46.3223056| 9649940|19283307+4619203|4641.6| 0.183| 0.002| 31.928| 3.961|RC      | 1.0020| 1.084| 0.078|10.792| 0.023| 2.407| 0.010| 1.22e-03| 0.008| 3.755| 0.206|                |  0|KCat|Sloan|Simbad|292.13779|+46.32231
292.1832083|+46.3574167| 9650046|19284397+4621267|4951.8| 0.074|-0.004| 68.262| 6.007|RC(S)   | 1.0107| 2.133| 0.061|10.186| 0.015| 2.751| 0.008| 2.85e-03| 0.008| 3.041| 0.196|                |  1|KCat|Sloan|Simbad|292.18321|+46.35742
292.2373750|+46.3018333| 9650172|19285697+4618066|4704.5| 0.189| 0.005| 66.145| 6.227|RGB     | 1.0312| 1.436| 0.039| 8.601| 0.014| 2.726| 0.007| 3.18e-03| 0.007| 3.538| 0.230|                |  0|KCat|Sloan|Simbad|292.23737|+46.30183
292.3881667|+46.3980556| 9650527|19293316+4623530|5022.3|-0.133| 0.046| 55.042| 5.296|RC      | 1.0017| 1.960| 0.068|10.835| 0.018| 2.661| 0.009| 2.17e-03| 0.008| 3.064| 0.214|                |  1|KCat|Sloan|Simbad|292.38817|+46.39806
292.5253333|+46.3448333| 9650881|19300608+4620414|4707.2| 0.203| 0.008| 36.323| 4.081|RC      | 1.0019| 1.448| 0.076|11.650| 0.022| 2.466| 0.010| 1.29e-03| 0.008| 3.435| 0.277|                |  1|KCat|Sloan|Simbad|292.52533|+46.34483
293.2845833|+46.3900556| 9652704|19330830+4623242|4829.2| 0.158| 0.015|186.874|14.468|RGB     | 1.0190| 1.212| 0.029| 4.670| 0.010| 3.183| 0.007| 1.68e-02| 0.006| 3.781| 0.072|                |  1|KCat|Sloan|Simbad|293.28458|+46.39006
294.2380000|+46.3784722| 9655101|19365712+4622425|5107.6|-0.025|-0.010|100.232| 7.850|RC(S)   | 0.9965| 2.566| 0.047| 9.150| 0.009| 2.925| 0.007| 4.72e-03| 0.008| 2.738| 0.168|                |  1|KCat|Sloan|Simbad|294.23800|+46.37847
294.2611250|+46.3869444| 9655167|19370267+4623130|5113.2| 0.021|-0.019|102.570| 8.056|RC(S)   | 0.9966| 2.483| 0.047| 8.894| 0.009| 2.935| 0.007| 4.98e-03| 0.008| 2.797| 0.220|                |  0|KCat|Sloan|Simbad|294.26112|+46.38694
294.7620000|+46.3240000| 9656523|19390288+4619264|4632.3| 0.216| 0.018| 33.254| 4.045|RC      | 1.0025| 1.121| 0.078|10.757| 0.023| 2.424| 0.010| 1.27e-03| 0.008| 3.727| 0.153|                |  1|KCat|Sloan|Simbad|294.76200|+46.32400
294.8087500|+46.3030278| 9656652|19391410+4618109|4710.5| 0.255|-0.005| 42.401| 4.476|RC      | 1.0025| 1.589| 0.073|11.295| 0.021| 2.533| 0.010| 1.55e-03| 0.008| 3.335| 0.269|                |  0|KCat|Sloan|Simbad|294.80875|+46.30303
295.3027917|+46.3517778| 9657917|19411267+4621064|4798.0|-0.128| 0.020| 69.599| 6.623|RGB     | 1.0297| 1.354| 0.039| 8.101| 0.014| 2.753| 0.007| 3.59e-03| 0.007| 3.528| 0.211|                |  0|KCat|Sloan|Simbad|295.30279|+46.35178
295.3289167|+46.3423333| 9658002|19411894+4620324|4491.7| 0.043| 0.080| 35.521| 4.109|RGB     | 1.0410| 1.054| 0.042|10.169| 0.015| 2.446| 0.007| 1.41e-03| 0.007| 3.975| 0.072|                |  1|KCat|Sloan|Simbad|295.32892|+46.34233
295.3535417|+46.3114167| 9658072|19412485+4618411|4480.4| 0.435| 0.031| 28.486| 3.496|RC      | 1.0072| 1.179| 0.080|12.022| 0.024| 2.350| 0.010| 9.57e-04| 0.008| 3.707| 0.241|                |  1|KCat|Sloan|Simbad|295.35354|+46.31142
295.6034583|+46.3304722| 9658793|19422483+4619497|4695.9|-0.160| 0.030| 40.650| 4.459|RGB     | 1.0362| 1.240| 0.041|10.199| 0.015| 2.514| 0.007| 1.65e-03| 0.007| 3.660| 0.103|                |  1|KCat|Sloan|Simbad|295.60346|+46.33047
295.6711667|+46.3565278| 9658958|19424108+4621235|4691.1| 0.187| 0.013| 34.301| 4.205|RC      | 1.0022| 1.075| 0.077|10.339| 0.023| 2.440| 0.010| 1.37e-03| 0.008| 3.763| 0.350|                |  0|KCat|Sloan|Simbad|295.67117|+46.35653
296.8125833|+46.3295556| 9662343|19471502+4619464|4916.6|-0.119| 0.021| 44.294| 4.653|RC      | 0.9988| 1.679| 0.073|11.240| 0.021| 2.562| 0.009| 1.67e-03| 0.008| 3.196| 0.305|                |  1|KCat|Sloan|Simbad|296.81258|+46.32956
296.8127083|+46.3575833| 9662344|19471505+4621273|4750.0| 0.081| 0.017| 86.116| 7.929|RGB     | 1.0300| 1.229| 0.037| 6.955| 0.013| 2.843| 0.007| 5.15e-03| 0.007| 3.740| 0.338|                |  0|KCat|Sloan|Simbad|296.81271|+46.35758
296.8301667|+46.3675556| 9662395|19471924+4622032|4767.7| 0.127| 0.001| 48.509| 4.463|AMB     | 1.0130| 2.353| 0.100|12.812| 0.020| 2.594| 0.009| 1.58e-03| 0.010| 2.852| 0.298|                |  1|KCat|Sloan|Simbad|296.83017|+46.36756
296.9032500|+46.3097500| 9662637|19473678+4618351|4744.7| 0.419| 0.031|165.036|12.822|RGB     | 1.0219| 1.303| 0.031| 5.175| 0.011| 3.125| 0.007| 1.33e-02| 0.007| 3.728| 0.344|                |  0|KCat|Sloan|Simbad|296.90325|+46.30975
296.9297083|+46.3397500| 9662723|19474313+4620231|4951.6| 0.204|-0.001| 82.696| 7.396|RC(S)   | 0.9994| 1.726| 0.055| 8.325| 0.012| 2.834| 0.008| 4.22e-03| 0.008| 3.105| 0.319|                |  0|KCat|Sloan|Simbad|296.92971|+46.33975
296.9452917|+46.3774722| 9662768|19474687+4622389|4777.6| 0.170| 0.005| 43.927| 4.591|RC      | 0.9981| 1.660| 0.073|11.304| 0.021| 2.552| 0.009| 1.62e-03| 0.008| 3.274| 0.472|                |  0|KCat|Sloan|Simbad|296.94529|+46.37747
297.0667917|+46.3087222| 9663182|19481603+4618314|4714.0| 0.146|-0.005| 49.148| 4.966|RGB     | 1.0332| 1.450| 0.040|10.021| 0.015| 2.598| 0.007| 2.03e-03| 0.007| 3.518| 0.397|                |  0|KCat|Sloan|Simbad|297.06679|+46.30872
297.0855417|+46.3403333| 9663247|19482053+4620252|4857.3| 0.154| 0.016|199.526|15.277|RGB     | 1.0182| 1.201| 0.028| 4.492| 0.009| 3.213| 0.007| 1.87e-02| 0.006| 3.796| 0.277|                |  0|KCat|Sloan|Simbad|297.08554|+46.34033
297.4012917|+46.3257778| 9664360|19493631+4619328|4792.2|-0.321| 0.071| 45.836| 5.038|RGB     | 1.0366| 1.123| 0.041| 9.093| 0.015| 2.571| 0.007| 2.11e-03| 0.007| 3.742| 0.396|                |  0|KCat|Sloan|Simbad|297.40129|+46.32578
297.5724167|+46.3323333| 9664946|19501738+4619564|4537.9| 0.201| 0.005| 31.122| 3.452|RGB(S)  | 1.0362| 1.472| 0.042|12.810| 0.016| 2.391| 0.007| 9.88e-04| 0.008| 3.510| 0.372|                |  0|KCat|Sloan|Simbad|297.57242|+46.33233
297.6619167|+46.3110278| 9665229|19503886+4618397|4614.7| 0.066| 0.034| 45.948| 4.913|RGB     | 1.0373| 1.179| 0.041| 9.395| 0.015| 2.564| 0.007| 2.00e-03| 0.007| 3.800| 0.423|                |  0|KCat|Sloan|Simbad|297.66192|+46.31103
297.8921667|+46.3434722| 9666021|19513412+4620365|4637.2|-0.176| 0.114| 49.753| 5.351|RGB     | 1.0372| 1.071| 0.040| 8.596| 0.015| 2.599| 0.007| 2.38e-03| 0.007| 3.882| 0.403|                |  0|KCat|Sloan|Simbad|297.89217|+46.34347
298.0844583|+46.3789167| 9666718|19522027+4622441|4245.3|-0.050| 0.040|  7.679| 1.223|RGB     | 1.0398| 1.251| 0.044|24.170| 0.017| 1.769| 0.007| 1.25e-04| 0.008| 3.678| 0.596|                |  1|KCat|Sloan|Simbad|298.08446|+46.37892
298.1862500|+46.3624722| 9667064|19524470+4621449|4833.4| 0.001| 0.031| 29.966| 3.600|RC      | 1.0117| 1.343| 0.079|12.275| 0.024| 2.388| 0.010| 1.02e-03| 0.008| 3.476| 0.637|                |  0|KCat|Sloan|Simbad|298.18625|+46.36247
298.2182500|+46.3116389| 9667164|19525238+4618419|4770.3| 0.019| 0.013| 49.411| 4.977|RGB     | 1.0324| 1.490| 0.040|10.102| 0.015| 2.602| 0.007| 2.04e-03| 0.007| 3.442| 0.563|                |  0|KCat|Sloan|Simbad|298.21825|+46.31164
298.4355833|+46.3948611| 9667930|19534454+4623415|4966.9| 0.006| 0.001| 68.194| 6.145|RC      | 1.0038| 2.005| 0.061| 9.872| 0.015| 2.751| 0.008| 2.94e-03| 0.008| 3.063| 0.153|                |  1|KCat|Sloan|Simbad|298.43558|+46.39486
298.4743333|+46.3098056| 9668064|19535384+4618353|4934.7| 0.055|-0.015| 58.259| 5.525|RC      | 1.0017| 1.910| 0.066|10.443| 0.017| 2.681| 0.009| 2.37e-03| 0.008| 3.128| 0.685|                |  0|KCat|Sloan|Simbad|298.47433|+46.30981
300.0563333|+46.3022778| 9673317|20001352+4618082|4807.7|-0.009|-0.004| 78.013| 6.997|RGB     | 1.0266| 1.554| 0.038| 8.195| 0.014| 2.803| 0.007| 3.98e-03| 0.007| 3.350| 0.413|                |  0|KCat|Sloan|Simbad|300.05633|+46.30228
281.9629583|+46.4372778| 9692063|18475111+4626142|4756.5|-0.060| 0.017| 55.532| 5.652|RGB     | 1.0341| 1.259| 0.040| 8.764| 0.015| 2.653| 0.007| 2.64e-03| 0.007| 3.669| 0.168|                |  0|KCat|Sloan|Simbad|281.96296|+46.43728
282.2367500|+46.4619444| 9692431|18485682+4627430|4748.3| 0.224| 0.006| 82.563| 7.306|RGB     | 1.0280| 1.513| 0.038| 7.884| 0.014| 2.824| 0.007| 4.35e-03| 0.007| 3.463| 0.123|                |  0|KCat|Sloan|Simbad|282.23675|+46.46194
282.2961250|+46.4290000| 9692529|18491107+4625444|4585.8| 0.074| 0.099| 63.015| 6.392|RGB     | 1.0369| 1.053| 0.039| 7.594| 0.014| 2.700| 0.007| 3.39e-03| 0.007| 3.991| 0.019|                |  0|KCat|Sloan|Simbad|282.29612|+46.42900
284.7235417|+46.4861111| 9696576|18585365+4629100|4595.4|-0.011| 0.021| 29.932| 3.601|RGB     | 1.0409| 1.107| 0.042|11.289| 0.016| 2.377| 0.007| 1.08e-03| 0.008| 3.864| 0.083|                |  0|KCat|Sloan|Simbad|284.72354|+46.48611
284.8037500|+46.4411944| 9696716|18591290+4626283|4952.3|-1.617| 0.281| 24.442| 3.318|RGB(S)  | 1.0368| 0.950| 0.043|11.361| 0.016| 2.305| 0.007| 9.14e-04| 0.008| 3.810| 0.000|                |  0|KCat|Sloan|Simbad|284.80375|+46.44119
285.0344583|+46.4951667| 9697074|19000827+4629426|4641.8| 0.239| 0.017| 33.253| 3.945|RC      | 1.0040| 1.235| 0.078|11.287| 0.023| 2.425| 0.010| 1.21e-03| 0.008| 3.634| 0.099|                |  1|KCat|Sloan|Simbad|285.03446|+46.49517
285.0349167|+46.4356944| 9697078|19000838+4626085|4058.5|-0.014| 0.117|  3.623| 0.796|RGB     | 0.9884| 0.841| 0.044|29.173| 0.017| 1.433| 0.007| 4.78e-05| 0.008| 4.243| 0.000|Ageold          |  0|KCat|Sloan|Simbad|285.03492|+46.43569
285.3581250|+46.4796667| 9697618|19012595+4628468|3925.6|-0.196| 0.197|  2.028| 0.480|RGB     | 1.0394| 0.866| 0.045|39.910| 0.017| 1.174| 0.007| 1.92e-05| 0.008| 4.174| 0.209|Ageold          |  0|KCat|Sloan|Simbad|285.35812|+46.47967
285.6752500|+46.4147222| 9698133|19024206+4624530|4792.4| 0.156| 0.004|110.484| 9.289|RGB     | 1.0248| 1.425| 0.035| 6.597| 0.012| 2.953| 0.007| 7.00e-03| 0.007| 3.538| 0.050|                |  1|KCat|Sloan|Simbad|285.67525|+46.41472
286.7992500|+46.4943333| 9700053|19071182+4629396|4964.8|-0.048| 0.020|220.655|16.805|RGB     | 1.0167| 1.153| 0.028| 4.163| 0.009| 3.261| 0.007| 2.25e-02| 0.006| 3.792| 0.000|                |  0|KCat|Sloan|Simbad|286.79925|+46.49433
287.3180417|+46.4355278| 9700899|19091633+4626079|4714.7| 0.046| 0.086| 32.836| 4.006|RC      | 1.0001| 1.163| 0.078|10.980| 0.023| 2.422| 0.010| 1.24e-03| 0.008| 3.658| 0.049|                |  1|KCat|Sloan|Simbad|287.31804|+46.43553
287.5980417|+46.4069167| 9701415|19102353+4624249|4240.2|-0.554| 0.228|  4.737| 0.893|RGB     | 1.0374| 1.042| 0.044|28.092| 0.017| 1.559| 0.007| 6.63e-05| 0.008| 3.792| 0.000|                |  0|KCat|Sloan|Simbad|287.59804|+46.40692
288.0006250|+46.4712500| 9702057|19120015+4628165|4595.2| 0.142| 0.086| 27.325| 3.574|RC      | 0.9937| 1.044| 0.081|11.476| 0.025| 2.337| 0.010| 9.74e-04| 0.008| 3.786| 0.000|                |  1|KCat|Sloan|Simbad|288.00062|+46.47125
288.3018333|+46.4971111| 9702609|19131244+4629496|4687.3|-0.022| 0.029| 45.497| 4.965|RGB     | 1.0379| 1.121| 0.041| 9.170| 0.015| 2.563| 0.007| 2.05e-03| 0.007| 3.845| 0.078|                |  0|KCat|Sloan|Simbad|288.30183|+46.49711
288.4484583|+46.4424167| 9702841|19134763+4626327|4727.2| 0.176|-0.006| 37.985| 4.258|RC      | 0.9931| 1.457| 0.075|11.417| 0.022| 2.486| 0.010| 1.38e-03| 0.008| 3.421| 0.064|                |  1|KCat|Sloan|Simbad|288.44846|+46.44242
289.2312917|+46.4538889| 9704246|19165551+4627140|4982.7|-0.541| 0.226| 28.466| 4.015|RC      | 0.9846| 0.868| 0.080|10.049| 0.024| 2.372| 0.010| 1.21e-03| 0.008| 3.843| 0.213|                |  0|KCat|Sloan|Simbad|289.23129|+46.45389
289.2386667|+46.4527222| 9704258|19165728+4627098|4657.2|-0.449| 0.231| 52.896| 5.742|RGB     | 1.0371| 0.978| 0.040| 7.956| 0.015| 2.627| 0.007| 2.74e-03| 0.007| 3.936| 0.000|                |  1|KCat|Sloan|Simbad|289.23867|+46.45272
289.4405000|+46.4406111| 9704676|19174572+4626262|4729.8|-0.126| 0.045| 40.370| 4.457|RGB     | 1.0365| 1.229| 0.041|10.170| 0.015| 2.513| 0.007| 1.65e-03| 0.007| 3.672| 0.132|                |  1|KCat|Sloan|Simbad|289.44050|+46.44061
289.4899583|+46.4667778| 9704774|19175759+4628004|4817.6| 0.019| 0.027| 34.583| 4.081|RC      | 0.9931| 1.340| 0.077|11.421| 0.023| 2.450| 0.010| 1.27e-03| 0.008| 3.494| 0.198|                |  1|KCat|Sloan|Simbad|289.48996|+46.46678
289.8426667|+46.4080278| 9705542|19192224+4624289|4559.2| 0.344| 0.042| 27.459| 3.462|RC      | 1.0233| 1.058| 0.080|11.550| 0.024| 2.338| 0.010| 9.69e-04| 0.008| 3.810| 0.230|SeisUnc         |  0|KCat|Sloan|Simbad|289.84267|+46.40803
289.8458750|+46.4547500| 9705548|19192301+4627171|4852.4| 0.326|-0.017|       |      |REJECT  |       |      |      |      |      |      |      |         |      |      |      |No Seis         |  0|KCat|Sloan|Simbad|289.84587|+46.45475
289.8862083|+46.4530278| 9705636|19193269+4627109|4639.1| 0.213| 0.018| 33.618| 3.995|RC      | 0.9979| 1.243| 0.078|11.264| 0.023| 2.429| 0.010| 1.23e-03| 0.008| 3.622| 0.167|                |  1|KCat|Sloan|Simbad|289.88621|+46.45303
289.9065000|+46.4943611| 9705687|19193756+4629397|5073.5|-0.211| 0.023| 74.719| 6.643|RC      | 0.9949| 2.065| 0.059| 9.523| 0.014| 2.795| 0.008| 3.37e-03| 0.008| 3.012| 0.000|                |  1|KCat|Sloan|Simbad|289.90650|+46.49436
289.9358750|+46.4336389| 9705759|19194461+4626011|4778.6| 0.086|-0.009| 36.381| 4.307|RC      | 1.0027| 1.196| 0.076|10.542| 0.022| 2.470| 0.010| 1.44e-03| 0.008| 3.626| 0.241|                |  0|KCat|Sloan|Simbad|289.93587|+46.43364
290.1176667|+46.4330556| 9706194|19202824+4625590|4569.1|-0.074| 0.046| 26.516| 3.278|RGB     | 1.0415| 1.108| 0.042|12.020| 0.016| 2.323| 0.007| 9.00e-04| 0.008| 3.862| 0.204|                |  1|KCat|Sloan|Simbad|290.11767|+46.43306
290.1312500|+46.4153611| 9706219|19203150+4624553|4912.8|-0.330| 0.055| 86.138| 7.979|RGB     | 1.0261| 1.280| 0.037| 7.039| 0.013| 2.850| 0.007| 5.18e-03| 0.007| 3.547| 0.158|                |  0|KCat|Sloan|Simbad|290.13125|+46.41536
290.2843750|+46.4006389| 9706585|19210825+4624023|4812.0|-0.235| 0.178| 29.545| 4.005|RC      | 0.9940| 0.896| 0.079|10.110| 0.024| 2.381| 0.010| 1.22e-03| 0.008| 3.861| 0.165|                |  1|KCat|Sloan|Simbad|290.28437|+46.40064
292.2292500|+46.4529444| 9711231|19285502+4627106|4655.3|-0.103| 0.031| 47.265| 5.138|RGB     | 1.0377| 1.085| 0.041| 8.865| 0.015| 2.578| 0.007| 2.19e-03| 0.007| 3.873| 0.100|                |  1|KCat|Sloan|Simbad|292.22925|+46.45294
292.2484583|+46.4118611| 9711269|19285963+4624427|4576.3| 0.232|-0.009| 64.383| 6.407|RGB     | 1.0357| 1.114| 0.039| 7.732| 0.014| 2.708| 0.007| 3.40e-03| 0.007| 3.938| 0.070|                |  1|KCat|Sloan|Simbad|292.24846|+46.41186
292.2880417|+46.4030833| 9711349|19290913+4624111|4435.6|-0.146| 0.079| 15.081| 2.149|RGB     | 1.0449| 1.043| 0.043|15.576| 0.016| 2.071| 0.007| 3.89e-04| 0.008| 3.919| 0.179|                |  1|KCat|Sloan|Simbad|292.28804|+46.40308
292.3455833|+46.4236667| 9711492|19292294+4625252|4907.0| 0.044|-0.017| 50.706| 5.067|RC      | 0.9975| 1.795| 0.070|10.868| 0.019| 2.620| 0.009| 1.97e-03| 0.008| 3.181| 0.163|                |  1|KCat|Sloan|Simbad|292.34558|+46.42367
292.3547083|+46.4088889| 9711510|19292513+4624320|4865.8| 0.184|-0.007| 52.143| 5.108|RC      | 1.0002| 1.847| 0.069|10.894| 0.019| 2.630| 0.009| 2.01e-03| 0.008| 3.181| 0.209|                |  0|KCat|Sloan|Simbad|292.35471|+46.40889
292.5566250|+46.4140556| 9711988|19301359+4624506|4844.5|-0.055| 0.013| 37.386| 4.029|RC      | 1.0098| 1.681| 0.076|12.286| 0.022| 2.485| 0.010| 1.28e-03| 0.008| 3.218| 0.240|                |  0|KCat|Sloan|Simbad|292.55662|+46.41406
292.6478750|+46.4068611| 9712200|19303549+4624247|4622.9|-0.305| 0.195| 48.767| 5.394|RGB     | 1.0382| 0.969| 0.040| 8.265| 0.015| 2.590| 0.007| 2.42e-03| 0.007| 4.004| 0.079|                |  0|KCat|Sloan|Simbad|292.64787|+46.40686
292.7439167|+46.4970556| 9712445|19305854+4629494|4721.1| 0.373|-0.015|181.716|14.177|RGB     | 1.0210| 1.159| 0.030| 4.658| 0.010| 3.166| 0.007| 1.62e-02| 0.006| 3.899| 0.075|                |  0|KCat|Sloan|Simbad|292.74392|+46.49706
292.7750417|+46.4089444| 9712510|19310601+4624322|4535.1| 0.170|-0.005| 33.555| 3.751|RGB     | 1.0378| 1.314| 0.042|11.656| 0.016| 2.423| 0.007| 1.17e-03| 0.007| 3.671| 0.183|                |  1|KCat|Sloan|Simbad|292.77504|+46.40894
292.8995000|+46.4409167| 9712824|19313588+4626273|4716.4| 0.359| 0.009|146.009|11.981|RGB     | 1.0243| 1.162| 0.032| 5.204| 0.011| 3.071| 0.007| 1.16e-02| 0.007| 3.896| 0.151|                |  0|KCat|Sloan|Simbad|292.89950|+46.44092
292.9267500|+46.4308333| 9712888|19314242+4625510|4634.3| 0.211|-0.027| 32.617| 4.034|RC      | 1.0029| 1.069| 0.078|10.606| 0.023| 2.416| 0.010| 1.26e-03| 0.008| 3.772| 0.053|                |  1|KCat|Sloan|Simbad|292.92675|+46.43083
293.0082917|+46.4886944| 9713083|19320199+4629193|4810.3| 0.045| 0.007| 41.305| 4.503|RC      | 0.9948| 1.526| 0.074|11.157| 0.021| 2.526| 0.010| 1.55e-03| 0.008| 3.343| 0.084|                |  1|KCat|Sloan|Simbad|293.00829|+46.48869
293.2338333|+46.4614444| 9713617|19325612+4627412|4653.0| 0.422| 0.035|154.301|12.498|RGB     | 1.0244| 1.134| 0.032| 5.019| 0.011| 3.092| 0.007| 1.27e-02| 0.007| 3.942| 0.072|                |  1|KCat|Sloan|Simbad|293.23383|+46.46144
293.4155000|+46.4632222| 9714063|19333972+4627476|4817.8| 0.094| 0.011| 42.688| 4.553|RC      | 0.9981| 1.594| 0.073|11.214| 0.021| 2.541| 0.009| 1.59e-03| 0.008| 3.299| 0.153|                |  1|KCat|Sloan|Simbad|293.41550|+46.46322
294.2299167|+46.4262500| 9716081|19365518+4625345|4728.6|-0.118| 0.109| 27.707| 3.609|RC      | 1.0064| 1.038| 0.080|11.286| 0.024| 2.349| 0.010| 1.02e-03| 0.008| 3.733| 0.350|                |  0|KCat|Sloan|Simbad|294.22992|+46.42625
294.3942500|+46.4027222| 9716522|19373462+4624098|4931.2| 0.014|-0.002| 54.670| 4.845|RC      | 0.9781| 2.933| 0.068|13.360| 0.018| 2.654| 0.009| 1.73e-03| 0.008| 2.636| 0.169|                |  1|KCat|Sloan|Simbad|294.39425|+46.40272
294.5135000|+46.4557222| 9716866|19380324+4627206|4543.2| 0.029| 0.042| 32.423| 3.755|RGB     | 1.0394| 1.176| 0.042|11.213| 0.016| 2.409| 0.007| 1.18e-03| 0.008| 3.805| 0.204|                |  1|KCat|Sloan|Simbad|294.51350|+46.45572
294.5621667|+46.4615000| 9716994|19381492+4627414|4836.7|-0.154| 0.061| 31.719| 4.141|RC      | 0.9978| 0.962| 0.078|10.097| 0.023| 2.413| 0.010| 1.32e-03| 0.008| 3.808| 0.301|                |  0|KCat|Sloan|Simbad|294.56217|+46.46150
294.6488333|+46.4025833| 9717214|19383572+4624093|4602.2| 0.072| 0.028| 36.610| 3.973|RGB     | 1.0352| 1.399| 0.041|11.473| 0.015| 2.464| 0.007| 1.31e-03| 0.007| 3.548| 0.370|                |  0|KCat|Sloan|Simbad|294.64883|+46.40258
294.9334167|+46.4608333| 9718024|19394402+4627390|4922.5|-0.395| 0.174| 34.129| 4.148|RC      | 0.9858| 1.284| 0.077|11.194| 0.023| 2.449| 0.010| 1.29e-03| 0.008| 3.438| 0.151|                |  1|KCat|Sloan|Simbad|294.93342|+46.46083
295.2930417|+46.4131667| 9719012|19411033+4624474|4965.3|-0.185| 0.029|193.839|15.087|RGB     | 1.0173| 1.201| 0.029| 4.532| 0.010| 3.205| 0.007| 1.82e-02| 0.006| 3.697| 0.099|                |  0|KCat|Sloan|Simbad|295.29304|+46.41317
296.8746667|+46.4819722| 9723501|19472992+4628551|4858.7|-0.055| 0.050| 34.535| 4.015|RC      | 0.9967| 1.422| 0.077|11.748| 0.023| 2.451| 0.010| 1.24e-03| 0.008| 3.410| 0.352|                |  0|KCat|Sloan|Simbad|296.87467|+46.48197
297.0251250|+46.4338889| 9724029|19480603+4626020|4746.8|-0.321| 0.081| 39.204| 4.394|RGB     | 1.0358| 1.201| 0.041|10.194| 0.015| 2.501| 0.007| 1.60e-03| 0.007| 3.646| 0.392|                |  0|KCat|Sloan|Simbad|297.02512|+46.43389
297.1157500|+46.4684167| 9724324|19482778+4628063|4821.4|-0.157| 0.032| 41.198| 4.574|RC      | 1.0004| 1.396| 0.074|10.678| 0.021| 2.526| 0.010| 1.62e-03| 0.008| 3.399| 0.317|                |  1|KCat|Sloan|Simbad|297.11575|+46.46842
297.2712917|+46.4418611| 9724859|19490511+4626307|4758.9|-0.268| 0.086| 32.436| 3.572|RGB     | 1.0321| 1.585| 0.042|12.867| 0.016| 2.419| 0.007| 1.05e-03| 0.008| 3.272| 0.319|                |  0|KCat|Sloan|Simbad|297.27129|+46.44186
297.2777917|+46.4931389| 9724882|19490667+4629353|4905.0|-0.223| 0.058| 36.455| 4.264|RC      | 1.0007| 1.313| 0.076|10.962| 0.022| 2.476| 0.010| 1.41e-03| 0.008| 3.455| 0.239|                |  1|KCat|Sloan|Simbad|297.27779|+46.49314
297.3936250|+46.4451111| 9725292|19493447+4626424|4990.4| 0.005|-0.013| 29.234| 3.540|RC(S)   | 1.0144| 1.385| 0.080|12.520| 0.024| 2.384| 0.010| 9.96e-04| 0.008| 3.438| 0.366|                |  0|KCat|Sloan|Simbad|297.39362|+46.44511
297.6113333|+46.4258889| 9726045|19502672+4625332|4169.1|-0.147| 0.026|  3.991| 0.798|RGB     | 1.0394| 0.947| 0.044|29.306| 0.017| 1.480| 0.007| 5.31e-05| 0.008| 4.056| 0.367|SeisUnc         |  1|KCat|Sloan|Simbad|297.61133|+46.42589
297.9299583|+46.4220000| 9727261|19514319+4625192|4657.7|-0.488| 0.237| 37.474| 4.422|RGB     | 1.0395| 0.980| 0.041| 9.462| 0.015| 2.477| 0.007| 1.63e-03| 0.007| 3.922| 0.420|                |  0|KCat|Sloan|Simbad|297.92996|+46.42200
297.9655417|+46.4988611| 9727392|19515173+4629559|4884.7|-0.140| 0.023| 39.559| 4.419|RC      | 1.0033| 1.430| 0.075|10.995| 0.022| 2.511| 0.010| 1.52e-03| 0.008| 3.377| 0.253|                |  1|KCat|Sloan|Simbad|297.96554|+46.49886
298.0422083|+46.4157778| 9727675|19521013+4624568|4890.3| 0.224|-0.026| 67.366| 6.052|RC      | 0.9982| 2.052| 0.062|10.088| 0.015| 2.742| 0.008| 2.82e-03| 0.008| 3.092| 0.448|                |  1|KCat|Sloan|Simbad|298.04221|+46.41578
298.2152500|+46.4983056| 9728284|19525166+4629539|4701.5|-0.025| 0.026| 46.818| 4.920|RGB     | 1.0346| 1.288| 0.041| 9.684| 0.015| 2.576| 0.007| 2.00e-03| 0.007| 3.636| 0.281|                |  1|KCat|Sloan|Simbad|298.21525|+46.49831
298.3737083|+46.4696944| 9728845|19532969+4628109|4582.7| 0.313| 0.017| 28.589| 3.129|RC      | 1.0077| 1.917| 0.080|15.216| 0.024| 2.356| 0.010| 7.68e-04| 0.008| 3.159| 0.294|                |  1|KCat|Sloan|Simbad|298.37371|+46.46969
281.7260417|+46.5577778| 9752290|18465425+4633280|4542.6|-0.209| 0.035| 17.878| 2.342|RGB     | 1.0382| 1.308| 0.043|15.928| 0.016| 2.150| 0.007| 4.57e-04| 0.008| 3.551| 0.119|                |  0|KCat|Sloan|Simbad|281.72604|+46.55778
282.2735000|+46.5279444| 9753097|18490564+4631406|4693.8| 0.103|-0.002| 72.364| 7.003|RGB     | 1.0335| 1.161| 0.038| 7.398| 0.014| 2.765| 0.007| 4.04e-03| 0.007| 3.836| 0.116|                |  0|KCat|Sloan|Simbad|282.27350|+46.52794
282.9410417|+46.5673889| 9754133|18514585+4634026|4751.5| 0.138| 0.012|136.826|11.529|RGB     | 1.0243| 1.128| 0.033| 5.286| 0.011| 3.044| 0.007| 1.08e-02| 0.007| 3.891| 0.126|                |  0|KCat|Sloan|Simbad|282.94104|+46.56739
283.2541250|+46.5120556| 9754625|18530099+4630434|4050.6|-0.018| 0.114|  5.076| 0.946|RGB     | 1.0428| 0.931| 0.044|25.957| 0.017| 1.579| 0.007| 7.51e-05| 0.008| 4.151| 0.161|Ageold          |  0|KCat|Sloan|Simbad|283.25412|+46.51206
284.9875833|+46.5076111| 9757679|18595702+4630274|4863.5|-0.153| 0.054| 32.148| 3.917|RC(S)   | 1.0100| 1.203| 0.078|11.199| 0.023| 2.420| 0.010| 1.21e-03| 0.008| 3.576| 0.075|                |  0|KCat|Sloan|Simbad|284.98758|+46.50761
285.2925417|+46.5461389| 9758145|19011021+4632461|4702.4| 0.158| 0.002| 33.134| 3.916|RC(S)   | 0.9987| 1.310| 0.078|11.609| 0.023| 2.426| 0.010| 1.18e-03| 0.008| 3.545| 0.087|                |  0|KCat|Sloan|Simbad|285.29254|+46.54614
285.3592500|+46.5500000| 9758246|19012622+4633000|4507.8|-0.114| 0.042| 21.638| 2.823|RGB     | 1.0432| 1.066| 0.043|13.092| 0.016| 2.232| 0.007| 6.70e-04| 0.008| 3.889| 0.069|                |  1|KCat|Sloan|Simbad|285.35925|+46.55000
286.9733750|+46.5831111| 9760904|19075361+4634592|4864.5|-0.287| 0.140| 29.549| 4.041|RC      | 0.9947| 0.877| 0.079| 9.972| 0.024| 2.383| 0.010| 1.25e-03| 0.008| 3.884| 0.043|                |  1|KCat|Sloan|Simbad|286.97337|+46.58311
287.1529167|+46.5023056| 9761215|19083670+4630083|4601.2|-0.315| 0.250| 16.180| 2.579|RGB(S)  | 0.9911| 0.810| 0.043|13.130| 0.016| 2.110| 0.007| 5.04e-04| 0.008| 4.245| 0.049|Ageold          |  0|KCat|Sloan|Simbad|287.15292|+46.50231
287.3911250|+46.5818333| 9761597|19093387+4634546|4568.9| 0.312| 0.009| 58.379| 5.802|RGB     | 1.0355| 1.233| 0.040| 8.543| 0.015| 2.666| 0.007| 2.79e-03| 0.007| 3.800| 0.105|                |  0|KCat|Sloan|Simbad|287.39112|+46.58183
287.4083750|+46.5903611| 9761625|19093801+4635253|4430.0|-0.181| 0.157|  9.259| 1.416|RGB     | 1.0391| 1.305| 0.044|22.243| 0.017| 1.859| 0.007| 1.67e-04| 0.008| 3.587| 0.135|                |  1|KCat|Sloan|Simbad|287.40837|+46.59036
287.8693333|+46.5143889| 9762408|19112864+4630518|4637.8| 0.014| 0.022| 44.359| 4.796|RGB     | 1.0372| 1.178| 0.041| 9.544| 0.015| 2.550| 0.007| 1.91e-03| 0.007| 3.794| 0.101|                |  0|KCat|Sloan|Simbad|287.86933|+46.51439
288.0712917|+46.5717778| 9762752|19121711+4634184|4498.6| 0.330| 0.041| 34.051| 3.819|RGB     | 1.0397| 1.252| 0.042|11.320| 0.016| 2.428| 0.007| 1.22e-03| 0.007| 3.783| 0.195|                |  1|KCat|Sloan|Simbad|288.07129|+46.57178
288.1821667|+46.5331667| 9762943|19124372+4631594|4887.9|-0.007| 0.019| 35.907| 4.345|RC      | 0.9994| 1.164| 0.076|10.407| 0.023| 2.469| 0.010| 1.46e-03| 0.008| 3.629| 0.173|                |  0|KCat|Sloan|Simbad|288.18217|+46.53317
288.4586667|+46.5069722| 9763419|19135008+4630251|4726.1| 0.087| 0.022| 32.991| 4.083|RC      | 1.0014| 1.091| 0.078|10.602| 0.023| 2.425| 0.010| 1.29e-03| 0.008| 3.725| 0.095|                |  1|KCat|Sloan|Simbad|288.45867|+46.50697
288.6751667|+46.5540000| 9763796|19144204+4633144|4893.4|-0.213| 0.040|144.510|12.338|RGB     | 1.0215| 1.070| 0.032| 4.974| 0.011| 3.074| 0.007| 1.23e-02| 0.007| 3.846| 0.002|                |  1|KCat|Sloan|Simbad|288.67517|+46.55400
289.2035833|+46.5693056| 9764708|19164886+4634095|4690.5| 0.052|-0.032| 31.676| 3.371|RGB     | 1.0298| 1.837| 0.042|14.066| 0.016| 2.406| 0.007| 9.30e-04| 0.008| 3.134| 0.119|                |  1|KCat|Sloan|Simbad|289.20358|+46.56931
289.2346250|+46.5312222| 9764758|19165631+4631524|4642.4| 0.207| 0.016| 53.113| 5.357|RGB     | 1.0345| 1.314| 0.040| 9.211| 0.015| 2.628| 0.007| 2.37e-03| 0.007| 3.683| 0.156|                |  0|KCat|Sloan|Simbad|289.23462|+46.53122
290.0546250|+46.5479722| 9766403|19201311+4632527|4654.4|-0.062| 0.101| 55.584| 5.831|RGB     | 1.0373| 1.065| 0.040| 8.100| 0.015| 2.648| 0.007| 2.83e-03| 0.007| 3.925| 0.150|                |  0|KCat|Sloan|Simbad|290.05462|+46.54797
290.0992083|+46.5988333| 9766517|19202381+4635558|4699.3| 0.070| 0.012| 47.450| 4.975|RGB     | 1.0355| 1.277| 0.041| 9.578| 0.015| 2.582| 0.007| 2.05e-03| 0.007| 3.683| 0.214|                |  1|KCat|Sloan|Simbad|290.09921|+46.59883
290.1469583|+46.5029444| 9766639|19203527+4630106|4968.9|-0.209| 0.017| 34.883| 4.026|RC      | 1.0034| 1.460| 0.077|11.778| 0.023| 2.460| 0.010| 1.26e-03| 0.008| 3.328| 0.304|                |  0|KCat|Sloan|Simbad|290.14696|+46.50294
290.2643750|+46.5448611| 9766906|19210345+4632415|4638.7| 0.046| 0.065| 25.569| 3.432|RC      | 1.0124| 0.947| 0.081|11.275| 0.025| 2.310| 0.010| 9.32e-04| 0.008| 3.864| 0.129|                |  0|KCat|Sloan|Simbad|290.26437|+46.54486
290.3213333|+46.5541111| 9767051|19211712+4633148|4367.8| 0.142| 0.115| 21.489| 2.785|RGB     | 1.0459| 1.040| 0.043|13.080| 0.016| 2.222| 0.007| 6.55e-04| 0.008| 4.026| 0.156|                |  1|KCat|Sloan|Simbad|290.32133|+46.55411
290.4535417|+46.5500833| 9767322|19214885+4633003|4765.1|-0.364| 0.243| 23.758| 3.387|RC      | 1.0075| 0.851| 0.082|11.009| 0.025| 2.284| 0.010| 8.99e-04| 0.008| 3.891| 0.110|                |  0|KCat|Sloan|Simbad|290.45354|+46.55008
290.4566250|+46.5450278| 9767332|19214959+4632421|5027.4| 0.141|-0.031|110.931| 8.592|RC      | 0.9993| 2.341| 0.047| 8.340| 0.009| 2.965| 0.007| 5.69e-03| 0.008| 2.894| 0.155|                |  1|KCat|Sloan|Simbad|290.45662|+46.54503
292.4045000|+46.5416944| 9771905|19293708+4632301|4353.5| 0.210|-0.004| 13.617| 1.800|RGB     | 1.0374| 1.560| 0.044|20.146| 0.016| 2.023| 0.007| 2.69e-04| 0.008| 3.420| 0.351|                |  0|KCat|Sloan|Simbad|292.40450|+46.54169
292.5972917|+46.5859722| 9772366|19302335+4635095|4684.6| 0.320|-0.008| 75.157| 6.813|RGB     | 1.0301| 1.467| 0.038| 8.162| 0.014| 2.781| 0.007| 3.80e-03| 0.007| 3.534| 0.140|                |  1|KCat|Sloan|Simbad|292.59729|+46.58597
292.9521667|+46.5657778| 9773214|19314852+4633568|4728.9|-0.506| 0.139| 43.243| 4.963|RGB     | 1.0393| 0.971| 0.041| 8.735| 0.015| 2.543| 0.007| 2.05e-03| 0.007| 3.935| 0.129|                |  0|KCat|Sloan|Simbad|292.95217|+46.56578
292.9839167|+46.5500556| 9773266|19315614+4633002|4908.7|-0.282| 0.074| 34.260| 4.181|RC      | 0.9899| 1.232| 0.077|10.953| 0.023| 2.450| 0.010| 1.32e-03| 0.008| 3.517| 0.172|                |  0|KCat|Sloan|Simbad|292.98392|+46.55006
293.1827083|+46.5690278| 9773741|19324385+4634085|4634.1| 0.253| 0.018| 24.860| 3.228|RC      | 1.0109| 1.117| 0.082|12.421| 0.025| 2.298| 0.010| 8.22e-04| 0.008| 3.743| 0.300|                |  0|KCat|Sloan|Simbad|293.18271|+46.56903
293.2618333|+46.5945000| 9773922|19330284+4635402|4623.5|-0.003| 0.056| 57.662| 5.988|RGB     | 1.0368| 1.061| 0.040| 7.951| 0.015| 2.663| 0.007| 2.98e-03| 0.007| 3.960| 0.127|                |  0|KCat|Sloan|Simbad|293.26183|+46.59450
293.4163750|+46.5918333| 9774312|19333993+4635306|4867.7|-0.105| 0.028| 37.450| 4.225|RC      | 0.9983| 1.473| 0.076|11.478| 0.022| 2.487| 0.010| 1.37e-03| 0.008| 3.341| 0.375|                |  0|KCat|Sloan|Simbad|293.41637|+46.59183
293.5240417|+46.5954167| 9774549|19340577+4635435|5111.6|-0.101|-0.024| 96.359| 7.887|RC      | 0.9910| 2.290| 0.049| 8.814| 0.010| 2.908| 0.007| 4.72e-03| 0.008| 2.892| 0.083|                |  0|KCat|Sloan|Simbad|293.52404|+46.59542
293.8162083|+46.5652222| 9775302|19351589+4633548|5010.3|-0.135| 0.007|154.876|12.170|RGB     | 1.0184| 1.460| 0.032| 5.578| 0.011| 3.109| 0.007| 1.19e-02| 0.007| 3.406| 0.133|                |  0|KCat|Sloan|Simbad|293.81621|+46.56522
293.9087083|+46.5517778| 9775516|19353809+4633064|4826.6|-0.054|-0.005| 41.035| 4.554|RC      | 0.9994| 1.412| 0.074|10.757| 0.021| 2.524| 0.010| 1.60e-03| 0.008| 3.408| 0.052|                |  0|KCat|Sloan|Simbad|293.90871|+46.55178
293.9335417|+46.5327778| 9775566|19354405+4631580|4746.7|-0.145| 0.173| 29.542| 3.961|RC      | 0.9909| 0.929| 0.079|10.327| 0.024| 2.378| 0.010| 1.19e-03| 0.008| 3.846| 0.160|                |  0|KCat|Sloan|Simbad|293.93354|+46.53278
294.0624167|+46.5191944| 9775927|19361498+4631091|5118.8|-0.085|-0.016|106.313| 8.440|RC(S)   | 0.9959| 2.305| 0.047| 8.415| 0.009| 2.951| 0.007| 5.45e-03| 0.008| 2.869| 0.124|                |  1|KCat|Sloan|Simbad|294.06242|+46.51919
294.2482083|+46.5473611| 9776466|19365957+4632505|4560.8|-0.135| 0.036| 18.429| 2.386|RGB     | 1.0384| 1.337| 0.043|15.844| 0.016| 2.164| 0.007| 4.74e-04| 0.008| 3.551| 0.415|                |  0|KCat|Sloan|Simbad|294.24821|+46.54736
294.4704583|+46.5026389| 9777088|19375291+4630095|4772.8| 0.007| 0.028| 33.644| 4.071|RC      | 0.9988| 1.201| 0.078|10.989| 0.023| 2.436| 0.010| 1.28e-03| 0.008| 3.605| 0.271|                |  0|KCat|Sloan|Simbad|294.47046|+46.50264
294.5120833|+46.5993056| 9777198|19380290+4635575|4762.2| 0.146| 0.062| 38.233| 4.450|RC(S)   | 0.9991| 1.229| 0.075|10.432| 0.022| 2.491| 0.010| 1.53e-03| 0.008| 3.613| 0.352|                |  0|KCat|Sloan|Simbad|294.51208|+46.59931
294.5478750|+46.5934167| 9777293|19381149+4635363|4862.6|-0.487| 0.222|181.543|15.065|RGB     | 1.0180| 0.959| 0.030| 4.207| 0.010| 3.172| 0.007| 1.82e-02| 0.006| 3.950| 0.000|                |  0|KCat|Sloan|Simbad|294.54787|+46.59342
294.6316667|+46.5091111| 9777536|19383160+4630328|4772.7| 0.178| 0.033| 45.482| 4.734|RC      | 0.9991| 1.621| 0.072|10.980| 0.020| 2.567| 0.009| 1.73e-03| 0.008| 3.291| 0.237|                |  1|KCat|Sloan|Simbad|294.63167|+46.50911
294.7573333|+46.5918056| 9777885|19390176+4635305|4738.8| 0.173|-0.014| 35.369| 4.008|RC      | 1.0032| 1.443| 0.077|11.769| 0.023| 2.456| 0.010| 1.25e-03| 0.008| 3.433| 0.348|                |  0|KCat|Sloan|Simbad|294.75733|+46.59181
294.9185000|+46.5607222| 9778288|19394044+4633386|4920.4| 0.136|-0.007| 58.527| 5.170|RC      | 1.0064| 2.468| 0.066|11.853| 0.017| 2.683| 0.009| 2.09e-03| 0.008| 2.846| 0.271|                |  1|KCat|Sloan|Simbad|294.91850|+46.56072
295.1497917|+46.5980556| 9778887|19403595+4635530|4828.5|-0.090| 0.085| 81.024| 7.788|RGB     | 1.0313| 1.121| 0.038| 6.821| 0.014| 2.820| 0.007| 4.98e-03| 0.007| 3.843| 0.302|                |  0|KCat|Sloan|Simbad|295.14979|+46.59806
295.4490000|+46.5273611| 9779708|19414776+4631385|4926.2|-0.472| 0.209| 30.000| 4.192|RC      | 0.9891| 0.826| 0.079| 9.575| 0.024| 2.393| 0.010| 1.33e-03| 0.008| 3.904| 0.276|                |  0|KCat|Sloan|Simbad|295.44900|+46.52736
295.5361250|+46.5442778| 9779963|19420867+4632394|4688.5|-0.018|-0.006| 33.078| 3.581|RGB     | 1.0322| 1.628| 0.042|12.961| 0.016| 2.424| 0.007| 1.06e-03| 0.008| 3.276| 0.444|                |  0|KCat|Sloan|Simbad|295.53612|+46.54428
295.6145833|+46.5480278| 9780183|19422750+4632529|4730.5| 0.073| 0.004| 30.799| 3.782|RC      | 0.9954| 1.237| 0.079|11.682| 0.024| 2.395| 0.010| 1.09e-03| 0.008| 3.593| 0.227|                |  1|KCat|Sloan|Simbad|295.61458|+46.54803
296.5458333|+46.5850000| 9782817|19461100+4635060|4769.2|-0.236| 0.045| 62.111| 5.434|RGB(S)  | 1.0101| 2.272| 0.039|11.126| 0.014| 2.702| 0.007| 2.33e-03| 0.007| 2.801| 0.197|                |  1|KCat|Sloan|Simbad|296.54583|+46.58500
296.5941250|+46.5855278| 9782964|19462259+4635079|4600.8| 0.171| 0.018| 53.057| 5.409|RGB     | 1.0355| 1.238| 0.040| 8.966| 0.015| 2.626| 0.007| 2.42e-03| 0.007| 3.760| 0.201|                |  0|KCat|Sloan|Simbad|296.59412|+46.58553
296.6896250|+46.5093333| 9783225|19464551+4630336|4701.3| 0.191| 0.010| 31.240| 3.978|RC      | 1.0039| 1.011| 0.079|10.500| 0.024| 2.400| 0.010| 1.23e-03| 0.008| 3.826| 0.319|                |  0|KCat|Sloan|Simbad|296.68962|+46.50933
296.6896250|+46.5838889| 9783226|19464551+4635020|4693.1| 0.071|-0.025| 52.869| 5.312|RGB     | 1.0337| 1.366| 0.040| 9.387| 0.015| 2.628| 0.007| 2.33e-03| 0.007| 3.581| 0.100|                |  1|KCat|Sloan|Simbad|296.68962|+46.58389
296.6976667|+46.5943333| 9783247|19464744+4635396|4657.3| 0.354| 0.035| 36.703| 4.124|RC      | 1.0024| 1.407| 0.076|11.457| 0.022| 2.468| 0.010| 1.32e-03| 0.008| 3.496| 0.342|                |  0|KCat|Sloan|Simbad|296.69767|+46.59433
297.0915417|+46.5981389| 9784586|19482197+4635533|4843.1| 0.016| 0.034| 76.120| 6.730|RGB     | 1.0245| 1.720| 0.038| 8.710| 0.014| 2.793| 0.007| 3.67e-03| 0.007| 3.219| 0.280|                |  0|KCat|Sloan|Simbad|297.09154|+46.59814
297.1225000|+46.5010556| 9784687|19482940+4630038|4577.6|-0.211| 0.168| 37.865| 4.354|RGB     | 1.0396| 1.048| 0.041| 9.775| 0.015| 2.478| 0.007| 1.58e-03| 0.007| 3.916| 0.229|                |  0|KCat|Sloan|Simbad|297.12250|+46.50106
297.1924167|+46.5584722| 9784946|19484618+4633305|4653.4| 0.162|-0.003| 56.811| 5.725|RGB     | 1.0349| 1.235| 0.040| 8.628| 0.015| 2.658| 0.007| 2.71e-03| 0.007| 3.762| 0.240|                |  0|KCat|Sloan|Simbad|297.19242|+46.55847
297.4119583|+46.5765556| 9785675|19493887+4634356|4561.2| 0.323| 0.033| 24.523| 3.454|RC(S)   | 0.9944| 0.854| 0.082|10.974| 0.025| 2.289| 0.010| 9.11e-04| 0.008| 4.004| 0.239|                |  1|KCat|Sloan|Simbad|297.41196|+46.57656
297.6740000|+46.5150833| 9786625|19504176+4630543|4650.2| 0.098| 0.014| 45.459| 4.700|RGB     | 1.0346| 1.393| 0.041|10.249| 0.015| 2.561| 0.007| 1.83e-03| 0.007| 3.563| 0.232|                |  1|KCat|Sloan|Simbad|297.67400|+46.51508
297.7503750|+46.5927222| 9786910|19510009+4635338|4890.3| 0.278|-0.011| 23.121| 2.430|RGB     | 1.0000| 3.168| 0.043|21.398| 0.016| 2.278| 0.007| 4.56e-04| 0.008| 2.586| 0.382|                |  0|KCat|Sloan|Simbad|297.75037|+46.59272
297.7862500|+46.5363611| 9787045|19510870+4632109|4606.5| 0.094| 0.068| 41.776| 4.559|RGB     | 1.0374| 1.191| 0.041| 9.908| 0.015| 2.522| 0.007| 1.73e-03| 0.007| 3.799| 0.316|                |  0|KCat|Sloan|Simbad|297.78625|+46.53636
297.9028333|+46.5082222| 9787442|19513668+4630296|4825.3|-0.078| 0.063| 33.798| 4.079|RC      | 1.0010| 1.217| 0.077|11.006| 0.023| 2.440| 0.010| 1.29e-03| 0.008| 3.585| 0.411|                |  0|KCat|Sloan|Simbad|297.90283|+46.50822
297.9217083|+46.5575556| 9787503|19514121+4633272|4623.5| 0.259| 0.026| 32.561| 3.968|RC      | 1.0033| 1.129| 0.078|10.917| 0.023| 2.415| 0.010| 1.22e-03| 0.008| 3.728| 0.304|                |  1|KCat|Sloan|Simbad|297.92171|+46.55756
297.9934583|+46.5319444| 9787723|19515843+4631550|4656.9| 0.347| 0.022| 38.255| 4.232|RC      | 1.0031| 1.433| 0.075|11.324| 0.022| 2.486| 0.010| 1.39e-03| 0.008| 3.467| 0.408|                |  0|KCat|Sloan|Simbad|297.99346|+46.53194
297.9999167|+46.5879444| 9787747|19515998+4635166|4593.9| 0.237| 0.027| 63.404| 6.312|RGB     | 1.0356| 1.137| 0.039| 7.862| 0.014| 2.703| 0.007| 3.30e-03| 0.007| 3.913| 0.338|                |  0|KCat|Sloan|Simbad|297.99992|+46.58794
298.2829167|+46.5156389| 9788777|19530790+4630563|4651.4| 0.266|-0.016| 66.211| 6.431|RGB     | 1.0345| 1.229| 0.039| 7.974| 0.014| 2.724| 0.007| 3.42e-03| 0.007| 3.792| 0.387|                |  0|KCat|Sloan|Simbad|298.28292|+46.51564
298.3024167|+46.5053056| 9788834|19531258+4630191|4639.4| 0.097| 0.026| 30.901| 3.819|RC      | 0.9925| 1.181| 0.079|11.450| 0.024| 2.393| 0.010| 1.11e-03| 0.008| 3.650| 0.268|                |  1|KCat|Sloan|Simbad|298.30242|+46.50531
298.6523750|+46.5528889| 9790050|19543657+4633104|4870.6| 0.099| 0.006| 55.509| 5.317|RC      | 1.0043| 1.869| 0.067|10.618| 0.018| 2.658| 0.009| 2.20e-03| 0.008| 3.153| 0.271|                |  1|KCat|Sloan|Simbad|298.65237|+46.55289
298.7487500|+46.5373611| 9790384|19545970+4632145|4835.6|-0.039| 0.035| 33.872| 4.120|RC      | 0.9987| 1.191| 0.077|10.872| 0.023| 2.441| 0.010| 1.31e-03| 0.008| 3.611| 0.713|                |  0|KCat|Sloan|Simbad|298.74875|+46.53736
299.1920833|+46.5462778| 9791929|19564610+4632466|4604.6| 0.266| 0.007| 44.795| 4.603|RGB(S)  | 1.0343| 1.429| 0.041|10.481| 0.015| 2.552| 0.007| 1.75e-03| 0.007| 3.567| 0.612|                |  1|KCat|Sloan|Simbad|299.19208|+46.54628
281.2582500|+46.6220833| 9811950|18450198+4637195|4710.8| 0.287| 0.019|123.087|10.431|RGB     | 1.0262| 1.200| 0.034| 5.762| 0.012| 2.996| 0.007| 8.85e-03| 0.007| 3.834| 0.099|                |  0|KCat|Sloan|Simbad|281.25825|+46.62208
281.6530000|+46.6078056| 9812507|18463672+4636281|4786.1| 0.252| 0.014|126.649|10.677|RGB     | 1.0253| 1.224| 0.034| 5.714| 0.012| 3.012| 0.007| 9.25e-03| 0.007| 3.794| 0.153|                |  0|KCat|Sloan|Simbad|281.65300|+46.60781
282.5321250|+46.6890000| 9813713|18500771+4641204|4606.9|-0.045| 0.147| 23.553| 3.276|RC      | 1.0161| 0.870| 0.082|11.278| 0.025| 2.273| 0.010| 8.55e-04| 0.008| 3.927| 0.071|                |  0|KCat|Sloan|Simbad|282.53212|+46.68900
282.6997500|+46.6195000| 9813963|18504794+4637102|4653.7| 0.263| 0.009|112.824| 9.883|RGB     | 1.0287| 1.116| 0.035| 5.820| 0.012| 2.956| 0.007| 7.98e-03| 0.007| 3.941| 0.075|                |  0|KCat|Sloan|Simbad|282.69975|+46.61950
283.3321250|+46.6075000| 9814943|18531971+4636270|5016.1|-0.104| 0.058| 31.559| 3.174|RC(S)   | 1.0032| 2.841| 0.079|17.234| 0.024| 2.419| 0.010| 7.83e-04| 0.008| 2.588| 0.268|SeisUnc         |  0|KCat|Sloan|Simbad|283.33212|+46.60750
283.6130000|+46.6321667| 9815488|18542712+4637558|4859.3|-0.106| 0.046| 36.743| 4.273|RC      | 0.9964| 1.337| 0.076|11.045| 0.022| 2.478| 0.010| 1.40e-03| 0.008| 3.452| 0.089|                |  0|KCat|Sloan|Simbad|283.61300|+46.63217
285.1768750|+46.6919444| 9818288|19004245+4641310|4707.6| 0.341| 0.036| 92.766| 8.478|RGB     | 1.0315| 1.153| 0.037| 6.505| 0.013| 2.873| 0.007| 5.91e-03| 0.007| 3.909| 0.200|                |  0|KCat|Sloan|Simbad|285.17687|+46.69194
285.3287500|+46.6366667| 9818513|19011890+4638120|4542.6| 0.443| 0.037| 31.485| 3.846|RC      | 1.0052| 1.118| 0.079|11.097| 0.024| 2.396| 0.010| 1.15e-03| 0.008| 3.759| 0.164|                |  1|KCat|Sloan|Simbad|285.32875|+46.63667
285.3656250|+46.6558056| 9818564|19012775+4639209|4981.0|-0.447| 0.084| 31.716| 4.097|RC      | 0.9953| 1.061| 0.078|10.524| 0.023| 2.419| 0.010| 1.28e-03| 0.008| 3.646| 0.131|                |  0|KCat|Sloan|Simbad|285.36562|+46.65581
285.3911667|+46.6620278| 9818604|19013388+4639433|4389.3| 0.387| 0.018| 30.152| 3.488|RGB     | 1.0419| 1.194| 0.042|11.820| 0.016| 2.370| 0.007| 1.02e-03| 0.008| 3.863| 0.164|                |  1|KCat|Sloan|Simbad|285.39117|+46.66203
286.6128333|+46.6992500| 9820702|19062708+4641573|4771.4|-0.081| 0.010| 61.160| 5.983|RGB     | 1.0314| 1.359| 0.039| 8.671| 0.014| 2.695| 0.007| 2.94e-03| 0.007| 3.548| 0.051|                |  1|KCat|Sloan|Simbad|286.61283|+46.69925
287.1506250|+46.6892222| 9821622|19083615+4641212|4823.0|-0.290| 0.246| 63.316| 6.041|RGB     | 1.0283| 1.493| 0.039| 8.907| 0.014| 2.713| 0.007| 2.98e-03| 0.007| 3.353| 0.072|                |  1|KCat|Sloan|Simbad|287.15062|+46.68922
287.2405417|+46.6401667| 9821783|19085773+4638246|4957.5|-0.217| 0.022| 35.001| 4.158|RC      | 0.9974| 1.323| 0.077|11.200| 0.023| 2.461| 0.010| 1.33e-03| 0.008| 3.446| 0.147|                |  1|KCat|Sloan|Simbad|287.24054|+46.64017
287.3128333|+46.6094444| 9821863|19091508+4636340|4024.0|-0.255| 0.163|  2.414| 0.561|RGB     | 1.0322| 0.836| 0.045|35.725| 0.017| 1.254| 0.007| 2.59e-05| 0.008| 4.196| 0.099|Ageold          |  0|KCat|Sloan|Simbad|287.31283|+46.60944
287.7233750|+46.6586389| 9822609|19105361+4639311|4564.7|-0.057| 0.177| 54.526| 5.791|RGB     | 1.0378| 1.002| 0.040| 7.973| 0.015| 2.636| 0.007| 2.79e-03| 0.007| 4.019| 0.110|                |  0|KCat|Sloan|Simbad|287.72337|+46.65864
288.4597083|+46.6725556| 9823871|19135033+4640212|4713.5|-0.479| 0.177| 41.427| 4.826|RGB     | 1.0400| 0.948| 0.041| 8.823| 0.015| 2.523| 0.007| 1.95e-03| 0.007| 3.971| 0.049|                |  0|KCat|Sloan|Simbad|288.45971|+46.67256
288.7235833|+46.6039167| 9824343|19145366+4636141|4672.3| 0.403| 0.017|124.994|10.628|RGB     | 1.0276| 1.146| 0.034| 5.599| 0.012| 3.001| 0.007| 9.21e-03| 0.007| 3.925| 0.210|                |  0|KCat|Sloan|Simbad|288.72358|+46.60392
288.8233750|+46.6146111| 9824516|19151761+4636526|5042.2|-0.044| 0.072|187.472|14.043|RGB     | 1.0173| 1.481| 0.029| 5.098| 0.010| 3.194| 0.007| 1.58e-02| 0.006| 3.413| 0.093|                |  0|KCat|Sloan|Simbad|288.82337|+46.61461
289.0256667|+46.6036667| 9824874|19160616+4636132|4674.7| 0.055| 0.007| 76.711| 7.411|RGB     | 1.0335| 1.096| 0.038| 6.988| 0.014| 2.789| 0.007| 4.53e-03| 0.007| 3.911| 0.074|                |  0|KCat|Sloan|Simbad|289.02567|+46.60367
289.0839167|+46.6109722| 9824971|19162014+4636395|4811.8|-0.158| 0.056| 23.065| 3.165|RC      | 1.0179| 0.994| 0.083|12.051| 0.026| 2.274| 0.010| 8.01e-04| 0.008| 3.776| 0.277|                |  1|KCat|Sloan|Simbad|289.08392|+46.61097
289.1222500|+46.6593611| 9825039|19162934+4639337|5075.9|-0.024|-0.024|102.745| 8.429|RC      | 0.9982| 2.046| 0.047| 8.082| 0.009| 2.934| 0.007| 5.47e-03| 0.008| 2.958| 0.072|                |  1|KCat|Sloan|Simbad|289.12225|+46.65936
289.5446667|+46.6320556| 9825822|19181072+4637554|4071.7| 0.347| 0.036|  5.779| 1.008|RGB     | 1.0472| 1.056| 0.044|25.869| 0.017| 1.636| 0.007| 8.60e-05| 0.008| 4.040| 0.231|                |  1|KCat|Sloan|Simbad|289.54467|+46.63206
290.1173333|+46.6429444| 9827003|19202816+4638346|4802.5| 0.042| 0.106|218.463|20.794|RGB     |       |      |      |      |      | 3.249| 0.007|         |      |      | 0.000|No Fdnu         |  0|KCat|Sloan|Simbad|290.11733|+46.64294
290.4042917|+46.6791944| 9827682|19213703+4640451|4580.8| 0.081| 0.028| 36.684| 4.124|RGB     | 1.0385| 1.189| 0.041|10.580| 0.015| 2.464| 0.007| 1.42e-03| 0.007| 3.795| 0.245|                |  0|KCat|Sloan|Simbad|290.40429|+46.67919
292.7193750|+46.6515278| 9833073|19305265+4639055|4671.6|-0.100| 0.010| 32.017| 3.647|RGB     | 1.0354| 1.348| 0.042|11.998| 0.016| 2.410| 0.007| 1.10e-03| 0.008| 3.540| 0.238|                |  1|KCat|Sloan|Simbad|292.71937|+46.65153
292.8082500|+46.6673889| 9833272|19311398+4640026|4717.2|-0.065| 0.015| 41.951| 4.525|RGB     | 1.0355| 1.297| 0.041|10.258| 0.015| 2.529| 0.007| 1.69e-03| 0.007| 3.628| 0.242|                |  0|KCat|Sloan|Simbad|292.80825|+46.66739
292.9384583|+46.6996944| 9833561|19314523+4641589|4394.6| 0.295| 0.017| 26.063| 3.147|RGB     | 1.0430| 1.162| 0.042|12.537| 0.016| 2.307| 0.007| 8.32e-04| 0.008| 3.889| 0.195|                |  0|KCat|Sloan|Simbad|292.93846|+46.69969
292.9535833|+46.6083889| 9833591|19314886+4636302|4584.0| 0.117| 0.040| 23.495| 3.194|RC(S)   | 1.0176| 0.943| 0.082|11.772| 0.025| 2.271| 0.010| 8.16e-04| 0.008| 3.882| 0.239|                |  0|KCat|Sloan|Simbad|292.95358|+46.60839
292.9788333|+46.6658611| 9833651|19315492+4639571|4680.0| 0.202|-0.015| 38.245| 4.238|RC      | 0.9947| 1.483| 0.075|11.509| 0.022| 2.487| 0.010| 1.37e-03| 0.008| 3.405| 0.238|                |  0|KCat|Sloan|Simbad|292.97883|+46.66586
293.0587500|+46.6193611| 9833831|19321410+4637097|4871.5|-0.201| 0.056| 31.262| 4.026|RC      | 0.9949| 1.055| 0.079|10.628| 0.024| 2.408| 0.010| 1.24e-03| 0.008| 3.693| 0.273|                |  0|KCat|Sloan|Simbad|293.05875|+46.61936
293.2072917|+46.6909444| 9834183|19324975+4641274|4778.5| 0.061| 0.022| 35.926| 4.227|RC      | 1.0009| 1.250| 0.076|10.844| 0.023| 2.464| 0.010| 1.38e-03| 0.008| 3.577| 0.274|                |  0|KCat|Sloan|Simbad|293.20729|+46.69094
293.2781250|+46.6463056| 9834365|19330675+4638467|4851.0|-0.025| 0.026| 39.719| 4.476|RC      | 1.0000| 1.379| 0.075|10.794| 0.022| 2.511| 0.010| 1.55e-03| 0.008| 3.437| 0.225|                |  0|KCat|Sloan|Simbad|293.27812|+46.64631
293.6425000|+46.6900278| 9835269|19343420+4641241|4673.0| 0.251| 0.019| 35.034| 4.151|RC      | 1.0030| 1.195| 0.077|10.798| 0.023| 2.449| 0.010| 1.34e-03| 0.008| 3.666| 0.295|                |  0|KCat|Sloan|Simbad|293.64250|+46.69003
293.7020000|+46.6323333| 9835436|19344848+4637564|4726.8|-0.409| 0.066| 24.145| 3.020|RGB     | 1.0372| 1.242| 0.043|13.223| 0.016| 2.290| 0.007| 7.58e-04| 0.008| 3.570| 0.170|                |  1|KCat|Sloan|Simbad|293.70200|+46.63233
293.7535000|+46.6468611| 9835575|19350084+4638487|4567.6| 0.299| 0.021| 31.501| 3.821|RC      | 1.0079| 1.146| 0.079|11.217| 0.024| 2.398| 0.010| 1.14e-03| 0.008| 3.726| 0.415|                |  0|KCat|Sloan|Simbad|293.75350|+46.64686
293.7742917|+46.6519722| 9835626|19350583+4639071|4627.2| 0.202| 0.015| 55.063| 5.433|RGB     | 1.0339| 1.379| 0.040| 9.277| 0.015| 2.643| 0.007| 2.44e-03| 0.007| 3.610| 0.108|                |  1|KCat|Sloan|Simbad|293.77429|+46.65197
293.8099167|+46.6308889| 9835713|19351438+4637512|4564.8|-0.166| 0.179| 53.656| 5.699|RGB     | 1.0382| 1.016| 0.040| 8.093| 0.015| 2.629| 0.007| 2.70e-03| 0.007| 3.965| 0.056|                |  0|KCat|Sloan|Simbad|293.80992|+46.63089
293.8450000|+46.6362778| 9835790|19352280+4638106|4877.5| 0.067|-0.013| 61.772| 5.755|RC      | 0.9999| 1.915| 0.064|10.184| 0.017| 2.704| 0.009| 2.56e-03| 0.008| 3.121| 0.098|                |  1|KCat|Sloan|Simbad|293.84500|+46.63628
294.2655833|+46.6359722| 9836930|19370374+4638095|4915.0| 0.279|-0.020| 72.845| 5.934|RC(S)   | 0.9894| 2.930| 0.059|11.579| 0.014| 2.778| 0.008| 2.66e-03| 0.008| 2.657| 0.100|                |  1|KCat|Sloan|Simbad|294.26558|+46.63597
294.3957500|+46.6612222| 9837287|19373498+4639404|4711.9|-0.136| 0.039| 44.308| 4.818|RGB     | 1.0363| 1.183| 0.041| 9.535| 0.015| 2.552| 0.007| 1.92e-03| 0.007| 3.729| 0.278|                |  0|KCat|Sloan|Simbad|294.39575|+46.66122
294.8495833|+46.6856389| 9838510|19392390+4641083|4687.4|-0.133| 0.160| 24.208| 2.966|RGB(S)  | 1.0374| 1.328| 0.043|13.682| 0.016| 2.289| 0.007| 7.31e-04| 0.008| 3.563| 0.069|SeisUnc         |  0|KCat|Sloan|Simbad|294.84958|+46.68564
295.0350833|+46.6954722| 9838978|19400842+4641437|4731.0| 0.010| 0.027| 32.874| 4.071|RC      | 1.0005| 1.098| 0.078|10.654| 0.023| 2.424| 0.010| 1.28e-03| 0.008| 3.702| 0.238|                |  1|KCat|Sloan|Simbad|295.03508|+46.69547
295.1333333|+46.6080278| 9839246|19403200+4636289|4778.1| 0.196| 0.012| 43.852| 4.616|RC      | 0.9974| 1.621| 0.073|11.178| 0.021| 2.551| 0.009| 1.64e-03| 0.008| 3.302| 0.171|                |  1|KCat|Sloan|Simbad|295.13333|+46.60803
295.3777083|+46.6585000| 9839918|19413065+4639306|4722.5| 0.308| 0.019| 46.294| 4.688|RC      | 1.0012| 1.735| 0.072|11.290| 0.020| 2.572| 0.009| 1.70e-03| 0.008| 3.261| 0.231|                |  1|KCat|Sloan|Simbad|295.37771|+46.65850
295.5714167|+46.6059167| 9840492|19421714+4636213|4596.2| 0.438| 0.009| 37.093| 4.277|RC      | 1.0042| 1.222| 0.076|10.657| 0.022| 2.470| 0.010| 1.42e-03| 0.008| 3.665| 0.449|                |  0|KCat|Sloan|Simbad|295.57142|+46.60592
296.5930000|+46.6134167| 9843358|19462232+4636483|4776.9|-0.099| 0.044| 31.325| 3.999|RC      | 0.9981| 1.045| 0.079|10.621| 0.024| 2.405| 0.010| 1.23e-03| 0.008| 3.730| 0.155|                |  1|KCat|Sloan|Simbad|296.59300|+46.61342
296.6388750|+46.6301667| 9843486|19463333+4637486|5003.6| 0.248|-0.013| 91.189| 7.434|RC      | 1.0040| 2.260| 0.051| 9.049| 0.011| 2.879| 0.008| 4.30e-03| 0.008| 3.026| 0.203|                |  0|KCat|Sloan|Simbad|296.63887|+46.63017
296.6507083|+46.6599444| 9843513|19463617+4639358|4912.7| 0.153|-0.014| 51.365| 5.016|RC      | 1.0033| 1.901| 0.069|11.109| 0.019| 2.626| 0.009| 1.95e-03| 0.008| 3.150| 0.367|                |  0|KCat|Sloan|Simbad|296.65071|+46.65994
296.7298750|+46.6358333| 9843754|19465517+4638090|4604.5| 0.219| 0.068| 30.037| 3.768|RC      | 1.0078| 1.065| 0.079|11.050| 0.024| 2.379| 0.010| 1.11e-03| 0.008| 3.784| 0.274|                |  0|KCat|Sloan|Simbad|296.72987|+46.63583
296.7878750|+46.6138611| 9843910|19470909+4636499|4852.9|-0.277| 0.013| 50.491| 5.143|RGB     | 1.0310| 1.439| 0.040| 9.778| 0.015| 2.616| 0.007| 2.17e-03| 0.007| 3.408| 0.221|                |  0|KCat|Sloan|Simbad|296.78787|+46.61386
297.0822917|+46.6471944| 9844865|19481975+4638499|4818.9| 0.383| 0.054| 52.984| 5.023|RC      | 1.0162| 1.917| 0.068|11.035| 0.019| 2.635| 0.009| 2.01e-03| 0.008| 3.181| 0.378|                |  0|KCat|Sloan|Simbad|297.08229|+46.64719
297.1273750|+46.6496944| 9845028|19483057+4638589|5007.0|-0.639| 0.229| 29.948| 4.270|RC      | 0.9802| 0.811| 0.079| 9.455| 0.024| 2.396| 0.010| 1.35e-03| 0.008| 3.895| 0.241|                |  0|KCat|Sloan|Simbad|297.12737|+46.64969
297.3480833|+46.6951111| 9845795|19492354+4641424|4899.6|-0.055| 0.019| 43.724| 4.654|RC      | 0.9954| 1.627| 0.073|11.145| 0.021| 2.555| 0.009| 1.66e-03| 0.008| 3.251| 0.317|                |  0|KCat|Sloan|Simbad|297.34808|+46.69511
297.4227917|+46.6252222| 9846098|19494147+4637308|4980.8|-0.420| 0.082| 48.331| 4.857|RGB     | 1.0263| 1.680| 0.040|10.728| 0.015| 2.602| 0.007| 1.92e-03| 0.007| 3.136| 0.371|                |  0|KCat|Sloan|Simbad|297.42279|+46.62522
297.4940833|+46.6683056| 9846355|19495858+4640059|4617.6| 0.213| 0.040| 31.761| 3.897|RC      | 1.0023| 1.129| 0.078|11.056| 0.023| 2.403| 0.010| 1.18e-03| 0.008| 3.725| 0.172|                |  1|KCat|Sloan|Simbad|297.49408|+46.66831
297.6247500|+46.6540833| 9846810|19502994+4639147|4779.0| 0.202| 0.009| 39.062| 4.218|RC      | 1.0056| 1.590| 0.075|11.731| 0.022| 2.501| 0.010| 1.39e-03| 0.008| 3.324| 0.317|                |  0|KCat|Sloan|Simbad|297.62475|+46.65408
297.6444583|+46.6747500| 9846877|19503467+4640291|4793.3| 0.042| 0.032| 36.732| 4.315|RC      | 1.0022| 1.230| 0.076|10.631| 0.022| 2.475| 0.010| 1.44e-03| 0.008| 3.590| 0.224|                |  1|KCat|Sloan|Simbad|297.64446|+46.67475
297.6732083|+46.6577778| 9846977|19504157+4639280|4671.8| 0.171| 0.018| 33.360| 4.075|RC      | 1.0030| 1.111| 0.078|10.669| 0.023| 2.427| 0.010| 1.29e-03| 0.008| 3.725| 0.241|                |  0|KCat|Sloan|Simbad|297.67321|+46.65778
297.7179167|+46.6031944| 9847159|19505230+4636115|4514.0| 0.139| 0.024| 28.673| 3.397|RGB(S)  | 1.0408| 1.196| 0.042|12.042| 0.016| 2.354| 0.007| 9.65e-04| 0.008| 3.808| 0.333|                |  0|KCat|Sloan|Simbad|297.71792|+46.60319
297.9082500|+46.6721667| 9847893|19513798+4640198|4937.5|-0.405| 0.218| 22.906| 2.597|RC(S)   | 1.0067| 2.334| 0.083|18.409| 0.026| 2.276| 0.010| 5.28e-04| 0.008| 2.812| 0.163|SeisUnc         |  1|KCat|Sloan|Simbad|297.90825|+46.67217
297.9205833|+46.6291111| 9847922|19514094+4637448|4662.5| 0.346| 0.022| 61.898| 5.787|RGB     | 1.0316| 1.554| 0.039| 9.269| 0.014| 2.695| 0.007| 2.75e-03| 0.007| 3.450| 0.382|                |  0|KCat|Sloan|Simbad|297.92058|+46.62911
298.0227083|+46.6723333| 9848308|19520545+4640204|4723.5| 0.035| 0.104| 38.807| 4.311|RC      | 0.9940| 1.472| 0.075|11.355| 0.022| 2.495| 0.010| 1.42e-03| 0.008| 3.384| 0.301|                |  0|KCat|Sloan|Simbad|298.02271|+46.67233
298.9345833|+46.6240000| 9851596|19554430+4637264|4964.7| 0.105| 0.017|120.192| 9.628|RGB     | 1.0199| 1.708| 0.034| 6.865| 0.012| 2.997| 0.007| 7.45e-03| 0.007| 3.243| 0.614|                |  0|KCat|Sloan|Simbad|298.93458|+46.62400
298.9772083|+46.6187500| 9851743|19555453+4637075|4845.3| 0.038|-0.014| 43.443| 4.708|RC      | 0.9990| 1.478| 0.073|10.687| 0.021| 2.550| 0.009| 1.71e-03| 0.008| 3.371| 0.470|                |  1|KCat|Sloan|Simbad|298.97721|+46.61875
299.2620000|+46.6108889| 9852625|19570288+4636392|4507.5|-0.690| 0.220| 15.149| 2.295|RGB     | 1.0464| 0.827| 0.043|13.788| 0.016| 2.077| 0.007| 4.45e-04| 0.008| 4.111| 0.701|                |  1|KCat|Sloan|Simbad|299.26200|+46.61089
281.0684167|+46.7947222| 9871800|18441642+4647410|4675.8|-0.222| 0.160| 29.100| 3.821|RC      | 1.0029| 0.956| 0.080|10.594| 0.024| 2.368| 0.010| 1.13e-03| 0.008| 3.794| 0.046|                |  0|KCat|Sloan|Simbad|281.06842|+46.79472
282.1231250|+46.7335556| 9873116|18482955+4644008|4272.6|-0.381| 0.165|  7.394| 1.207|RGB     | 1.0392| 1.190| 0.044|23.991| 0.017| 1.754| 0.007| 1.22e-04| 0.008| 3.653| 0.068|SeisUnc         |  0|KCat|Sloan|Simbad|282.12312|+46.73356
282.1304583|+46.7616389| 9873127|18483131+4645419|4881.4| 0.076| 0.015|202.313|15.748|RGB     | 1.0179| 1.118| 0.028| 4.300| 0.009| 3.220| 0.007| 1.98e-02| 0.006| 3.880| 0.129|                |  0|KCat|Sloan|Simbad|282.13046|+46.76164
282.9200833|+46.7377222| 9874261|18514082+4644158|4616.4| 0.247| 0.075| 89.708| 8.251|RGB     | 1.0321| 1.126| 0.037| 6.569| 0.013| 2.854| 0.007| 5.60e-03| 0.007| 3.927| 0.233|                |  0|KCat|Sloan|Simbad|282.92008|+46.73772
286.5695833|+46.7010000| 9880324|19061670+4642036|4725.6|-0.096| 0.008| 49.238| 5.022|RGB     | 1.0330| 1.399| 0.040| 9.829| 0.015| 2.599| 0.007| 2.08e-03| 0.007| 3.484| 0.000|                |  0|KCat|Sloan|Simbad|286.56958|+46.70100
286.6382083|+46.7672222| 9880435|19063317+4646020|4685.1|-0.283| 0.143| 54.615| 5.862|RGB     | 1.0376| 0.998| 0.040| 7.897| 0.015| 2.642| 0.007| 2.86e-03| 0.007| 3.958| 0.082|                |  0|KCat|Sloan|Simbad|286.63821|+46.76722
286.7152917|+46.7457778| 9880563|19065167+4644448|4831.9|-0.010| 0.012|104.290| 8.984|RGB     | 1.0248| 1.386| 0.036| 6.684| 0.013| 2.930| 0.007| 6.54e-03| 0.007| 3.522| 0.167|                |  0|KCat|Sloan|Simbad|286.71529|+46.74578
287.0672917|+46.7615833| 9881167|19081615+4645417|4738.8| 0.093| 0.003| 32.864| 3.879|RC      | 0.9918| 1.382| 0.078|11.948| 0.023| 2.424| 0.010| 1.14e-03| 0.008| 3.467| 0.127|                |  1|KCat|Sloan|Simbad|287.06729|+46.76158
287.3490000|+46.7268333| 9881628|19092376+4643366|4849.3|-0.341| 0.221| 28.045| 3.885|RC      | 0.9957| 0.870| 0.080|10.201| 0.024| 2.360| 0.010| 1.15e-03| 0.008| 3.867| 0.098|                |  1|KCat|Sloan|Simbad|287.34900|+46.72683
287.3909167|+46.7274167| 9881708|19093382+4643387|4873.1| 0.086|-0.020|140.119|11.568|RGB     | 1.0225| 1.250| 0.033| 5.464| 0.011| 3.060| 0.007| 1.08e-02| 0.007| 3.709| 0.102|                |  0|KCat|Sloan|Simbad|287.39092|+46.72742
287.7442917|+46.7816111| 9882316|19105863+4646538|5111.8|-0.377| 0.045|179.783|13.607|RGB     | 1.0175| 1.511| 0.030| 5.241| 0.010| 3.178| 0.007| 1.48e-02| 0.006| 3.293| 0.047|                |  1|KCat|Sloan|Simbad|287.74429|+46.78161
287.8179583|+46.7129167| 9882446|19111631+4642465|4665.8| 0.148|-0.011| 49.734| 4.996|RGB     | 1.0333| 1.443| 0.040| 9.965| 0.015| 2.601| 0.007| 2.06e-03| 0.007| 3.525| 0.100|                |  1|KCat|Sloan|Simbad|287.81796|+46.71292
287.8791250|+46.7494444| 9882550|19113099+4644580|4864.5|-0.069| 0.034| 37.138| 4.302|RC      | 0.9992| 1.331| 0.076|10.959| 0.022| 2.483| 0.010| 1.43e-03| 0.008| 3.485| 0.149|                |  1|KCat|Sloan|Simbad|287.87912|+46.74944
287.9810833|+46.7647778| 9882766|19115546+4645532|4992.3|-0.053| 0.006|164.802|13.005|RGB     | 1.0188| 1.340| 0.031| 5.185| 0.011| 3.136| 0.007| 1.36e-02| 0.007| 3.568| 0.075|                |  1|KCat|Sloan|Simbad|287.98108|+46.76478
288.1998333|+46.7237500| 9883123|19124796+4643255|4866.9|-0.071| 0.018| 92.942| 8.248|RGB     | 1.0260| 1.389| 0.037| 7.076| 0.013| 2.881| 0.007| 5.53e-03| 0.007| 3.518| 0.076|                |  1|KCat|Sloan|Simbad|288.19983|+46.72375
288.2496667|+46.7054167| 9883214|19125992+4642195|4722.1|-0.160| 0.181| 28.604| 3.871|RC      | 0.9976| 0.893| 0.080|10.304| 0.024| 2.363| 0.010| 1.15e-03| 0.008| 3.888| 0.068|                |  1|KCat|Sloan|Simbad|288.24967|+46.70542
288.3519167|+46.7023889| 9883389|19132446+4642086|4180.1|-0.307| 0.129|  5.952| 1.042|RGB     | 1.0417| 1.073| 0.044|25.529| 0.017| 1.655| 0.007| 9.10e-05| 0.008| 3.838| 0.060|SeisUnc         |  0|KCat|Sloan|Simbad|288.35192|+46.70239
288.3553750|+46.7908333| 9883396|19132529+4647270|4856.6| 0.274| 0.015|       |      |REJECT  |       |      |      |      |      |      |      |         |      |      |      |No Seis         |  0|KCat|Sloan|Simbad|288.35537|+46.79083
288.8542500|+46.7855278| 9884319|19152502+4647079|4613.8| 0.327| 0.004| 34.240| 4.099|RC      | 1.0083| 1.128| 0.077|10.644| 0.023| 2.436| 0.010| 1.32e-03| 0.008| 3.740| 0.149|                |  1|KCat|Sloan|Simbad|288.85425|+46.78553
289.8814167|+46.7063889| 9886274|19193154+4642230|4571.3|-0.340| 0.218| 41.916| 4.750|RGB     | 1.0396| 1.001| 0.041| 9.085| 0.015| 2.522| 0.007| 1.88e-03| 0.007| 3.951| 0.000|                |  1|KCat|Sloan|Simbad|289.88142|+46.70639
290.0052917|+46.7337222| 9886542|19200127+4644014|4776.5| 0.101|-0.003| 33.905| 4.060|RC      | 1.0005| 1.236| 0.077|11.102| 0.023| 2.439| 0.010| 1.27e-03| 0.008| 3.604| 0.199|                |  0|KCat|Sloan|Simbad|290.00529|+46.73372
290.2640000|+46.7159167| 9887134|19210336+4642573|4480.1|-0.264| 0.215| 25.305| 3.243|RGB     | 1.0437| 0.968| 0.042|11.554| 0.016| 2.298| 0.007| 8.84e-04| 0.008| 4.002| 0.068|                |  0|KCat|Sloan|Simbad|290.26400|+46.71592
290.2940000|+46.7081389| 9887199|19211056+4642293|4899.0|-0.042| 0.018| 36.226| 4.190|RC      | 0.9969| 1.401| 0.076|11.361| 0.022| 2.473| 0.010| 1.35e-03| 0.008| 3.423| 0.234|                |  1|KCat|Sloan|Simbad|290.29400|+46.70814
290.4216250|+46.7313333| 9887488|19214119+4643528|4787.9| 0.082|-0.007| 32.078| 4.098|RC      | 1.0021| 1.005| 0.078|10.287| 0.023| 2.416| 0.010| 1.30e-03| 0.008| 3.806| 0.223|                |  1|KCat|Sloan|Simbad|290.42162|+46.73133
290.4492083|+46.7697500| 9887555|19214781+4646111|4862.3|-0.319| 0.243| 28.024| 3.896|RC      | 0.9955| 0.862| 0.080|10.151| 0.024| 2.360| 0.010| 1.16e-03| 0.008| 3.877| 0.221|                |  1|KCat|Sloan|Simbad|290.44921|+46.76975
290.4707083|+46.7772500| 9887609|19215297+4646381|4883.1|-0.284| 0.059|113.478|10.285|RGB     | 1.0254| 1.054| 0.035| 5.573| 0.012| 2.969| 0.007| 8.59e-03| 0.007| 3.872| 0.196|                |  0|KCat|Sloan|Simbad|290.47071|+46.77725
292.9182083|+46.7403611| 9893437|19314037+4644253|4919.6| 0.183|-0.035|230.398|16.145|RGB(S)  | 1.0167| 1.520| 0.028| 4.688| 0.009| 3.278| 0.007| 2.08e-02| 0.006| 3.431| 0.000|                |  0|KCat|Sloan|Simbad|292.91821|+46.74036
292.9192083|+46.7388611| 9893440|19314061+4644199|4782.6|-0.037| 0.016|230.409|16.087|RGB     | 1.0168| 1.477| 0.028| 4.655| 0.009| 3.272| 0.007| 2.07e-02| 0.006| 3.413| 0.377|                |  0|KCat|Sloan|Simbad|292.91921|+46.73886
293.1133750|+46.7891389| 9893889|19322721+4647209|4616.2| 0.037| 0.124| 30.747| 3.841|RC      | 0.9939| 1.122| 0.079|11.203| 0.024| 2.389| 0.010| 1.12e-03| 0.008| 3.695| 0.030|                |  1|KCat|Sloan|Simbad|293.11337|+46.78914
294.0414167|+46.7232222| 9896174|19360994+4643236|5027.7|-0.115| 0.019|       |      |REJECT  |       |      |      |      |      |      |      |         |      |      |      |No Seis         |  1|KCat|Sloan|Simbad|294.04142|+46.72322
294.0458333|+46.7145833| 9896187|19361100+4642525|4682.4| 0.181| 0.009| 50.220| 5.066|RGB     | 1.0336| 1.411| 0.040| 9.794| 0.015| 2.605| 0.007| 2.12e-03| 0.007| 3.566| 0.298|                |  0|KCat|Sloan|Simbad|294.04583|+46.71458
294.1373333|+46.7713333| 9896470|19363296+4646168|4623.1| 0.269| 0.002| 33.052| 4.066|RC      | 1.0022| 1.076| 0.078|10.580| 0.023| 2.421| 0.010| 1.28e-03| 0.008| 3.775| 0.415|                |  0|KCat|Sloan|Simbad|294.13733|+46.77133
294.2846250|+46.7231944| 9896877|19370831+4643235|4418.3|-0.016| 0.019|  9.232| 1.512|RGB     | 1.0485| 0.956| 0.044|19.079| 0.017| 1.857| 0.007| 1.94e-04| 0.008| 4.085| 0.304|SeisUnc         |  0|KCat|Sloan|Simbad|294.28462|+46.72319
294.4682083|+46.7284722| 9897403|19375237+4643425|4929.6| 0.033|-0.022| 88.470| 7.562|RGB     | 1.0227| 1.751| 0.037| 8.117| 0.013| 2.863| 0.007| 4.62e-03| 0.007| 3.198| 0.298|                |  0|KCat|Sloan|Simbad|294.46821|+46.72847
294.6178333|+46.7576944| 9897809|19382828+4645277|4584.9| 0.230| 0.037| 58.496| 5.918|RGB     | 1.0362| 1.149| 0.040| 8.234| 0.015| 2.667| 0.007| 2.90e-03| 0.007| 3.892| 0.251|                |  0|KCat|Sloan|Simbad|294.61783|+46.75769
294.7778333|+46.7804444| 9898240|19390668+4646496|4514.1| 0.239| 0.026| 34.847| 3.730|RGB(S)  | 1.0351| 1.510| 0.042|12.277| 0.016| 2.439| 0.007| 1.15e-03| 0.007| 3.480| 0.243|                |  0|KCat|Sloan|Simbad|294.77783|+46.78044
294.8334583|+46.7713333| 9898373|19392003+4646168|4826.4| 0.147| 0.046| 44.556| 4.685|AMB     | 1.0166| 1.512| 0.150|10.677| 0.072| 2.560| 0.009| 1.75e-03| 0.010| 3.429| 0.301|                |  0|KCat|Sloan|Simbad|294.83346|+46.77133
294.9367917|+46.7211389| 9898657|19394483+4643161|4759.7|-0.103| 0.151| 30.754| 4.001|RC      | 0.9980| 0.982| 0.079|10.401| 0.024| 2.396| 0.010| 1.23e-03| 0.008| 3.791| 0.268|                |  0|KCat|Sloan|Simbad|294.93679|+46.72114
295.0781250|+46.7531667| 9898999|19401875+4645114|4566.0| 0.099|-0.001| 35.504| 3.982|RGB     | 1.0381| 1.237| 0.042|10.976| 0.015| 2.449| 0.007| 1.32e-03| 0.007| 3.740| 0.219|                |  1|KCat|Sloan|Simbad|295.07812|+46.75317
295.2017083|+46.7567222| 9899323|19404841+4645242|4868.6|-0.067| 0.038| 36.103| 4.213|RC      | 0.9995| 1.329| 0.076|11.105| 0.022| 2.471| 0.010| 1.37e-03| 0.008| 3.487| 0.300|                |  0|KCat|Sloan|Simbad|295.20171|+46.75672
295.2324583|+46.7703611| 9899421|19405579+4646133|4605.7|-0.189| 0.012| 25.007| 3.063|RGB     | 1.0381| 1.250| 0.042|13.117| 0.016| 2.299| 0.007| 7.81e-04| 0.008| 3.636| 0.205|                |  0|KCat|Sloan|Simbad|295.23246|+46.77036
296.3660417|+46.7616667| 9902695|19452785+4645420|4588.8| 0.014| 0.009| 27.560| 3.240|RGB     | 1.0377| 1.332| 0.042|12.910| 0.016| 2.341| 0.007| 8.73e-04| 0.008| 3.603| 0.294|                |  0|KCat|Sloan|Simbad|296.36604|+46.76167
296.4512917|+46.7575278| 9902962|19454831+4645271|5097.0|-0.430| 0.107| 76.535| 6.739|RC      | 0.9829| 2.216| 0.058| 9.734| 0.014| 2.807| 0.008| 3.39e-03| 0.008| 2.876| 0.095|                |  1|KCat|Sloan|Simbad|296.45129|+46.75753
296.5545833|+46.7275000| 9903271|19461310+4643390|4805.2| 0.381|-0.010|       |      |REJECT  |       |      |      |      |      |      |      |         |      |      | 0.030|No Seis         |  0|KCat|Sloan|Simbad|296.55458|+46.72750
296.5611667|+46.7653333| 9903290|19461468+4645552|4214.2| 0.077| 0.022|  5.959| 0.944|RGB     | 1.0304| 1.692| 0.044|31.966| 0.017| 1.657| 0.007| 7.31e-05| 0.008| 3.263| 0.328|SeisUnc         |  1|KCat|Sloan|Simbad|296.56117|+46.76533
296.6048750|+46.7448056| 9903422|19462517+4644413|4729.3| 0.141| 0.005| 69.794| 6.556|RGB     | 1.0309| 1.385| 0.039| 8.213| 0.014| 2.751| 0.007| 3.53e-03| 0.007| 3.580| 0.258|                |  0|KCat|Sloan|Simbad|296.60487|+46.74481
296.7711667|+46.7288889| 9903915|19470508+4643440|4917.6| 0.173|-0.010| 67.705| 6.017|RC      | 1.0010| 2.127| 0.062|10.231| 0.015| 2.746| 0.008| 2.80e-03| 0.008| 3.059| 0.231|                |  1|KCat|Sloan|Simbad|296.77117|+46.72889
296.9097917|+46.7070833| 9904365|19473835+4642255|4954.7| 0.028| 0.004|212.003|15.882|RGB     | 1.0171| 1.276| 0.028| 4.470| 0.009| 3.243| 0.007| 2.02e-02| 0.006| 3.672| 0.237|                |  0|KCat|Sloan|Simbad|296.90979|+46.70708
296.9714167|+46.7493333| 9904563|19475314+4644576|4824.5| 0.022| 0.029| 39.398| 4.256|RC      | 0.9994| 1.637| 0.075|11.824| 0.022| 2.507| 0.010| 1.40e-03| 0.008| 3.265| 0.230|                |  1|KCat|Sloan|Simbad|296.97142|+46.74933
296.9755417|+46.7644167| 9904580|19475413+4645519|4547.0|-0.408| 0.217| 30.091| 3.789|RGB(S)  | 1.0435| 0.894| 0.042|10.144| 0.016| 2.377| 0.007| 1.21e-03| 0.008| 4.086| 0.129|                |  0|KCat|Sloan|Simbad|296.97554|+46.76442
297.1334583|+46.7290556| 9905106|19483203+4643446|4752.9|-0.197| 0.043| 62.378| 6.385|RGB     | 1.0345| 1.093| 0.039| 7.705| 0.014| 2.703| 0.007| 3.37e-03| 0.007| 3.843| 0.221|                |  0|KCat|Sloan|Simbad|297.13346|+46.72906
297.2126667|+46.7642500| 9905403|19485104+4645513|4652.2|-0.076| 0.036| 47.820| 5.148|RGB     | 1.0372| 1.116| 0.041| 8.942| 0.015| 2.583| 0.007| 2.20e-03| 0.007| 3.852| 0.211|                |  0|KCat|Sloan|Simbad|297.21267|+46.76425
297.2440000|+46.7756111| 9905526|19485856+4646322|4721.0| 0.123| 0.011| 24.712| 3.680|RC      | 0.9965| 0.708| 0.082| 9.870| 0.025| 2.299| 0.010| 1.04e-03| 0.008| 4.119| 0.298|                |  0|KCat|Sloan|Simbad|297.24400|+46.77561
297.4642917|+46.7218889| 9906278|19495143+4643188|4821.7| 0.113| 0.044| 44.999| 4.701|RC      | 0.9981| 1.646| 0.072|11.095| 0.020| 2.564| 0.009| 1.70e-03| 0.008| 3.269| 0.243|                |  1|KCat|Sloan|Simbad|297.46429|+46.72189
297.4716667|+46.7371111| 9906303|19495320+4644136|4684.9|-0.028| 0.030| 47.878| 5.044|RGB     | 1.0352| 1.237| 0.040| 9.393| 0.015| 2.585| 0.007| 2.10e-03| 0.007| 3.694| 0.293|                |  0|KCat|Sloan|Simbad|297.47167|+46.73711
297.6229167|+46.7538611| 9906841|19502950+4645139|4791.4| 0.089| 0.014| 38.301| 4.333|RC      | 0.9990| 1.388| 0.075|11.060| 0.022| 2.493| 0.010| 1.45e-03| 0.008| 3.461| 0.265|                |  0|KCat|Sloan|Simbad|297.62292|+46.75386
297.6415417|+46.7809444| 9906905|19503397+4646514|4834.7| 0.095| 0.009| 40.971| 4.443|RC(S)   | 0.9939| 1.589| 0.074|11.418| 0.021| 2.524| 0.010| 1.51e-03| 0.008| 3.302| 0.346|                |  0|KCat|Sloan|Simbad|297.64154|+46.78094
297.7270833|+46.7041389| 9907188|19505450+4642149|4744.1| 0.234| 0.008|117.019|10.124|RGB     | 1.0270| 1.171| 0.035| 5.827| 0.012| 2.976| 0.007| 8.35e-03| 0.007| 3.860| 0.234|                |  0|KCat|Sloan|Simbad|297.72708|+46.70414
297.7766667|+46.7111111| 9907368|19510640+4642400|4852.7|-0.229| 0.075| 29.664| 3.843|RC      | 0.9916| 1.095| 0.079|11.125| 0.024| 2.385| 0.010| 1.12e-03| 0.008| 3.649| 0.301|                |  0|KCat|Sloan|Simbad|297.77667|+46.71111
297.9181667|+46.7911389| 9907856|19514036+4647281|4916.7|-0.211| 0.039| 31.367| 3.845|RC      | 1.0024| 1.260| 0.079|11.572| 0.024| 2.412| 0.010| 1.15e-03| 0.008| 3.502| 0.302|                |  0|KCat|Sloan|Simbad|297.91817|+46.79114
297.9945833|+46.7995278| 9908082|19515870+4647583|4892.8|-0.145| 0.037| 33.778| 4.154|RC      | 0.9964| 1.175| 0.077|10.781| 0.023| 2.443| 0.010| 1.32e-03| 0.008| 3.605| 0.339|                |  0|KCat|Sloan|Simbad|297.99458|+46.79953
298.0371667|+46.7087500| 9908198|19520892+4642315|4921.3|-0.273| 0.066| 33.045| 4.096|RC      | 1.0000| 1.158| 0.078|10.802| 0.023| 2.435| 0.010| 1.29e-03| 0.008| 3.594| 0.198|                |  0|KCat|Sloan|Simbad|298.03717|+46.70875
298.5045000|+46.7116389| 9909804|19540108+4642419|4918.7|-0.260| 0.067| 36.904| 4.297|RC      | 0.9915| 1.375| 0.076|11.144| 0.022| 2.482| 0.010| 1.40e-03| 0.008| 3.395| 0.387|                |  1|KCat|Sloan|Simbad|298.50450|+46.71164
298.6036250|+46.7192222| 9910166|19542487+4643092|4930.1|-0.149| 0.065| 32.694| 3.488|RC      | 1.0056| 2.089| 0.078|14.581| 0.023| 2.430| 0.010| 9.50e-04| 0.008| 3.020| 0.521|                |  1|KCat|Sloan|Simbad|298.60362|+46.71922
298.7752917|+46.7907222| 9910758|19550607+4647266|4681.6| 0.068| 0.021| 30.995| 3.946|RC      | 1.0025| 1.018| 0.079|10.591| 0.024| 2.396| 0.010| 1.21e-03| 0.008| 3.794| 0.288|                |  0|KCat|Sloan|Simbad|298.77529|+46.79072
299.4052083|+46.7310000| 9912895|19573725+4643516|4538.6| 0.357|-0.007| 28.700| 3.492|RGB(S)  | 1.0444| 1.068| 0.042|11.361| 0.016| 2.356| 0.007| 1.03e-03| 0.008| 4.030| 0.877|SeisUnc         |  0|KCat|Sloan|Simbad|299.40521|+46.73100
281.1185417|+46.8573611| 9932339|18442845+4651265|4702.4| 0.090| 0.031| 58.038| 5.780|RGB     | 1.0340| 1.292| 0.040| 8.708| 0.015| 2.669| 0.007| 2.76e-03| 0.007| 3.673| 0.127|                |  0|KCat|Sloan|Simbad|281.11854|+46.85736
281.2181250|+46.8995000| 9932463|18445235+4653582|4735.9| 0.373| 0.029|192.777|14.896|RGB     | 1.0203| 1.144| 0.029| 4.489| 0.010| 3.192| 0.007| 1.78e-02| 0.006| 3.922| 0.051|                |  0|KCat|Sloan|Simbad|281.21812|+46.89950
281.5384167|+46.8513056| 9932866|18460922+4651047|4592.7| 0.045| 0.091| 67.823| 6.811|RGB     | 1.0363| 1.023| 0.039| 7.212| 0.014| 2.732| 0.007| 3.85e-03| 0.007| 4.021| 0.049|                |  0|KCat|Sloan|Simbad|281.53842|+46.85131
282.2176667|+46.8020556| 9933754|18485224+4648074|4650.2| 0.270| 0.006| 33.549| 4.063|RC      | 1.0033| 1.134| 0.078|10.760| 0.023| 2.429| 0.010| 1.28e-03| 0.008| 3.725| 0.155|                |  0|KCat|Sloan|Simbad|282.21767|+46.80206
283.6905417|+46.8560278| 9936015|18544573+4651217|4884.3|-0.155| 0.034|124.003|10.915|RGB     | 1.0242| 1.089| 0.034| 5.420| 0.012| 3.007| 0.007| 9.65e-03| 0.007| 3.852| 0.081|                |  0|KCat|Sloan|Simbad|283.69054|+46.85603
283.9887917|+46.8296944| 9936571|18555731+4649469|4610.2| 0.274| 0.011| 63.893| 6.239|RGB     | 1.0351| 1.227| 0.039| 8.130| 0.014| 2.707| 0.007| 3.22e-03| 0.007| 3.800| 0.184|                |  0|KCat|Sloan|Simbad|283.98879|+46.82969
286.3223750|+46.8898333| 9940675|19051737+4653234|4969.1|-0.385| 0.059| 34.108| 4.201|RC      | 0.9935| 1.197| 0.077|10.787| 0.023| 2.450| 0.010| 1.34e-03| 0.008| 3.520| 0.126|                |  0|KCat|Sloan|Simbad|286.32237|+46.88983
286.6359583|+46.8459444| 9941141|19063263+4650454|4637.5| 0.324| 0.010| 88.703| 7.974|RGB     | 1.0307| 1.263| 0.037| 6.990| 0.013| 2.850| 0.007| 5.21e-03| 0.007| 3.763| 0.070|                |  1|KCat|Sloan|Simbad|286.63596|+46.84594
286.7090417|+46.8300556| 9941242|19065017+4649482|4421.2|-0.253| 0.166| 16.033| 2.307|RGB     | 1.0469| 0.930| 0.043|14.281| 0.016| 2.097| 0.007| 4.50e-04| 0.008| 4.060| 0.071|                |  1|KCat|Sloan|Simbad|286.70904|+46.83006
287.0089167|+46.8316667| 9941713|19080214+4649540|4721.1| 0.103|-0.034| 48.467| 4.847|RGB     | 1.0324| 1.540| 0.040|10.396| 0.015| 2.592| 0.007| 1.93e-03| 0.007| 3.407| 0.030|                |  1|KCat|Sloan|Simbad|287.00892|+46.83167
287.1286250|+46.8878333| 9941911|19083087+4653162|4570.0|-0.308| 0.182| 36.132| 4.275|RGB     | 1.0404| 0.973| 0.042| 9.650| 0.015| 2.457| 0.007| 1.53e-03| 0.007| 3.996| 0.039|                |  0|KCat|Sloan|Simbad|287.12862|+46.88783
287.2128750|+46.8437222| 9942071|19085109+4650374|4876.3|-0.097| 0.008| 34.631| 4.140|RC      | 1.0020| 1.249| 0.077|10.986| 0.023| 2.453| 0.010| 1.33e-03| 0.008| 3.536| 0.152|                |  1|KCat|Sloan|Simbad|287.21287|+46.84372
287.3607083|+46.8324167| 9942292|19092657+4649567|4709.4|-0.143| 0.029| 42.692| 4.594|RGB     | 1.0349| 1.287| 0.041|10.130| 0.015| 2.536| 0.007| 1.75e-03| 0.007| 3.606| 0.077|                |  0|KCat|Sloan|Simbad|287.36071|+46.83242
287.6560000|+46.8611389| 9942816|19103744+4651401|4974.6|-0.329| 0.070| 40.381| 4.491|RC      | 0.9955| 1.511| 0.074|11.135| 0.021| 2.524| 0.010| 1.54e-03| 0.008| 3.269| 0.051|                |  1|KCat|Sloan|Simbad|287.65600|+46.86114
289.1007083|+46.8523056| 9945290|19162417+4651083|4755.3| 0.168|-0.006| 37.657| 4.337|RC      | 1.0020| 1.284| 0.076|10.749| 0.022| 2.484| 0.010| 1.46e-03| 0.008| 3.563| 0.172|                |  1|KCat|Sloan|Simbad|289.10071|+46.85231
289.5266250|+46.8395556| 9946074|19180639+4650224|4803.2|-0.334| 0.075| 64.068| 6.540|RGB     | 1.0329| 1.099| 0.039| 7.606| 0.014| 2.717| 0.007| 3.52e-03| 0.007| 3.773| 0.088|                |  1|KCat|Sloan|Simbad|289.52662|+46.83956
289.8898333|+46.8071667| 9946773|19193356+4648258|4986.8|-0.634| 0.281| 28.833| 3.403|RC      | 0.9961| 1.672| 0.080|13.853| 0.024| 2.378| 0.010| 8.87e-04| 0.008| 3.111| 0.070|                |  1|KCat|Sloan|Simbad|289.88983|+46.80717
293.0823750|+46.8741944| 9954248|19321977+4652271|4641.9|-0.162| 0.058| 45.010| 4.893|RGB     | 1.0370| 1.137| 0.041| 9.309| 0.015| 2.556| 0.007| 1.99e-03| 0.007| 3.789| 0.131|                |  0|KCat|Sloan|Simbad|293.08237|+46.87419
293.8288333|+46.8984722| 9955959|19351892+4653545|4721.5|-0.830| 0.115| 39.530| 4.624|RGB     | 1.0368| 0.992| 0.041| 9.238| 0.015| 2.503| 0.007| 1.78e-03| 0.007| 3.813| 0.074|                |  0|KCat|Sloan|Simbad|293.82883|+46.89847
293.9790833|+46.8717778| 9956345|19355498+4652184|4702.7| 0.206|-0.002| 89.133| 8.066|RGB     | 1.0299| 1.254| 0.037| 6.924| 0.013| 2.856| 0.007| 5.33e-03| 0.007| 3.747| 0.206|                |  1|KCat|Sloan|Simbad|293.97908|+46.87178
294.2995833|+46.8757778| 9957219|19371190+4652328|4795.8|-0.029| 0.006| 35.656| 4.253|RC      | 1.0005| 1.201| 0.077|10.660| 0.023| 2.462| 0.010| 1.40e-03| 0.008| 3.597| 0.161|                |  1|KCat|Sloan|Simbad|294.29958|+46.87578
294.8159583|+46.8193056| 9958522|19391583+4649095|4703.3| 0.192|-0.003| 37.066| 4.146|RC      | 1.0002| 1.453| 0.076|11.557| 0.022| 2.475| 0.010| 1.33e-03| 0.008| 3.427| 0.199|                |  1|KCat|Sloan|Simbad|294.81596|+46.81931
294.8366667|+46.8816389| 9958567|19392080+4652539|4816.8|-0.283| 0.072| 25.293| 3.357|RC      | 1.0140| 1.054| 0.081|11.843| 0.025| 2.314| 0.010| 8.95e-04| 0.008| 3.689| 0.135|                |  1|KCat|Sloan|Simbad|294.83667|+46.88164
296.3743750|+46.8497222| 9962729|19452985+4650590|4555.8| 0.084| 0.098| 51.332| 5.431|RGB     | 1.0384| 1.075| 0.040| 8.516| 0.015| 2.609| 0.007| 2.46e-03| 0.007| 3.959| 0.166|                |  0|KCat|Sloan|Simbad|296.37437|+46.84972
296.4140833|+46.8840833| 9962849|19453938+4653027|4951.6| 0.193|-0.024| 66.943| 5.779|RC      | 0.9993| 2.457| 0.062|11.040| 0.016| 2.742| 0.009| 2.58e-03| 0.008| 2.894| 0.219|                |  0|KCat|Sloan|Simbad|296.41408|+46.88408
296.4598333|+46.8840833| 9962982|19455036+4653027|4766.5|-0.057| 0.030| 74.207| 7.127|RGB     | 1.0315| 1.203| 0.038| 7.409| 0.014| 2.779| 0.007| 4.17e-03| 0.007| 3.734| 0.243|                |  0|KCat|Sloan|Simbad|296.45983|+46.88408
296.6285417|+46.8638056| 9963459|19463085+4651497|4253.5| 0.057| 0.023|  8.375| 1.333|RGB     | 1.0438| 1.136| 0.044|22.045| 0.017| 1.807| 0.007| 1.50e-04| 0.008| 3.855| 0.350|SeisUnc         |  0|KCat|Sloan|Simbad|296.62854|+46.86381
296.8806667|+46.8739722| 9964206|19473136+4652263|4675.3| 0.102|-0.001| 30.988| 3.842|RC      | 0.9934| 1.172| 0.079|11.367| 0.024| 2.395| 0.010| 1.12e-03| 0.008| 3.660| 0.282|                |  0|KCat|Sloan|Simbad|296.88067|+46.87397
297.1578333|+46.8147500| 9965093|19483788+4648531|4905.6|-0.356| 0.223| 29.204| 4.101|RC      | 0.9887| 0.828| 0.080| 9.727| 0.024| 2.380| 0.010| 1.27e-03| 0.008| 3.921| 0.241|                |  0|KCat|Sloan|Simbad|297.15783|+46.81475
297.2347083|+46.8638333| 9965354|19485633+4651498|4690.6|-0.135| 0.038| 32.243| 3.706|RGB     | 1.0360| 1.296| 0.042|11.712| 0.016| 2.413| 0.007| 1.14e-03| 0.008| 3.595| 0.432|                |  0|KCat|Sloan|Simbad|297.23471|+46.86383
297.3014167|+46.8288056| 9965582|19491234+4649437|4326.0|-0.132| 0.019|  7.526| 1.134|RGB     | 1.0305| 1.702| 0.044|28.342| 0.017| 1.764| 0.007| 1.05e-04| 0.008| 3.198| 0.300|                |  1|KCat|Sloan|Simbad|297.30142|+46.82881
297.4872917|+46.8655278| 9966247|19495695+4651559|4882.5|-0.322| 0.150| 27.797| 3.798|RC      | 0.9997| 0.922| 0.080|10.532| 0.024| 2.358| 0.010| 1.11e-03| 0.008| 3.814| 0.269|                |  0|KCat|Sloan|Simbad|297.48729|+46.86553
297.6385833|+46.8630278| 9966796|19503326+4651469|4923.7|-0.073| 0.002|194.690|15.314|RGB     | 1.0178| 1.129| 0.029| 4.395| 0.010| 3.205| 0.007| 1.88e-02| 0.006| 3.826| 0.103|                |  0|KCat|Sloan|Simbad|297.63858|+46.86303
297.6466667|+46.8355000| 9966823|19503520+4650078|4680.5| 0.121| 0.038| 32.917| 4.044|RC      | 1.0019| 1.108| 0.078|10.722| 0.023| 2.422| 0.010| 1.27e-03| 0.008| 3.717| 0.300|                |  1|KCat|Sloan|Simbad|297.64667|+46.83550
297.7272500|+46.8924444| 9967076|19505454+4653328|4607.2| 0.121| 0.057| 31.475| 3.936|RC      | 1.0016| 1.055| 0.079|10.742| 0.024| 2.399| 0.010| 1.20e-03| 0.008| 3.770| 0.241|                |  0|KCat|Sloan|Simbad|297.72725|+46.89244
297.8113333|+46.8166389| 9967351|19511472+4648599|4840.4|-0.112| 0.016| 60.439| 5.703|RGB     | 1.0272| 1.651| 0.039| 9.577| 0.014| 2.693| 0.007| 2.65e-03| 0.007| 3.234| 0.243|                |  1|KCat|Sloan|Simbad|297.81133|+46.81664
297.9151250|+46.8706944| 9967700|19513963+4652145|4891.1|-0.329| 0.067|107.504| 9.624|RGB     | 1.0244| 1.176| 0.035| 6.046| 0.013| 2.946| 0.007| 7.51e-03| 0.007| 3.669| 0.071|                |  1|KCat|Sloan|Simbad|297.91512|+46.87069
298.0865417|+46.8388333| 9968249|19522077+4650198|4760.0| 0.171|-0.004| 90.615| 7.822|RGB     | 1.0264| 1.537| 0.037| 7.581| 0.013| 2.865| 0.007| 4.98e-03| 0.007| 3.423| 0.162|                |  1|KCat|Sloan|Simbad|298.08654|+46.83883
298.4684167|+46.8893056| 9969574|19535242+4653215|4826.7| 0.248| 0.025|111.845| 9.245|RGB     | 1.0242| 1.526| 0.035| 6.774| 0.012| 2.960| 0.007| 6.92e-03| 0.007| 3.455| 0.521|                |  0|KCat|Sloan|Simbad|298.46842|+46.88931
298.6161250|+46.8969722| 9970068|19542787+4653491|4848.8|-0.179| 0.075| 32.204| 4.081|RC      | 0.9975| 1.074| 0.078|10.577| 0.023| 2.420| 0.010| 1.28e-03| 0.008| 3.698| 0.635|                |  0|KCat|Sloan|Simbad|298.61612|+46.89697
298.6275833|+46.8445556| 9970098|19543062+4650404|5005.7|-0.646| 0.134| 33.151| 4.184|RC      | 0.9880| 1.155| 0.078|10.728| 0.023| 2.440| 0.010| 1.32e-03| 0.008| 3.521| 0.516|                |  0|KCat|Sloan|Simbad|298.62758|+46.84456
298.6729583|+46.8710000| 9970262|19544151+4652156|4269.5| 0.270|-0.003| 11.311| 1.320|RGB(S)  | 1.0000| 3.481| 0.044|33.175| 0.017| 1.938| 0.007| 1.35e-04| 0.008| 2.584| 0.764|SeisUnc         |  0|KCat|Sloan|Simbad|298.67296|+46.87100
298.7097917|+46.8330278| 9970396|19545035+4649589|4795.1|-0.156| 0.009| 63.640| 6.338|RGB     | 1.0323| 1.221| 0.039| 8.045| 0.014| 2.714| 0.007| 3.31e-03| 0.007| 3.680| 0.326|                |  0|KCat|Sloan|Simbad|298.70979|+46.83303
298.7208750|+46.8737778| 9970454|19545301+4652256|4667.5| 0.089| 0.020| 31.998| 3.922|RC      | 0.9971| 1.167| 0.078|11.171| 0.023| 2.409| 0.010| 1.18e-03| 0.008| 3.657| 0.488|                |  0|KCat|Sloan|Simbad|298.72087|+46.87378
298.8253750|+46.8020556| 9970830|19551809+4648074|4912.0| 0.059|-0.002| 50.913| 4.970|RC      | 1.0044| 1.913| 0.069|11.192| 0.019| 2.622| 0.009| 1.92e-03| 0.008| 3.125| 0.354|                |  1|KCat|Sloan|Simbad|298.82537|+46.80206
282.3645417|+46.9157500| 9993459|18492749+4654567|4508.8| 0.162| 0.079| 48.869| 5.235|RGB     | 1.0385| 1.058| 0.040| 8.679| 0.015| 2.585| 0.007| 2.28e-03| 0.007| 4.003| 0.105|                |  0|KCat|Sloan|Simbad|282.36454|+46.91575
283.1073750|+46.9266944| 9994630|18522577+4655361|4660.3| 0.109| 0.002| 30.908| 3.823|RC      | 0.9950| 1.173| 0.079|11.396| 0.024| 2.394| 0.010| 1.12e-03| 0.008| 3.662| 0.123|                |  0|KCat|Sloan|Simbad|283.10737|+46.92669
283.1196250|+46.9755556| 9994652|18522871+4658320|4554.2| 0.153| 0.067| 49.437| 5.243|RGB     | 1.0383| 1.106| 0.040| 8.801| 0.015| 2.593| 0.007| 2.29e-03| 0.007| 3.926| 0.162|                |  0|KCat|Sloan|Simbad|283.11962|+46.97556
283.2188750|+46.9645556| 9994798|18525253+4657524|4791.6| 0.188| 0.005| 39.609| 4.404|RC      | 0.9998| 1.434| 0.075|11.055| 0.022| 2.507| 0.010| 1.50e-03| 0.008| 3.440| 0.239|                |  0|KCat|Sloan|Simbad|283.21887|+46.96456
283.4135000|+46.9113056| 9995133|18533924+4654407|4680.6|-0.189| 0.143| 51.229| 5.550|RGB     | 1.0383| 1.020| 0.040| 8.248| 0.015| 2.614| 0.007| 2.56e-03| 0.007| 3.960| 0.200|                |  0|KCat|Sloan|Simbad|283.41350|+46.91131
283.4301667|+46.9612500| 9995162|18534324+4657405|4602.2| 0.130|-0.003| 54.725| 5.635|RGB     | 1.0365| 1.149| 0.040| 8.506| 0.015| 2.639| 0.007| 2.63e-03| 0.007| 3.861| 0.129|                |  0|KCat|Sloan|Simbad|283.43017|+46.96125
283.6515833|+46.9763611| 9995535|18543638+4658349|4866.1|-0.098| 0.040| 34.227| 4.189|RC      | 0.9982| 1.164| 0.077|10.673| 0.023| 2.447| 0.010| 1.35e-03| 0.008| 3.613| 0.190|                |  0|KCat|Sloan|Simbad|283.65158|+46.97636
286.3743750|+46.9103333|10000207|19052985+4654372|4702.5|-0.175| 0.188| 94.585| 8.838|RGB     | 1.0296| 1.041| 0.037| 6.123| 0.013| 2.881| 0.007| 6.39e-03| 0.007| 3.925| 0.053|                |  0|KCat|Sloan|Simbad|286.37437|+46.91033
286.5913750|+46.9504444|10000547|19062193+4657016|4968.3|-0.198| 0.061|160.450|13.227|RGB     | 1.0195| 1.144| 0.031| 4.861| 0.011| 3.123| 0.007| 1.40e-02| 0.007| 3.771| 0.090|                |  1|KCat|Sloan|Simbad|286.59137|+46.95044
286.9557083|+46.9366111|10001167|19074937+4656118|4555.7|-0.602| 0.199| 19.847| 2.752|RGB     | 1.0439| 0.922| 0.043|12.682| 0.016| 2.196| 0.007| 6.37e-04| 0.008| 3.983| 0.000|                |  0|KCat|Sloan|Simbad|286.95571|+46.93661
287.0574167|+46.9262500|10001326|19081378+4655345|4655.8|-0.018| 0.018| 47.612| 5.049|RGB     | 1.0359| 1.198| 0.041| 9.284| 0.015| 2.581| 0.007| 2.11e-03| 0.007| 3.742| 0.116|                |  0|KCat|Sloan|Simbad|287.05742|+46.92625
287.1259583|+46.9992500|10001440|19083023+4659573|4712.2|-0.611| 0.250| 44.273| 5.106|RGB     | 1.0392| 0.925| 0.041| 8.435| 0.015| 2.552| 0.007| 2.17e-03| 0.007| 3.979| 0.049|                |  0|KCat|Sloan|Simbad|287.12596|+46.99925
287.3337083|+46.9534444|10001796|19092009+4657124|4894.9|-0.239| 0.041| 32.753| 4.059|RC      | 0.9996| 1.161| 0.078|10.879| 0.023| 2.430| 0.010| 1.27e-03| 0.008| 3.590| 0.140|                |  0|KCat|Sloan|Simbad|287.33371|+46.95344
287.4096667|+46.9569444|10001935|19093832+4657250|4908.1|-0.212| 0.086| 32.105| 4.098|RC      | 0.9975| 1.066| 0.078|10.521| 0.023| 2.421| 0.010| 1.29e-03| 0.008| 3.684| 0.184|                |  0|KCat|Sloan|Simbad|287.40967|+46.95694
287.7352500|+46.9725556|10002556|19105646+4658212|4766.6|-0.121| 0.105| 29.426| 3.915|RC      | 0.9958| 0.949| 0.080|10.448| 0.024| 2.377| 0.010| 1.17e-03| 0.008| 3.827| 0.156|                |  0|KCat|Sloan|Simbad|287.73525|+46.97256
287.7877083|+46.9159722|10002647|19110905+4654575|4829.7|-0.154| 0.028| 36.951| 4.286|RC      | 0.9958| 1.334| 0.076|11.019| 0.022| 2.479| 0.010| 1.41e-03| 0.008| 3.454| 0.049|                |  1|KCat|Sloan|Simbad|287.78771|+46.91597
288.1582917|+46.9419167|10003349|19123799+4656309|4687.1| 0.018| 0.016| 48.828| 5.002|RGB     | 1.0341| 1.364| 0.040| 9.765| 0.015| 2.594| 0.007| 2.07e-03| 0.007| 3.580| 0.168|                |  0|KCat|Sloan|Simbad|288.15829|+46.94192
288.1955833|+46.9815833|10003419|19124694+4658537|4723.5| 0.146|-0.003| 35.803| 4.109|RC      | 0.9955| 1.392| 0.077|11.497| 0.023| 2.460| 0.010| 1.29e-03| 0.008| 3.472| 0.102|                |  1|KCat|Sloan|Simbad|288.19558|+46.98158
288.2470000|+46.9163611|10003497|19125928+4654589|4590.1|-0.113| 0.044| 27.381| 3.352|RGB     | 1.0403| 1.128| 0.042|11.921| 0.016| 2.338| 0.007| 9.39e-04| 0.008| 3.802| 0.115|                |  1|KCat|Sloan|Simbad|288.24700|+46.91636
288.8812083|+46.9582778|10004825|19153149+4657298|4690.2| 0.247| 0.011| 57.549| 5.408|RGB     | 1.0301| 1.662| 0.040| 9.926| 0.015| 2.665| 0.007| 2.40e-03| 0.007| 3.327| 0.195|                |  0|KCat|Sloan|Simbad|288.88121|+46.95828
288.9573750|+46.9239444|10004975|19154977+4655262|4105.7|-0.105| 0.138|  3.259| 0.726|RGB     | 1.0105| 0.823| 0.044|30.353| 0.017| 1.389| 0.007| 4.15e-05| 0.008| 4.244| 0.209|Ageold          |  1|KCat|Sloan|Simbad|288.95737|+46.92394
289.1986667|+46.9466667|10005422|19164768+4656480|4828.4|-0.406| 0.222| 27.274| 3.829|RC      | 0.9926| 0.853| 0.081|10.257| 0.025| 2.347| 0.010| 1.11e-03| 0.008| 3.877| 0.085|                |  1|KCat|Sloan|Simbad|289.19867|+46.94667
289.2023333|+46.9591389|10005429|19164856+4657329|4750.5|-0.027| 0.164| 40.653| 4.315|RC      | 1.0024| 1.644| 0.074|11.708| 0.021| 2.517| 0.010| 1.44e-03| 0.008| 3.240| 0.191|                |  0|KCat|Sloan|Simbad|289.20233|+46.95914
289.4348750|+46.9905556|10005966|19174437+4659260|4532.7| 0.324| 0.032| 30.954| 3.818|RC      | 1.0029| 1.101| 0.079|11.110| 0.024| 2.388| 0.010| 1.13e-03| 0.008| 3.764| 0.070|                |  1|KCat|Sloan|Simbad|289.43487|+46.99056
289.4995833|+46.9072500|10006097|19175990+4654261|4855.2| 0.045| 0.041|140.552|11.927|RGB     | 1.0233| 1.107| 0.033| 5.139| 0.011| 3.060| 0.007| 1.15e-02| 0.007| 3.894| 0.168|                |  0|KCat|Sloan|Simbad|289.49958|+46.90725
289.5307917|+46.9572500|10006158|19180739+4657261|4694.4| 0.086| 0.006| 31.206| 3.965|RC      | 1.0022| 1.025| 0.079|10.586| 0.024| 2.399| 0.010| 1.22e-03| 0.008| 3.790| 0.139|                |  0|KCat|Sloan|Simbad|289.53079|+46.95725
289.7167917|+46.9536389|10006548|19185203+4657131|4677.9| 0.094| 0.043| 28.038| 3.565|RC      | 1.0150| 1.076| 0.080|11.451| 0.024| 2.352| 0.010| 1.01e-03| 0.008| 3.747| 0.216|                |  0|KCat|Sloan|Simbad|289.71679|+46.95364
289.8296250|+46.9873333|10006828|19191911+4659144|4545.6|-0.501| 0.230| 20.921| 2.824|RGB     | 1.0435| 0.973| 0.043|12.698| 0.016| 2.219| 0.007| 6.70e-04| 0.008| 3.928| 0.027|                |  0|KCat|Sloan|Simbad|289.82962|+46.98733
289.8372917|+46.9908333|10006852|19192095+4659270|5023.7|-0.017|-0.004| 77.610| 6.760|RC      | 0.9982| 2.100| 0.057| 9.444| 0.013| 2.810| 0.008| 3.52e-03| 0.008| 3.027| 0.030|                |  1|KCat|Sloan|Simbad|289.83729|+46.99083
289.9621667|+46.9236944|10007150|19195092+4655253|4737.4| 0.185|-0.004| 34.413| 3.993|RC      | 0.9960| 1.389| 0.077|11.708| 0.023| 2.444| 0.010| 1.22e-03| 0.008| 3.481| 0.171|                |  0|KCat|Sloan|Simbad|289.96217|+46.92369
290.0865833|+46.9451944|10007492|19202078+4656427|4993.6| 0.004|-0.011|214.949|15.554|RGB     | 1.0169| 1.464| 0.028| 4.746| 0.009| 3.251| 0.007| 1.93e-02| 0.006| 3.431| 0.089|                |  0|KCat|Sloan|Simbad|290.08658|+46.94519
293.0970833|+46.9902222|10014635|19322330+4659248|5021.2|-0.567| 0.235| 28.889| 4.129|RC      | 0.9834| 0.825| 0.080| 9.707| 0.024| 2.381| 0.010| 1.27e-03| 0.008| 3.899| 0.214|SeisUnc         |  0|KCat|Sloan|Simbad|293.09708|+46.99022
293.2037083|+46.9557778|10014893|19324889+4657208|4615.4|-0.061| 0.023| 26.447| 3.110|RGB     | 1.0367| 1.403| 0.042|13.507| 0.016| 2.324| 0.007| 8.03e-04| 0.008| 3.511| 0.274|                |  0|KCat|Sloan|Simbad|293.20371|+46.95578
293.2133750|+46.9025000|10014914|19325121+4654090|4844.3| 0.010|-0.005| 43.291| 4.621|RC      | 0.9967| 1.590| 0.073|11.105| 0.021| 2.548| 0.009| 1.64e-03| 0.008| 3.280| 0.202|                |  0|KCat|Sloan|Simbad|293.21337|+46.90250
293.2350000|+46.9080000|10014959|19325640+4654288|4739.8| 0.147| 0.066|174.177|14.103|RGB     | 1.0212| 1.048| 0.030| 4.519| 0.010| 3.148| 0.007| 1.60e-02| 0.006| 4.011| 0.000|                |  0|KCat|Sloan|Simbad|293.23500|+46.90800
293.5284583|+46.9138056|10015663|19340683+4654497|4872.2| 0.034| 0.001| 39.987| 4.423|RC      | 0.9923| 1.532| 0.075|11.324| 0.022| 2.515| 0.010| 1.49e-03| 0.008| 3.338| 0.297|                |  0|KCat|Sloan|Simbad|293.52846|+46.91381
293.7084167|+46.9043889|10016093|19345002+4654158|4585.5|-0.353| 0.168| 30.907| 3.801|RGB     | 1.0416| 0.976| 0.042|10.439| 0.016| 2.390| 0.007| 1.21e-03| 0.008| 3.953| 0.146|                |  1|KCat|Sloan|Simbad|293.70842|+46.90439
294.4818333|+46.9868611|10018239|19375564+4659127|4570.5| 0.255| 0.050| 32.055| 3.902|RC      | 1.0035| 1.132| 0.078|11.049| 0.023| 2.405| 0.010| 1.18e-03| 0.008| 3.729| 0.160|                |  1|KCat|Sloan|Simbad|294.48183|+46.98686
294.5578750|+46.9613056|10018442|19381389+4657407|4871.4| 0.032|-0.014| 74.660| 6.626|RGB     | 1.0245| 1.742| 0.038| 8.837| 0.014| 2.786| 0.007| 3.56e-03| 0.007| 3.204| 0.276|                |  0|KCat|Sloan|Simbad|294.55787|+46.96131
294.6958750|+46.9033333|10018811|19384701+4654120|4902.2|-0.237| 0.010| 76.840| 7.321|RGB     | 1.0288| 1.265| 0.038| 7.412| 0.014| 2.800| 0.007| 4.38e-03| 0.007| 3.595| 0.201|                |  0|KCat|Sloan|Simbad|294.69587|+46.90333
294.7400417|+46.9248889|10018923|19385761+4655296|4535.7| 0.249| 0.022| 40.575| 4.337|RGB     | 1.0368| 1.305| 0.041|10.564| 0.015| 2.506| 0.007| 1.56e-03| 0.007| 3.705| 0.221|                |  1|KCat|Sloan|Simbad|294.74004|+46.92489
294.7542917|+46.9930000|10018967|19390103+4659348|4908.3| 0.148|-0.001| 58.625| 5.438|RC      | 1.0090| 1.998| 0.066|10.663| 0.017| 2.683| 0.009| 2.33e-03| 0.008| 3.102| 0.242|                |  0|KCat|Sloan|Simbad|294.75429|+46.99300
294.7557917|+46.9834167|10018973|19390139+4659003|4582.7| 0.340| 0.015| 32.018| 3.961|RC      | 1.0028| 1.070| 0.078|10.738| 0.023| 2.405| 0.010| 1.22e-03| 0.008| 3.794| 0.135|                |  1|KCat|Sloan|Simbad|294.75579|+46.98342
295.1243333|+46.9223333|10019961|19402984+4655204|4726.9| 0.021| 0.011| 32.207| 4.007|RC      | 1.0004| 1.099| 0.078|10.770| 0.023| 2.415| 0.010| 1.24e-03| 0.008| 3.716| 0.231|                |  0|KCat|Sloan|Simbad|295.12433|+46.92233
296.3154167|+46.9742778|10023322|19451570+4658274|4580.2|-0.029| 0.005| 26.867| 3.185|RGB     | 1.0379| 1.317| 0.042|13.008| 0.016| 2.329| 0.007| 8.44e-04| 0.008| 3.605| 0.241|                |  0|KCat|Sloan|Simbad|296.31542|+46.97428
296.3582083|+46.9433889|10023439|19452597+4656362|4624.1| 0.078| 0.045| 64.557| 6.448|REJECT  |       |      |      |      |      |      |      |         |      |      | 0.159|No Seis         |  1|KCat|Sloan|Simbad|296.35821|+46.94339
296.3861250|+46.9744167|10023520|19453267+4658279|4909.8|-0.139| 0.032| 34.741| 4.147|RC      | 1.0012| 1.269| 0.077|11.037| 0.023| 2.456| 0.010| 1.33e-03| 0.008| 3.513| 0.302|                |  0|KCat|Sloan|Simbad|296.38612|+46.97442
296.3926250|+46.9676667|10023547|19453423+4658036|5068.2| 0.015| 0.018| 93.122| 7.720|RC      | 0.9955| 2.183| 0.050| 8.773| 0.010| 2.891| 0.008| 4.56e-03| 0.008| 3.001| 0.162|                |  0|KCat|Sloan|Simbad|296.39262|+46.96767
296.6810417|+46.9545833|10024460|19464345+4657165|4513.6|-0.094| 0.167| 35.589| 4.138|RGB     | 1.0410| 1.038| 0.042|10.072| 0.015| 2.448| 0.007| 1.43e-03| 0.007| 3.964| 0.192|                |  0|KCat|Sloan|Simbad|296.68104|+46.95458
296.6911667|+46.9211667|10024484|19464588+4655162|4856.1|-0.158| 0.052| 33.110| 4.049|RC      | 1.0001| 1.195| 0.078|10.999| 0.023| 2.432| 0.010| 1.27e-03| 0.008| 3.586| 0.261|                |  0|KCat|Sloan|Simbad|296.69117|+46.92117
296.7834583|+46.9327500|10024786|19470803+4655579|4697.7| 0.155| 0.000| 32.427| 3.892|RC      | 1.0049| 1.227| 0.078|11.356| 0.023| 2.416| 0.010| 1.18e-03| 0.008| 3.622| 0.261|                |  0|KCat|Sloan|Simbad|296.78346|+46.93275
296.9400417|+46.9359722|10025321|19474561+4656095|4864.1| 0.044| 0.012|130.735|10.428|RGB     | 1.0209| 1.543| 0.034| 6.288| 0.012| 3.029| 0.007| 8.75e-03| 0.007| 3.385| 0.131|                |  1|KCat|Sloan|Simbad|296.94004|+46.93597
296.9560833|+46.9020833|10025387|19474946+4654075|4813.7| 0.103| 0.012|140.024|11.435|RGB     | 1.0224| 1.283| 0.033| 5.556| 0.011| 3.057| 0.007| 1.05e-02| 0.007| 3.681| 0.160|                |  1|KCat|Sloan|Simbad|296.95608|+46.90208
297.3437917|+46.9284722|10026767|19492251+4655425|4629.2| 0.105| 0.103| 29.937| 3.838|RC      | 1.0019| 1.010| 0.079|10.765| 0.024| 2.378| 0.010| 1.14e-03| 0.008| 3.815| 0.380|                |  0|KCat|Sloan|Simbad|297.34379|+46.92847
297.3546250|+46.9693611|10026795|19492511+4658097|4677.5|-0.031| 0.000| 48.377| 5.057|RGB     | 1.0348| 1.263| 0.040| 9.445| 0.015| 2.589| 0.007| 2.11e-03| 0.007| 3.666| 0.382|                |  0|KCat|Sloan|Simbad|297.35462|+46.96936
297.8671250|+46.9875000|10028634|19512811+4659150|4911.8|-0.103| 0.031| 93.702| 8.276|RGB     | 1.0250| 1.430| 0.037| 7.134| 0.013| 2.887| 0.007| 5.56e-03| 0.007| 3.446| 0.346|                |  1|KCat|Sloan|Simbad|297.86712|+46.98750
298.1992083|+46.9431111|10029763|19524781+4656352|4817.8| 0.067| 0.033| 35.253| 4.227|RC      | 1.0040| 1.181| 0.077|10.621| 0.023| 2.458| 0.010| 1.39e-03| 0.008| 3.636| 0.502|                |  0|KCat|Sloan|Simbad|298.19921|+46.94311
298.2153333|+46.9332778|10029821|19525168+4655598|4932.0| 0.032|-0.025| 63.873| 5.910|RC      | 0.9948| 1.975| 0.063|10.142| 0.016| 2.721| 0.009| 2.67e-03| 0.008| 3.094| 0.341|                |  0|KCat|Sloan|Simbad|298.21533|+46.93328
298.5922083|+46.9297778|10031091|19542213+4655472|4973.0|-0.007| 0.017|120.860| 9.834|RGB     | 1.0208| 1.594| 0.034| 6.610| 0.012| 3.000| 0.007| 7.78e-03| 0.007| 3.307| 0.522|                |  0|KCat|Sloan|Simbad|298.59221|+46.92978
298.8106250|+46.9221111|10031856|19551455+4655196|4481.4| 0.155| 0.006| 20.697| 2.551|RGB     | 1.0386| 1.410| 0.043|15.423| 0.016| 2.211| 0.007| 5.42e-04| 0.008| 3.562| 0.679|                |  1|KCat|Sloan|Simbad|298.81062|+46.92211
299.2355000|+46.9436944|10033231|19565652+4656373|4871.1| 0.277|-0.004|137.405|10.716|RGB     | 1.0208| 1.610| 0.033| 6.264| 0.011| 3.051| 0.007| 9.24e-03| 0.007| 3.371| 0.379|                |  0|KCat|Sloan|Simbad|299.23550|+46.94369
280.8929583|+47.0049167|10053392|18433431+4700177|4543.6| 0.372| 0.035| 75.292| 7.185|RGB     | 1.0354| 1.116| 0.038| 7.168| 0.014| 2.775| 0.007| 4.27e-03| 0.007| 3.963| 0.138|                |  0|KCat|Sloan|Simbad|280.89296|+47.00492
281.0273750|+47.0879444|10053594|18440657+4705166|4612.5| 0.433| 0.028| 93.422| 8.325|RGB     | 1.0313| 1.229| 0.037| 6.727| 0.013| 2.872| 0.007| 5.69e-03| 0.007| 3.821| 0.127|                |  0|KCat|Sloan|Simbad|281.02737|+47.08794
282.0100833|+47.0000833|10055061|18480242+4700003|4221.6| 0.309| 0.049| 15.716| 2.119|RGB     | 1.0452| 1.158| 0.043|16.275| 0.016| 2.078| 0.007| 3.79e-04| 0.008| 3.897| 0.131|                |  0|KCat|Sloan|Simbad|282.01008|+47.00008
282.0970417|+47.0271667|10055196|18482329+4701378|4764.5| 0.357| 0.014|106.295| 8.787|RGB     | 1.0252| 1.568| 0.036| 7.067| 0.013| 2.935| 0.007| 6.27e-03| 0.007| 3.431| 0.125|                |  0|KCat|Sloan|Simbad|282.09704|+47.02717
282.3475417|+47.0342778|10055660|18492341+4702034|4252.0| 0.087| 0.079|  9.310| 1.358|RGB     | 1.0370| 1.488| 0.044|23.928| 0.017| 1.853| 0.007| 1.53e-04| 0.008| 3.467| 0.099|                |  0|KCat|Sloan|Simbad|282.34754|+47.03428
282.3558750|+47.0612500|10055674|18492541+4703405|4650.2| 0.205|-0.002| 44.148| 4.540|RGB     | 1.0337| 1.471| 0.041|10.686| 0.015| 2.548| 0.007| 1.70e-03| 0.007| 3.504| 0.151|                |  0|KCat|Sloan|Simbad|282.35587|+47.06125
282.3722500|+47.0131667|10055700|18492934+4700474|4963.6|-0.368| 0.176| 35.930| 4.145|RC      | 0.9940| 1.471| 0.076|11.654| 0.023| 2.473| 0.010| 1.31e-03| 0.008| 3.298| 0.156|                |  0|KCat|Sloan|Simbad|282.37225|+47.01317
282.8412083|+47.0741389|10056474|18512189+4704269|4913.3| 0.058| 0.016| 50.116| 4.922|RC      | 1.0020| 1.916| 0.070|11.289| 0.019| 2.615| 0.009| 1.88e-03| 0.008| 3.124| 0.152|                |  0|KCat|Sloan|Simbad|282.84121|+47.07414
283.2607083|+47.0697222|10057222|18530257+4704110|4689.0| 0.120| 0.028| 50.777| 5.245|RGB     | 1.0353| 1.264| 0.040| 9.217| 0.015| 2.611| 0.007| 2.28e-03| 0.007| 3.714| 0.242|                |  0|KCat|Sloan|Simbad|283.26071|+47.06972
283.5465833|+47.0993611|10057670|18541118+4705577|4612.7|-0.268| 0.151| 49.469| 5.403|RGB     | 1.0384| 1.001| 0.040| 8.344| 0.015| 2.596| 0.007| 2.43e-03| 0.007| 3.957| 0.017|                |  0|KCat|Sloan|Simbad|283.54658|+47.09936
284.4201667|+47.0316389|10059338|18574084+4701539|4510.6|-0.162| 0.031|  9.820| 1.482|RGB     | 1.0384| 1.338| 0.044|21.775| 0.017| 1.889| 0.007| 1.83e-04| 0.008| 3.550| 0.099|                |  0|KCat|Sloan|Simbad|284.42017|+47.03164
286.2838333|+47.0543889|10063028|19050812+4703158|4732.3|-0.116| 0.166| 30.134| 4.013|RC      | 0.9961| 0.913| 0.079|10.143| 0.024| 2.386| 0.010| 1.23e-03| 0.008| 3.863| 0.162|                |  0|KCat|Sloan|Simbad|286.28383|+47.05439
286.3772500|+47.0495278|10063188|19053054+4702583|4888.3|-0.129| 0.021| 45.334| 4.709|RC(S)   | 0.9958| 1.722| 0.072|11.269| 0.020| 2.570| 0.009| 1.70e-03| 0.008| 3.178| 0.102|                |  0|KCat|Sloan|Simbad|286.37725|+47.04953
286.3912083|+47.0140000|10063214|19053389+4700504|4845.2| 0.100| 0.015|159.310|12.797|RGB     | 1.0209| 1.224| 0.031| 5.078| 0.011| 3.114| 0.007| 1.32e-02| 0.007| 3.752| 0.157|                |  0|KCat|Sloan|Simbad|286.39121|+47.01400
287.7592917|+47.0149722|10065848|19110223+4700539|4780.9|-0.300| 0.217| 29.970| 4.034|RC      | 0.9930| 0.904| 0.079|10.094| 0.024| 2.386| 0.010| 1.24e-03| 0.008| 3.839| 0.024|                |  1|KCat|Sloan|Simbad|287.75929|+47.01497
288.1315833|+47.0477778|10066568|19123158+4702520|5026.5|-0.691| 0.272| 28.467| 3.562|RC      | 1.0001| 1.335| 0.080|12.432| 0.024| 2.374| 0.010| 9.80e-04| 0.008| 3.350| 0.052|                |  1|KCat|Sloan|Simbad|288.13158|+47.04778
288.5512500|+47.0900278|10067407|19141230+4705241|4687.6|-0.281| 0.074| 34.178| 3.939|RGB     | 1.0369| 1.203| 0.042|10.962| 0.016| 2.439| 0.007| 1.29e-03| 0.007| 3.668| 0.120|                |  1|KCat|Sloan|Simbad|288.55125|+47.09003
289.0817500|+47.0651667|10068556|19161962+4703546|4936.0| 0.068| 0.002|180.934|13.966|RGB     | 1.0185| 1.312| 0.030| 4.911| 0.010| 3.174| 0.007| 1.56e-02| 0.006| 3.632| 0.129|                |  1|KCat|Sloan|Simbad|289.08175|+47.06517
289.2090833|+47.0500556|10068801|19165018+4703002|4320.6| 0.083| 0.009| 11.429| 1.621|RGB     | 1.0397| 1.375| 0.044|20.683| 0.017| 1.945| 0.007| 2.19e-04| 0.008| 3.575| 0.189|                |  1|KCat|Sloan|Simbad|289.20908|+47.05006
289.2140417|+47.0870833|10068810|19165137+4705135|4612.3|-0.222| 0.168| 48.598| 5.350|RGB     | 1.0387| 0.986| 0.040| 8.355| 0.015| 2.588| 0.007| 2.38e-03| 0.007| 4.012| 0.000|                |  1|KCat|Sloan|Simbad|289.21404|+47.08708
289.2513333|+47.0939722|10068892|19170032+4705383|4522.4|-0.240| 0.034| 14.977| 2.093|RGB     | 1.0411| 1.185| 0.043|16.581| 0.016| 2.073| 0.007| 3.67e-04| 0.008| 3.693| 0.159|                |  0|KCat|Sloan|Simbad|289.25133|+47.09397
289.3229583|+47.0333889|10069045|19171751+4702002|4666.9|-0.017| 0.012| 46.995| 5.016|RGB     | 1.0362| 1.185| 0.041| 9.289| 0.015| 2.576| 0.007| 2.09e-03| 0.007| 3.758| 0.125|                |  1|KCat|Sloan|Simbad|289.32296|+47.03339
289.4451250|+47.0920556|10069277|19174683+4705314|4903.4|-0.448| 0.063| 27.626| 3.502|RC      | 1.0081| 1.218| 0.080|12.132| 0.024| 2.356| 0.010| 9.62e-04| 0.008| 3.498| 0.130|                |  1|KCat|Sloan|Simbad|289.44512|+47.09206
289.5810000|+47.0625833|10069570|19181944+4703453|4718.5|-0.055| 0.031| 41.124| 4.449|RGB     | 1.0356| 1.308| 0.041|10.403| 0.015| 2.520| 0.007| 1.64e-03| 0.007| 3.615| 0.166|                |  0|KCat|Sloan|Simbad|289.58100|+47.06258
290.0566250|+47.0597500|10070717|19201359+4703351|4732.7| 0.066| 0.027| 32.676| 4.066|RC      | 1.0015| 1.080| 0.078|10.594| 0.023| 2.421| 0.010| 1.28e-03| 0.008| 3.732| 0.136|                |  1|KCat|Sloan|Simbad|290.05662|+47.05975
290.2748333|+47.0640278|10071249|19210596+4703505|4801.2|-0.182| 0.065| 32.274| 3.983|RC      | 0.9970| 1.176| 0.078|11.084| 0.023| 2.419| 0.010| 1.22e-03| 0.008| 3.597| 0.078|                |  1|KCat|Sloan|Simbad|290.27483|+47.06403
291.2937083|+47.0535556|10073828|19251049+4703128|4555.6| 0.263| 0.040| 30.537| 3.762|RC      | 1.0056| 1.118| 0.079|11.259| 0.024| 2.383| 0.010| 1.11e-03| 0.008| 3.744| 0.075|                |  1|KCat|Sloan|Simbad|291.29371|+47.05356
291.4458333|+47.0954167|10074230|19254700+4705435|4515.3|-0.204| 0.070| 19.658| 2.641|RGB     | 1.0437| 1.045| 0.043|13.594| 0.016| 2.190| 0.007| 5.87e-04| 0.008| 3.914| 0.160|                |  0|KCat|Sloan|Simbad|291.44583|+47.09542
293.3726250|+47.0578611|10078979|19332943+4703283|4922.6|-0.114| 0.029|236.460|17.881|RGB     | 1.0164| 1.094| 0.028| 3.926| 0.009| 3.289| 0.007| 2.55e-02| 0.006| 3.842| 0.090|                |  0|KCat|Sloan|Simbad|293.37262|+47.05786
293.7707083|+47.0178333|10079987|19350497+4701042|4628.6| 0.097| 0.013| 30.014| 3.763|RC      | 0.9964| 1.126| 0.079|11.352| 0.024| 2.379| 0.010| 1.08e-03| 0.008| 3.699| 0.238|                |  0|KCat|Sloan|Simbad|293.77071|+47.01783
294.1218333|+47.0253889|10080974|19362924+4701314|4942.5|-0.113| 0.013| 41.441| 4.577|RC      | 0.9966| 1.493| 0.074|10.943| 0.021| 2.534| 0.010| 1.61e-03| 0.008| 3.323| 0.341|                |  1|KCat|Sloan|Simbad|294.12183|+47.02539
294.4808333|+47.0688889|10081951|19375540+4704080|4743.8| 0.105| 0.020| 33.407| 4.102|RC      | 1.0021| 1.116| 0.078|10.644| 0.023| 2.431| 0.010| 1.31e-03| 0.008| 3.706| 0.348|                |  0|KCat|Sloan|Simbad|294.48083|+47.06889
294.6343333|+47.0576111|10082360|19383224+4703274|4569.8|-0.247| 0.038| 22.017| 2.790|RGB     | 1.0393| 1.220| 0.043|13.837| 0.016| 2.242| 0.007| 6.49e-04| 0.008| 3.651| 0.203|                |  0|KCat|Sloan|Simbad|294.63433|+47.05761
294.7119583|+47.0493056|10082581|19385087+4702575|4912.7|-0.248| 0.059| 28.439| 3.670|RC      | 0.9995| 1.144| 0.080|11.581| 0.024| 2.369| 0.010| 1.04e-03| 0.008| 3.606| 0.268|                |  0|KCat|Sloan|Simbad|294.71196|+47.04931
294.7184167|+47.0766111|10082602|19385242+4704358|4607.1| 0.263| 0.021| 31.050| 3.773|RC      | 1.0117| 1.153| 0.079|11.306| 0.024| 2.393| 0.010| 1.12e-03| 0.008| 3.713| 0.238|                |  0|KCat|Sloan|Simbad|294.71842|+47.07661
294.7436667|+47.0190833|10082680|19385848+4701087|4799.5| 0.161|-0.022| 48.329| 4.883|RC      | 0.9969| 1.748| 0.071|11.045| 0.020| 2.594| 0.009| 1.83e-03| 0.008| 3.226| 0.171|                |  0|KCat|Sloan|Simbad|294.74367|+47.01908
294.9355417|+47.0816389|10083224|19394453+4704539|4715.1| 0.148|-0.031| 35.753| 4.075|RC      | 0.9981| 1.413| 0.077|11.598| 0.023| 2.459| 0.010| 1.28e-03| 0.008| 3.455| 0.349|                |  0|KCat|Sloan|Simbad|294.93554|+47.08164
294.9705000|+47.0443333|10083313|19395292+4702396|4647.9| 0.228| 0.030| 32.919| 3.982|RC      | 1.0031| 1.161| 0.078|10.995| 0.023| 2.420| 0.010| 1.23e-03| 0.008| 3.695| 0.275|                |  0|KCat|Sloan|Simbad|294.97050|+47.04433
295.0272500|+47.0966944|10083480|19400654+4705481|4928.2|-0.340| 0.046| 31.082| 3.931|RC      | 0.9991| 1.141| 0.079|11.056| 0.024| 2.408| 0.010| 1.19e-03| 0.008| 3.586| 0.172|                |  1|KCat|Sloan|Simbad|295.02725|+47.09669
295.1488750|+47.0085278|10083815|19403573+4700307|4699.9|-0.947| 0.125| 18.084| 2.602|RGB     | 1.0421| 0.922| 0.043|13.185| 0.016| 2.163| 0.007| 5.68e-04| 0.008| 3.898| 0.201|                |  0|KCat|Sloan|Simbad|295.14887|+47.00853
296.0497083|+47.0938333|10086465|19441193+4705378|4768.3| 0.077| 0.006| 41.606| 4.354|RC      | 1.0062| 1.683| 0.074|11.699| 0.021| 2.528| 0.010| 1.48e-03| 0.008| 3.239| 0.102|                |  1|KCat|Sloan|Simbad|296.04971|+47.09383
296.3533333|+47.0413889|10087394|19452480+4702290|4643.3| 0.064| 0.014| 58.533| 5.971|RGB     | 1.0361| 1.132| 0.040| 8.145| 0.015| 2.670| 0.007| 2.95e-03| 0.007| 3.867| 0.109|                |  1|KCat|Sloan|Simbad|296.35333|+47.04139
296.3933333|+47.0303056|10087522|19453440+4701491|5070.4| 0.013|-0.017| 57.530| 5.112|RC      | 0.9797| 2.856| 0.066|12.763| 0.018| 2.682| 0.009| 1.94e-03| 0.008| 2.663| 0.238|                |  0|KCat|Sloan|Simbad|296.39333|+47.03031
296.7975833|+47.0699444|10088768|19471142+4704118|4689.9| 0.211|-0.001| 33.583| 4.018|RC      | 1.0011| 1.215| 0.078|11.109| 0.023| 2.431| 0.010| 1.25e-03| 0.008| 3.644| 0.291|                |  0|KCat|Sloan|Simbad|296.79758|+47.06994
297.0816250|+47.0767222|10089758|19481959+4704362|4085.7| 0.228| 0.017|  5.935| 1.018|RGB     | 1.0446| 1.116| 0.044|26.216| 0.017| 1.648| 0.007| 8.73e-05| 0.008| 3.930| 0.316|                |  1|KCat|Sloan|Simbad|297.08162|+47.07672
297.1595833|+47.0275000|10090039|19483830+4701390|4735.7| 0.258| 0.034| 83.245| 7.316|RGB     | 1.0279| 1.536| 0.037| 7.917| 0.014| 2.827| 0.007| 4.37e-03| 0.007| 3.449| 0.309|                |  0|KCat|Sloan|Simbad|297.15958|+47.02750
297.2655000|+47.0049722|10090400|19490372+4700179|4621.6| 0.306| 0.013| 31.859| 3.993|RC      | 1.0041| 1.028| 0.078|10.530| 0.023| 2.405| 0.010| 1.24e-03| 0.008| 3.828| 0.351|                |  1|KCat|Sloan|Simbad|297.26550|+47.00497
297.3134167|+47.0540278|10090568|19491522+4703145|4537.9| 0.473| 0.036| 71.098| 6.791|RGB     | 1.0359| 1.173| 0.038| 7.565| 0.014| 2.750| 0.007| 3.82e-03| 0.007| 3.897| 0.409|                |  0|KCat|Sloan|Simbad|297.31342|+47.05403
297.8390417|+47.0036111|10092485|19512137+4700130|4983.2|-0.188| 0.080|       |      |REJECT  |       |      |      |      |      |      |      |         |      |      |      |No Seis         |  0|KCat|Sloan|Simbad|297.83904|+47.00361
298.2668333|+47.0130833|10093888|19530404+4700471|4096.0| 0.053| 0.113|  6.068| 1.061|RGB     | 1.0469| 1.008| 0.044|24.625| 0.017| 1.659| 0.007| 9.53e-05| 0.008| 4.042| 0.519|                |  0|KCat|Sloan|Simbad|298.26683|+47.01308
298.2804583|+47.0956111|10093930|19530731+4705442|4608.4| 0.283|-0.014| 33.107| 4.018|RC      | 1.0032| 1.124| 0.078|10.812| 0.023| 2.421| 0.010| 1.25e-03| 0.008| 3.735| 0.213|                |  1|KCat|Sloan|Simbad|298.28046|+47.09561
298.4588750|+47.0360278|10094545|19535013+4702097|5032.1| 0.194|-0.004| 73.036| 6.031|RC      | 0.9879| 2.885| 0.059|11.408| 0.014| 2.784| 0.008| 2.74e-03| 0.008| 2.659| 0.859|                |  0|KCat|Sloan|Simbad|298.45887|+47.03603
298.4612500|+47.0438889|10094550|19535070+4702380|5149.1| 0.149|-0.042| 57.490| 4.827|RC(S)   |       |      |      |      |      | 2.685| 0.009|         |      |      | 0.430|No Fdnu         |  0|KCat|Sloan|Simbad|298.46125|+47.04389
298.6468333|+47.0243889|10095244|19543524+4701278|5079.9|-0.543| 0.209| 30.470| 4.269|RC(S)   | 0.9828| 0.864| 0.079| 9.642| 0.024| 2.406| 0.010| 1.36e-03| 0.008| 3.848| 0.661|                |  0|KCat|Sloan|Simbad|298.64683|+47.02439
298.6885833|+47.0163333|10095409|19544526+4700588|4715.2|-0.037| 0.034| 40.056| 4.178|RGB     | 1.0322| 1.573| 0.041|11.559| 0.015| 2.509| 0.007| 1.44e-03| 0.007| 3.340| 0.443|                |  1|KCat|Sloan|Simbad|298.68858|+47.01633
298.6940000|+47.0889167|10095427|19544656+4705201|4626.0|-0.354| 0.257| 57.189| 6.068|RGB     | 1.0371| 0.981| 0.040| 7.676| 0.015| 2.659| 0.007| 3.06e-03| 0.007| 3.967| 0.004|                |  1|KCat|Sloan|Simbad|298.69400|+47.08892
298.6963750|+47.0065833|10095438|19544713+4700237|4798.7|-0.061| 0.063| 30.412| 3.930|RC      | 0.9940| 1.049| 0.079|10.788| 0.024| 2.393| 0.010| 1.18e-03| 0.008| 3.742| 0.618|                |  0|KCat|Sloan|Simbad|298.69637|+47.00658
298.8752500|+47.0218889|10096113|19553006+4701188|4970.4|-0.592| 0.242| 35.911| 4.163|RC      | 1.0029| 1.396| 0.076|11.350| 0.023| 2.473| 0.010| 1.35e-03| 0.008| 3.310| 0.776|                |  0|KCat|Sloan|Simbad|298.87525|+47.02189
298.9677500|+47.0233333|10096476|19555226+4701240|4960.0|-0.030|-0.013|130.161|10.656|RGB     | 1.0212| 1.436| 0.034| 6.051| 0.012| 3.032| 0.007| 9.14e-03| 0.007| 3.465| 0.650|                |  0|KCat|Sloan|Simbad|298.96775|+47.02333
280.7747500|+47.1441944|10118422|18430594+4708391|4863.2| 0.065| 0.027| 44.345| 4.632|RC      | 0.9913| 1.739| 0.073|11.463| 0.021| 2.560| 0.009| 1.63e-03| 0.008| 3.211| 0.103|                |  0|KCat|Sloan|Simbad|280.77475|+47.14419
280.9395833|+47.1856944|10118658|18434550+4711085|4854.9| 0.006| 0.025| 49.814| 4.895|RC      | 1.0029| 1.882| 0.070|11.256| 0.019| 2.610| 0.009| 1.86e-03| 0.008| 3.121| 0.036|                |  0|KCat|Sloan|Simbad|280.93958|+47.18569
283.1194167|+47.1379167|10122158|18522866+4708165|5016.3|-0.057| 0.014|188.047|14.453|RGB     | 1.0176| 1.320| 0.029| 4.813| 0.010| 3.194| 0.007| 1.67e-02| 0.006| 3.589| 0.129|                |  0|KCat|Sloan|Simbad|283.11942|+47.13792
283.2592917|+47.1312222|10122402|18530223+4707524|3979.1| 0.432| 0.012|  5.368| 0.956|RGB     | 1.0490| 1.003| 0.044|26.313| 0.017| 1.599| 0.007| 7.77e-05| 0.008| 4.128| 0.321|SeisUnc         |  0|KCat|Sloan|Simbad|283.25929|+47.13122
283.7027083|+47.1378611|10123207|18544865+4708163|4843.3|-0.414| 0.140|159.873|13.618|RGB     | 1.0197| 0.968| 0.031| 4.510| 0.011| 3.116| 0.007| 1.49e-02| 0.007| 3.965| 0.000|                |  0|KCat|Sloan|Simbad|283.70271|+47.13786
283.8992083|+47.1861111|10123573|18553581+4711100|4876.5| 0.090| 0.030| 35.671| 3.836|RC      | 1.0018| 1.853| 0.077|13.183| 0.023| 2.466| 0.010| 1.14e-03| 0.008| 3.157| 0.169|                |  0|KCat|Sloan|Simbad|283.89921|+47.18611
284.2033333|+47.1977778|10124179|18564880+4711520|4465.7|-0.394| 0.198| 22.559| 2.998|RGB     | 1.0452| 0.929| 0.043|12.003| 0.016| 2.248| 0.007| 7.58e-04| 0.008| 4.027| 0.000|                |  0|KCat|Sloan|Simbad|284.20333|+47.19778
284.3272500|+47.1330000|10124436|18571854+4707588|4706.4|-0.019| 0.016| 47.572| 4.881|RGB     | 1.0338| 1.402| 0.041|10.018| 0.015| 2.583| 0.007| 1.97e-03| 0.007| 3.511| 0.083|                |  0|KCat|Sloan|Simbad|284.32725|+47.13300
286.4074167|+47.1425278|10128629|19053778+4708331|4871.0|-0.004|-0.021| 37.405| 4.181|AMB     | 1.0188| 1.417| 0.218|11.256| 0.067| 2.486| 0.010| 1.40e-03| 0.010| 3.466| 0.187|                |  1|KCat|Sloan|Simbad|286.40742|+47.14253
287.1855000|+47.1244444|10130148|19084452+4707280|4704.4| 0.015| 0.066| 30.381| 3.905|RC      | 1.0004| 1.016| 0.079|10.674| 0.024| 2.388| 0.010| 1.18e-03| 0.008| 3.793| 0.090|                |  0|KCat|Sloan|Simbad|287.18550|+47.12444
287.4497083|+47.1247500|10130679|19094793+4707291|4600.0| 0.012| 0.088| 60.849| 6.225|RGB     | 1.0372| 1.058| 0.039| 7.738| 0.014| 2.685| 0.007| 3.22e-03| 0.007| 3.970| 0.022|                |  0|KCat|Sloan|Simbad|287.44971|+47.12475
287.5434583|+47.1605833|10130853|19101043+4709381|4808.2| 0.367|-0.014|       |      |REJECT  |       |      |      |      |      |      |      |         |      |      |      |No Seis         |  0|KCat|Sloan|Simbad|287.54346|+47.16058
287.6289167|+47.1647500|10131030|19103094+4709531|5002.3| 0.096|-0.054|104.417| 8.042|RC      | 0.9980| 2.538| 0.047| 8.961| 0.009| 2.938| 0.007| 4.97e-03| 0.008| 2.778| 0.000|                |  0|KCat|Sloan|Simbad|287.62892|+47.16475
288.2081667|+47.1949722|10132247|19124996+4711419|4729.4|-0.135| 0.051| 63.099| 6.482|RGB     | 1.0353| 1.053| 0.039| 7.531| 0.014| 2.707| 0.007| 3.48e-03| 0.007| 3.906| 0.013|                |  1|KCat|Sloan|Simbad|288.20817|+47.19497
288.5718333|+47.1014722|10133033|19141724+4706053|4836.6| 0.190|-0.013|192.561|14.704|RGB     | 1.0186| 1.248| 0.029| 4.666| 0.010| 3.196| 0.007| 1.73e-02| 0.006| 3.744| 0.118|                |  0|KCat|Sloan|Simbad|288.57183|+47.10147
289.3243750|+47.1733611|10134740|19171785+4710241|4866.5|-0.126| 0.016| 39.376| 4.464|RC      | 0.9990| 1.370| 0.075|10.794| 0.022| 2.508| 0.010| 1.54e-03| 0.008| 3.425| 0.076|                |  0|KCat|Sloan|Simbad|289.32437|+47.17336
289.9449167|+47.1440000|10136256|19194678+4708384|4793.1|-0.251| 0.067| 22.884| 3.210|RC      | 1.0085| 0.947| 0.083|11.819| 0.026| 2.269| 0.010| 8.09e-04| 0.008| 3.805| 0.170|                |  0|KCat|Sloan|Simbad|289.94492|+47.14400
289.9581667|+47.1587500|10136291|19194996+4709315|4555.1|-0.185| 0.155| 33.968| 4.087|RGB     | 1.0420| 0.958| 0.042| 9.882| 0.016| 2.430| 0.007| 1.40e-03| 0.007| 4.053| 0.021|                |  1|KCat|Sloan|Simbad|289.95817|+47.15875
289.9983333|+47.1869722|10136388|19195960+4711131|4853.0|-0.209| 0.067| 27.016| 3.551|RC      | 1.0126| 1.043| 0.081|11.380| 0.025| 2.344| 0.010| 9.98e-04| 0.008| 3.702| 0.166|                |  0|KCat|Sloan|Simbad|289.99833|+47.18697
291.5041250|+47.1755000|10140238|19260099+4710318|4559.1| 0.238| 0.073| 67.844| 6.659|RGB     | 1.0360| 1.109| 0.039| 7.522| 0.014| 2.730| 0.007| 3.68e-03| 0.007| 3.952| 0.102|                |  0|KCat|Sloan|Simbad|291.50412|+47.17550
291.5768333|+47.1393889|10140432|19261844+4708218|4676.6|-0.139| 0.065| 45.656| 4.965|RGB     | 1.0369| 1.132| 0.041| 9.206| 0.015| 2.564| 0.007| 2.05e-03| 0.007| 3.795| 0.166|                |  0|KCat|Sloan|Simbad|291.57683|+47.13939
293.4392500|+47.1144444|10145279|19334542+4706520|4709.3|-0.232| 0.047| 30.887| 3.585|RGB     | 1.0357| 1.310| 0.042|12.017| 0.016| 2.396| 0.007| 1.06e-03| 0.008| 3.549| 0.260|                |  1|KCat|Sloan|Simbad|293.43925|+47.11444
294.1014167|+47.1361389|10147072|19362434+4708101|4985.8| 0.085|-0.016| 68.146| 6.195|RC      | 1.0019| 1.963| 0.062| 9.764| 0.015| 2.752| 0.008| 2.97e-03| 0.008| 3.089| 0.233|                |  1|KCat|Sloan|Simbad|294.10142|+47.13614
294.1275000|+47.1919167|10147167|19363060+4711309|4690.0| 0.328| 0.005|124.436|10.611|RGB     | 1.0270| 1.147| 0.034| 5.609| 0.012| 3.000| 0.007| 9.17e-03| 0.007| 3.911| 0.262|                |  0|KCat|Sloan|Simbad|294.12750|+47.19192
294.4285833|+47.1920556|10148026|19374286+4711314|4981.4|-0.012|-0.026| 71.594| 6.421|RC      | 0.9986| 1.995| 0.060| 9.606| 0.015| 2.773| 0.008| 3.17e-03| 0.008| 3.057| 0.128|                |  1|KCat|Sloan|Simbad|294.42858|+47.19206
294.6421250|+47.1059444|10148658|19383411+4706214|4494.5|-0.109| 0.035| 17.104| 2.373|RGB     | 1.0451| 1.043| 0.043|14.578| 0.016| 2.129| 0.007| 4.75e-04| 0.008| 3.925| 0.265|                |  0|KCat|Sloan|Simbad|294.64212|+47.10594
295.0663333|+47.1088056|10149906|19401592+4706317|5089.0|-0.568| 0.243| 29.116| 4.027|RC      | 0.9855| 0.945| 0.080|10.310| 0.024| 2.387| 0.010| 1.22e-03| 0.008| 3.757| 0.352|                |  0|KCat|Sloan|Simbad|295.06633|+47.10881
296.0615000|+47.1866667|10152909|19441476+4711120|4630.4| 0.036| 0.053| 78.274| 7.513|RGB     | 1.0333| 1.088| 0.038| 6.907| 0.014| 2.796| 0.007| 4.65e-03| 0.007| 3.924| 0.007|                |  1|KCat|Sloan|Simbad|296.06150|+47.18667
296.1277083|+47.1653333|10153120|19443065+4709552|4723.8|-0.040| 0.061| 75.017| 7.274|RGB     | 1.0325| 1.126| 0.038| 7.145| 0.014| 2.782| 0.007| 4.35e-03| 0.007| 3.835| 0.160|                |  0|KCat|Sloan|Simbad|296.12771|+47.16533
296.3055000|+47.1109722|10153739|19451332+4706395|4924.8| 0.124|-0.004| 98.741| 7.950|REJECT  |       |      |      |      |      |      |      |         |      |      | 0.129|No Seis         |  1|KCat|Sloan|Simbad|296.30550|+47.11097
296.3217500|+47.1009444|10153785|19451722+4706034|4679.5|-0.238| 0.059| 32.932| 3.990|RGB     | 1.0405| 1.006| 0.042|10.215| 0.016| 2.422| 0.007| 1.33e-03| 0.008| 3.943| 0.236|                |  0|KCat|Sloan|Simbad|296.32175|+47.10094
296.4047083|+47.1247222|10154071|19453713+4707290|4561.4|-0.270| 0.051| 19.592| 2.637|RGB     | 1.0429| 1.059| 0.043|13.673| 0.016| 2.191| 0.007| 5.84e-04| 0.008| 3.865| 0.197|                |  0|KCat|Sloan|Simbad|296.40471|+47.12472
296.4580417|+47.1995833|10154247|19454993+4711585|4800.2|-0.082| 0.019| 31.394| 3.889|RC      | 0.9979| 1.186| 0.079|11.288| 0.024| 2.407| 0.010| 1.16e-03| 0.008| 3.609| 0.228|                |  0|KCat|Sloan|Simbad|296.45804|+47.19958
296.7628750|+47.1451389|10155286|19470309+4708425|5027.5| 0.007|-0.025|113.301| 8.741|RC      | 0.9996| 2.326| 0.047| 8.225| 0.009| 2.974| 0.007| 5.89e-03| 0.008| 2.854| 0.175|                |  0|KCat|Sloan|Simbad|296.76287|+47.14514
296.7912500|+47.1811389|10155387|19470990+4710521|4733.7|-0.461| 0.163| 49.432| 5.481|RGB     | 1.0373| 0.984| 0.040| 8.222| 0.015| 2.601| 0.007| 2.50e-03| 0.007| 3.913| 0.049|                |  0|KCat|Sloan|Simbad|296.79125|+47.18114
296.8929167|+47.1287222|10155731|19473430+4707434|4828.9| 0.049| 0.011| 35.698| 4.167|RC      | 0.9995| 1.327| 0.077|11.180| 0.023| 2.464| 0.010| 1.34e-03| 0.008| 3.514| 0.250|                |  1|KCat|Sloan|Simbad|296.89292|+47.12872
297.0635417|+47.1233889|10156307|19481525+4707242|4797.8| 0.028| 0.050| 33.151| 4.093|RC      | 1.0014| 1.122| 0.078|10.683| 0.023| 2.430| 0.010| 1.30e-03| 0.008| 3.695| 0.298|                |  0|KCat|Sloan|Simbad|297.06354|+47.12339
297.1489583|+47.1305833|10156576|19483575+4707501|4576.9| 0.264| 0.074| 30.902| 3.929|RC      | 1.0043| 0.986| 0.079|10.496| 0.024| 2.390| 0.010| 1.20e-03| 0.008| 3.862| 0.206|                |  0|KCat|Sloan|Simbad|297.14896|+47.13058
297.1535833|+47.1603611|10156597|19483686+4709373|4662.5| 0.202| 0.026| 68.038| 6.637|RGB     | 1.0346| 1.179| 0.039| 7.701| 0.014| 2.736| 0.007| 3.64e-03| 0.007| 3.844| 0.244|                |  1|KCat|Sloan|Simbad|297.15358|+47.16036
297.4083333|+47.1175000|10157507|19493800+4707030|4723.7|-0.014| 0.022| 67.517| 6.637|RGB     | 1.0330| 1.182| 0.039| 7.715| 0.014| 2.736| 0.007| 3.63e-03| 0.007| 3.761| 0.321|                |  1|KCat|Sloan|Simbad|297.40833|+47.11750
297.4911667|+47.1399444|10157808|19495788+4708238|4808.7|-0.090| 0.046| 31.102| 3.870|RC      | 0.9977| 1.181| 0.079|11.309| 0.024| 2.403| 0.010| 1.15e-03| 0.008| 3.604| 0.270|                |  0|KCat|Sloan|Simbad|297.49117|+47.13994
297.5290000|+47.1526389|10157936|19500696+4709095|4627.6| 0.004| 0.082| 62.256| 6.330|RGB     | 1.0366| 1.071| 0.039| 7.688| 0.014| 2.696| 0.007| 3.32e-03| 0.007| 3.949| 0.151|                |  0|KCat|Sloan|Simbad|297.52900|+47.15264
297.5935000|+47.1391111|10158201|19502244+4708208|4830.2| 0.021| 0.013| 38.950| 4.424|RC      | 0.9995| 1.356| 0.075|10.820| 0.022| 2.502| 0.010| 1.51e-03| 0.008| 3.474| 0.331|                |  0|KCat|Sloan|Simbad|297.59350|+47.13911
297.6781250|+47.1908056|10158548|19504275+4711269|4770.5|-0.470| 0.221| 77.975| 7.865|RGB     | 1.0321| 0.940| 0.038| 6.388| 0.014| 2.801| 0.007| 5.09e-03| 0.007| 3.980| 0.161|                |  0|KCat|Sloan|Simbad|297.67812|+47.19081
297.6908333|+47.1173333|10158595|19504580+4707024|4858.8|-0.113| 0.017| 70.487| 6.720|RGB     | 1.0294| 1.354| 0.039| 8.024| 0.014| 2.761| 0.007| 3.69e-03| 0.007| 3.528| 0.358|                |  0|KCat|Sloan|Simbad|297.69083|+47.11733
297.8552083|+47.1082778|10159217|19512525+4706298|4655.1| 0.166|-0.002| 54.847| 5.452|RGB     | 1.0340| 1.356| 0.040| 9.203| 0.015| 2.643| 0.007| 2.45e-03| 0.007| 3.623| 0.377|                |  1|KCat|Sloan|Simbad|297.85521|+47.10828
298.1525000|+47.1304167|10160285|19523660+4707495|4490.9|-0.205| 0.046| 15.008| 2.124|RGB     | 1.0431| 1.104| 0.043|16.019| 0.016| 2.072| 0.007| 3.79e-04| 0.008| 3.809| 0.459|                |  0|KCat|Sloan|Simbad|298.15250|+47.13042
298.3721250|+47.1814444|10161092|19532931+4710532|4793.8| 0.207| 0.021| 46.018| 4.465|RC      | 1.0046| 2.088| 0.072|12.375| 0.020| 2.573| 0.009| 1.55e-03| 0.008| 3.076| 0.414|                |  1|KCat|Sloan|Simbad|298.37212|+47.18144
298.5933333|+47.1212500|10161943|19542240+4707165|4624.0|-0.272| 0.186| 59.577| 6.252|RGB     | 1.0366| 0.985| 0.039| 7.539| 0.014| 2.677| 0.007| 3.24e-03| 0.007| 3.976| 0.223|                |  1|KCat|Sloan|Simbad|298.59333|+47.12125
298.8107500|+47.1424444|10162765|19551458+4708328|5053.8| 0.155|-0.001| 84.947| 6.772|RC(S)   | 0.9939| 2.806| 0.054|10.419| 0.012| 2.850| 0.008| 3.50e-03| 0.008| 2.675| 0.466|                |  1|KCat|Sloan|Simbad|298.81075|+47.14244
280.8314583|+47.2195000|10186053|18431955+4713102|4667.2| 0.156| 0.035| 32.227| 4.013|RC      | 1.0043| 1.058| 0.078|10.596| 0.023| 2.412| 0.010| 1.25e-03| 0.008| 3.772| 0.086|                |  0|KCat|Sloan|Simbad|280.83146|+47.21950
280.8417500|+47.2899167|10186075|18432202+4717237|4551.1|-0.091| 0.040| 25.212| 3.155|RGB     | 1.0419| 1.101| 0.042|12.301| 0.016| 2.300| 0.007| 8.34e-04| 0.008| 3.871| 0.115|                |  0|KCat|Sloan|Simbad|280.84175|+47.28992
281.2049583|+47.2953889|10186608|18444919+4717434|4731.8| 0.063| 0.015| 33.407| 4.104|RC      | 1.0014| 1.112| 0.078|10.633| 0.023| 2.431| 0.010| 1.30e-03| 0.008| 3.703| 0.158|                |  0|KCat|Sloan|Simbad|281.20496|+47.29539
282.1990000|+47.2156944|10188141|18484776+4712565|4642.9| 0.381|-0.003| 36.025| 4.148|RC      | 1.0048| 1.281| 0.076|11.043| 0.022| 2.459| 0.010| 1.34e-03| 0.008| 3.603| 0.127|                |  0|KCat|Sloan|Simbad|282.19900|+47.21569
282.3677917|+47.2538611|10188458|18492827+4715139|4565.5|-0.180| 0.063| 21.189| 2.746|RGB     | 1.0414| 1.147| 0.043|13.685| 0.016| 2.225| 0.007| 6.31e-04| 0.008| 3.775| 0.126|                |  0|KCat|Sloan|Simbad|282.36779|+47.25386
282.6710000|+47.2721944|10188953|18504104+4716199|4852.9|-0.057| 0.028|122.654|10.498|RGB     | 1.0240| 1.221| 0.034| 5.779| 0.012| 3.001| 0.007| 8.92e-03| 0.007| 3.709| 0.148|                |  0|KCat|Sloan|Simbad|282.67100|+47.27219
282.6820417|+47.2265000|10188964|18504369+4713354|4699.8| 0.252| 0.009| 38.202| 4.309|RC      | 1.0020| 1.351| 0.075|10.980| 0.022| 2.488| 0.010| 1.44e-03| 0.008| 3.522| 0.140|                |  0|KCat|Sloan|Simbad|282.68204|+47.22650
283.2450833|+47.2490556|10189920|18525882+4714566|4628.4|-0.059| 0.150| 25.405| 3.534|RC      | 1.0001| 0.865| 0.081|10.817| 0.025| 2.307| 0.010| 9.65e-04| 0.008| 3.933| 0.110|                |  0|KCat|Sloan|Simbad|283.24508|+47.24906
283.6932083|+47.2393611|10190733|18544637+4714217|4563.1|-0.400| 0.184| 30.902| 3.812|RGB     | 1.0420| 0.955| 0.042|10.341| 0.016| 2.389| 0.007| 1.22e-03| 0.008| 3.986| 0.005|                |  0|KCat|Sloan|Simbad|283.69321|+47.23936
284.5989583|+47.2696389|10192458|18582375+4716107|4831.1|-0.302| 0.042|117.199|10.395|RGB     | 1.0240| 1.101| 0.035| 5.619| 0.012| 2.980| 0.007| 8.75e-03| 0.007| 3.785| 0.050|                |  0|KCat|Sloan|Simbad|284.59896|+47.26964
286.5265417|+47.2915556|10196240|19060637+4717296|4719.3| 0.141| 0.012| 35.066| 4.096|RC      | 0.9988| 1.305| 0.077|11.252| 0.023| 2.451| 0.010| 1.29e-03| 0.008| 3.546| 0.085|                |  1|KCat|Sloan|Simbad|286.52654|+47.29156
286.7160417|+47.2703333|10196630|19065185+4716132|4670.6|-0.755| 0.259| 24.080| 3.187|RGB     | 1.0412| 0.961| 0.043|11.681| 0.016| 2.286| 0.007| 8.50e-04| 0.008| 3.881| 0.072|                |  1|KCat|Sloan|Simbad|286.71604|+47.27033
286.8065000|+47.2845278|10196797|19071356+4717043|4783.8|-0.121| 0.054| 31.174| 4.004|RC      | 0.9979| 1.028| 0.079|10.554| 0.024| 2.403| 0.010| 1.23e-03| 0.008| 3.746| 0.072|                |  1|KCat|Sloan|Simbad|286.80650|+47.28453
287.2440000|+47.2627778|10197619|19085856+4715460|4219.4|-0.079| 0.093|  8.760| 1.368|RGB     | 1.0424| 1.165| 0.044|21.874| 0.017| 1.824| 0.007| 1.57e-04| 0.008| 3.784| 0.085|                |  0|KCat|Sloan|Simbad|287.24400|+47.26278
287.5454167|+47.2204444|10198207|19101090+4713136|4501.2| 0.214| 0.025| 18.079| 2.600|RGB     | 1.0261| 0.921| 0.043|13.323| 0.016| 2.153| 0.007| 5.49e-04| 0.008| 4.221| 0.173|Ageold          |  0|KCat|Sloan|Simbad|287.54542|+47.22044
287.6172083|+47.2773611|10198347|19102813+4716385|4924.1|-0.157| 0.007| 39.998| 4.501|RC      | 1.0006| 1.406| 0.075|10.818| 0.022| 2.518| 0.010| 1.57e-03| 0.008| 3.395| 0.088|                |  1|KCat|Sloan|Simbad|287.61721|+47.27736
287.8355833|+47.2488333|10198761|19112054+4714558|4764.1|-0.231| 0.044| 49.196| 5.217|RGB     | 1.0349| 1.205| 0.040| 9.105| 0.015| 2.600| 0.007| 2.25e-03| 0.007| 3.667| 0.070|                |  1|KCat|Sloan|Simbad|287.83558|+47.24883
288.0607500|+47.2397500|10199187|19121458+4714231|4509.1|-0.209| 0.047| 17.541| 2.451|RGB     | 1.0455| 0.991| 0.043|14.023| 0.016| 2.140| 0.007| 5.07e-04| 0.008| 3.980| 0.071|                |  1|KCat|Sloan|Simbad|288.06075|+47.23975
288.1080000|+47.2903056|10199289|19122592+4717251|4912.9|-0.061| 0.013|246.693|18.660|RGB     | 1.0159| 1.047| 0.028| 3.761| 0.009| 3.307| 0.007| 2.78e-02| 0.006| 3.945| 0.027|                |  0|KCat|Sloan|Simbad|288.10800|+47.29031
288.5317083|+47.2802500|10200093|19140761+4716489|4701.0| 0.151| 0.010| 33.357| 4.084|RC      | 1.0030| 1.111| 0.078|10.653| 0.023| 2.429| 0.010| 1.30e-03| 0.008| 3.722| 0.144|                |  1|KCat|Sloan|Simbad|288.53171|+47.28025
288.6797500|+47.2825000|10200377|19144314+4716570|4836.7|-0.519| 0.232|141.849|12.466|RGB     | 1.0218| 0.953| 0.033| 4.752| 0.011| 3.063| 0.007| 1.25e-02| 0.007| 3.960| 0.000|                |  1|KCat|Sloan|Simbad|288.67975|+47.28250
288.9166250|+47.2805833|10200886|19153999+4716501|4766.4|-0.245| 0.048| 37.508| 4.210|RGB     | 1.0357| 1.256| 0.041|10.647| 0.015| 2.483| 0.007| 1.47e-03| 0.007| 3.608| 0.222|                |  0|KCat|Sloan|Simbad|288.91662|+47.28058
288.9200417|+47.2266111|10200892|19154081+4713358|4920.4|-0.261| 0.069| 36.987| 4.166|RC      | 1.0011| 1.509| 0.076|11.658| 0.022| 2.483| 0.010| 1.34e-03| 0.008| 3.289| 0.150|                |  0|KCat|Sloan|Simbad|288.92004|+47.22661
289.4398750|+47.2843611|10201944|19174557+4717037|4802.9|-0.359| 0.259| 27.514| 3.812|RC      | 1.0005| 0.857| 0.080|10.245| 0.024| 2.350| 0.010| 1.12e-03| 0.008| 3.885| 0.083|                |  0|KCat|Sloan|Simbad|289.43987|+47.28436
289.5527083|+47.2586944|10202184|19181265+4715313|4837.7|-0.177| 0.177|158.372|12.670|RGB     | 1.0195| 1.255| 0.031| 5.160| 0.011| 3.111| 0.007| 1.29e-02| 0.007| 3.633| 0.000|                |  1|KCat|Sloan|Simbad|289.55271|+47.25869
289.6208750|+47.2818889|10202324|19182901+4716548|4770.8|-0.109| 0.061| 31.704| 3.937|RC      | 0.9964| 1.159| 0.078|11.121| 0.024| 2.410| 0.010| 1.19e-03| 0.008| 3.618| 0.168|                |  0|KCat|Sloan|Simbad|289.62087|+47.28189
289.9724167|+47.2513889|10203168|19195338+4715050|4854.6|-0.137| 0.061| 30.285| 3.995|RC      | 0.9968| 0.976| 0.079|10.398| 0.024| 2.394| 0.010| 1.22e-03| 0.008| 3.796| 0.153|                |  0|KCat|Sloan|Simbad|289.97242|+47.25139
290.2120833|+47.2020000|10203751|19205090+4712072|4856.8|-0.071| 0.047| 37.166| 4.372|RC      | 0.9986| 1.250| 0.076|10.621| 0.022| 2.483| 0.010| 1.47e-03| 0.008| 3.549| 0.163|                |  0|KCat|Sloan|Simbad|290.21208|+47.20200
291.2303750|+47.2202222|10206307|19245529+4713128|4800.7|-0.122| 0.017| 31.969| 4.056|RC      | 0.9984| 1.057| 0.078|10.559| 0.023| 2.415| 0.010| 1.27e-03| 0.008| 3.712| 0.199|                |  1|KCat|Sloan|Simbad|291.23037|+47.22022
291.2925000|+47.2251667|10206457|19251020+4713306|4504.5|-0.151| 0.064| 21.842| 2.821|RGB     | 1.0423| 1.101| 0.043|13.249| 0.016| 2.236| 0.007| 6.68e-04| 0.008| 3.837| 0.109|                |  0|KCat|Sloan|Simbad|291.29250|+47.22517
291.3583750|+47.2645278|10206622|19252601+4715523|4597.6| 0.446| 0.035| 84.569| 7.653|RGB     | 1.0322| 1.266| 0.037| 7.182| 0.013| 2.828| 0.007| 4.82e-03| 0.007| 3.779| 0.298|                |  0|KCat|Sloan|Simbad|291.35837|+47.26453
291.4433750|+47.2138889|10206840|19254641+4712500|4800.0|-0.075| 0.022| 29.249| 3.697|RC      | 0.9988| 1.170| 0.080|11.614| 0.024| 2.376| 0.010| 1.05e-03| 0.008| 3.628| 0.170|                |  1|KCat|Sloan|Simbad|291.44337|+47.21389
291.5394583|+47.2255000|10207059|19260947+4713318|5035.3|-0.054| 0.001| 85.716| 7.371|RC      | 0.9968| 2.019| 0.054| 8.808| 0.012| 2.853| 0.008| 4.17e-03| 0.008| 2.998| 0.127|                |  1|KCat|Sloan|Simbad|291.53946|+47.22550
291.6205417|+47.2808333|10207268|19262893+4716510|4589.7|-0.155| 0.132| 19.737| 2.860|RGB     | 1.0233| 0.852| 0.043|12.203| 0.016| 2.196| 0.007| 6.61e-04| 0.008| 4.224| 0.095|Ageold          |  0|KCat|Sloan|Simbad|291.62054|+47.28083
291.6407083|+47.2879722|10207321|19263377+4717167|4669.1|-0.357| 0.192| 64.169| 6.689|RGB     | 1.0354| 0.958| 0.039| 7.145| 0.014| 2.711| 0.007| 3.70e-03| 0.007| 3.982| 0.000|                |  1|KCat|Sloan|Simbad|291.64071|+47.28797
291.7376250|+47.2687222|10207524|19265703+4716074|4609.8|-0.211| 0.163| 56.070| 5.939|RGB     | 1.0378| 0.999| 0.040| 7.831| 0.015| 2.650| 0.007| 2.93e-03| 0.007| 3.992| 0.093|                |  0|KCat|Sloan|Simbad|291.73762|+47.26872
291.7830833|+47.2431667|10207623|19270794+4714354|4646.8| 0.492|-0.010| 44.806| 4.480|RGB(S)  | 1.0337| 1.620| 0.041|11.134| 0.015| 2.554| 0.007| 1.66e-03| 0.007| 3.400| 0.231|                |  0|KCat|Sloan|Simbad|291.78308|+47.24317
293.7882917|+47.2576667|10212620|19350919+4715276|4755.1| 0.282|-0.012| 48.131| 4.883|RC      | 1.0003| 1.679| 0.071|10.874| 0.020| 2.590| 0.009| 1.84e-03| 0.008| 3.273| 0.231|                |  1|KCat|Sloan|Simbad|293.78829|+47.25767
293.8669167|+47.2900833|10212834|19352806+4717243|4619.5|-0.045| 0.025| 32.520| 3.797|RGB(S)  | 1.0391| 1.165| 0.042|11.100| 0.016| 2.414| 0.007| 1.20e-03| 0.008| 3.787| 0.324|                |  0|KCat|Sloan|Simbad|293.86692|+47.29008
294.1418333|+47.2860556|10213610|19363404+4717098|4756.0| 0.062|-0.010| 64.541| 6.145|RGB     | 1.0307| 1.433| 0.039| 8.673| 0.014| 2.718| 0.007| 3.10e-03| 0.007| 3.506| 0.370|                |  0|KCat|Sloan|Simbad|294.14183|+47.28606
294.2515000|+47.2296944|10213931|19370036+4713469|4643.5| 0.016| 0.001| 43.057| 4.557|RGB     | 1.0352| 1.334| 0.041|10.307| 0.015| 2.537| 0.007| 1.72e-03| 0.007| 3.603| 0.194|                |  1|KCat|Sloan|Simbad|294.25150|+47.22969
294.2871667|+47.2745556|10214045|19370892+4716284|4621.9| 0.090| 0.095| 30.024| 3.852|RC      | 1.0010| 1.006| 0.079|10.731| 0.024| 2.379| 0.010| 1.15e-03| 0.008| 3.816| 0.232|                |  0|KCat|Sloan|Simbad|294.28717|+47.27456
294.3645833|+47.2035833|10214295|19372750+4712129|4685.8|-0.182| 0.056| 23.566| 2.824|RGB     | 1.0347| 1.507| 0.043|14.773| 0.016| 2.277| 0.007| 6.59e-04| 0.008| 3.375| 0.297|                |  0|KCat|Sloan|Simbad|294.36458|+47.20358
294.4647083|+47.2558889|10214564|19375153+4715212|4876.1|-0.089| 0.023| 38.836| 4.161|RC      | 1.0121| 1.657| 0.075|11.949| 0.022| 2.503| 0.010| 1.37e-03| 0.008| 3.220| 0.234|                |  0|KCat|Sloan|Simbad|294.46471|+47.25589
296.0140833|+47.2507222|10219075|19440338+4715026|4790.2| 0.013| 0.029|133.597|11.539|RGB     | 1.0247| 1.057| 0.033| 5.170| 0.012| 3.035| 0.007| 1.08e-02| 0.007| 3.966| 0.096|                |  0|KCat|Sloan|Simbad|296.01408|+47.25072
296.1084167|+47.2222778|10219361|19442602+4713202|4991.5|-0.234| 0.032|160.363|12.457|RGB     | 1.0178| 1.471| 0.031| 5.509| 0.011| 3.124| 0.007| 1.24e-02| 0.007| 3.364| 0.056|                |  0|KCat|Sloan|Simbad|296.10842|+47.22228
296.2145833|+47.2493056|10219690|19445150+4714575|5051.9| 0.027| 0.034| 60.621| 5.455|RC      | 1.0064| 2.303| 0.065|11.175| 0.017| 2.704| 0.009| 2.33e-03| 0.008| 2.921| 0.234|                |  0|KCat|Sloan|Simbad|296.21458|+47.24931
296.3888333|+47.2516111|10220213|19453332+4715058|5002.8|-0.147| 0.026|224.853|16.387|RGB     | 1.0170| 1.363| 0.028| 4.476| 0.009| 3.271| 0.007| 2.14e-02| 0.006| 3.504| 0.000|                |  1|KCat|Sloan|Simbad|296.38883|+47.25161
296.4657083|+47.2646944|10220447|19455177+4715529|4640.8|-0.040| 0.018| 33.080| 3.687|RGB     | 1.0351| 1.411| 0.042|12.095| 0.016| 2.422| 0.007| 1.12e-03| 0.008| 3.503| 0.223|                |  0|KCat|Sloan|Simbad|296.46571|+47.26469
296.5154167|+47.2346389|10220613|19460370+4714047|4790.6| 0.181|-0.030| 38.642| 3.715|RC(S)   | 1.0060| 2.564| 0.075|14.967| 0.022| 2.497| 0.010| 1.08e-03| 0.008| 2.837| 0.266|                |  0|KCat|Sloan|Simbad|296.51542|+47.23464
296.5715833|+47.2794167|10220795|19461718+4716459|4947.9|-0.144|-0.010| 47.600| 4.874|RC      | 0.9992| 1.745| 0.071|11.035| 0.020| 2.594| 0.009| 1.83e-03| 0.008| 3.166| 0.167|                |  1|KCat|Sloan|Simbad|296.57158|+47.27942
296.5951667|+47.2308333|10220865|19462284+4713510|4921.5|-0.222| 0.065| 31.055| 3.995|RC      | 0.9967| 1.075| 0.079|10.738| 0.024| 2.408| 0.010| 1.22e-03| 0.008| 3.671| 0.228|                |  0|KCat|Sloan|Simbad|296.59517|+47.23083
296.9565833|+47.2927500|10222079|19474958+4717339|4821.6|-0.037|-0.002| 34.700| 4.097|RC      | 0.9929| 1.336| 0.077|11.383| 0.023| 2.451| 0.010| 1.28e-03| 0.008| 3.481| 0.219|                |  0|KCat|Sloan|Simbad|296.95658|+47.29275
297.0895000|+47.2952500|10222567|19482148+4717429|4794.0|-0.062| 0.047| 33.013| 4.099|RC      | 1.0010| 1.102| 0.078|10.615| 0.023| 2.428| 0.010| 1.30e-03| 0.008| 3.690| 0.195|                |  0|KCat|Sloan|Simbad|297.08950|+47.29525
297.2227083|+47.2681389|10223027|19485345+4716053|4577.7| 0.121| 0.044| 55.676| 5.836|RGB     | 1.0382| 1.037| 0.040| 8.020| 0.015| 2.645| 0.007| 2.83e-03| 0.007| 4.025| 0.134|                |  1|KCat|Sloan|Simbad|297.22271|+47.26814
297.2736250|+47.2995278|10223204|19490567+4717583|4768.3|-0.035| 0.028| 30.671| 3.855|RC      | 0.9956| 1.145| 0.079|11.238| 0.024| 2.395| 0.010| 1.14e-03| 0.008| 3.655| 0.240|                |  0|KCat|Sloan|Simbad|297.27362|+47.29953
297.2902500|+47.2534444|10223257|19490966+4715124|4520.7| 0.455| 0.022| 27.004| 3.385|RC      | 1.0185| 1.107| 0.081|11.937| 0.025| 2.328| 0.010| 9.18e-04| 0.008| 3.773| 0.298|                |  0|KCat|Sloan|Simbad|297.29025|+47.25344
297.6512500|+47.2365556|10224535|19503630+4714116|4779.3| 0.055| 0.017| 37.229| 4.245|RC      | 0.9958| 1.396| 0.076|11.260| 0.022| 2.480| 0.010| 1.38e-03| 0.008| 3.448| 0.201|                |  1|KCat|Sloan|Simbad|297.65125|+47.23656
297.6797917|+47.2544722|10224631|19504315+4715161|4537.5|-0.040| 0.073| 31.788| 3.848|RGB     | 1.0426| 0.991| 0.042|10.398| 0.016| 2.400| 0.007| 1.24e-03| 0.008| 4.034| 0.200|                |  0|KCat|Sloan|Simbad|297.67979|+47.25447
297.9750000|+47.2652778|10225706|19515400+4715550|4553.0| 0.407| 0.007| 50.562| 4.933|RGB     | 1.0335| 1.537| 0.040|10.260| 0.015| 2.602| 0.007| 2.01e-03| 0.007| 3.478| 0.282|                |  1|KCat|Sloan|Simbad|297.97500|+47.26528
298.1161667|+47.2875278|10226276|19522788+4717151|4620.1| 0.155|-0.007| 60.963| 6.048|RGB     | 1.0351| 1.211| 0.039| 8.263| 0.014| 2.687| 0.007| 3.03e-03| 0.007| 3.789| 0.097|                |  1|KCat|Sloan|Simbad|298.11617|+47.28753
298.1697083|+47.2553889|10226478|19524073+4715194|4728.3| 0.042| 0.075| 30.250| 3.952|RC      | 1.0030| 0.953| 0.079|10.345| 0.024| 2.387| 0.010| 1.21e-03| 0.008| 3.858| 0.378|                |  0|KCat|Sloan|Simbad|298.16971|+47.25539
298.5551250|+47.2250000|10227872|19541323+4713300|5039.7| 0.091|-0.025| 93.605| 7.891|RC      | 1.0005| 1.974| 0.050| 8.332| 0.010| 2.892| 0.008| 4.81e-03| 0.008| 2.997| 0.202|                |  0|KCat|Sloan|Simbad|298.55512|+47.22500
298.7602500|+47.2550556|10228698|19550246+4715182|4591.2| 0.128| 0.056| 66.059| 6.523|RGB     | 1.0355| 1.126| 0.039| 7.667| 0.014| 2.720| 0.007| 3.52e-03| 0.007| 3.896| 0.254|                |  0|KCat|Sloan|Simbad|298.76025|+47.25506
298.7977083|+47.2761944|10228836|19551145+4716343|5226.1|-0.060| 0.021| 54.917| 5.076|RC      | 1.0048| 2.417| 0.068|11.927| 0.018| 2.668| 0.009| 2.01e-03| 0.008| 2.833| 0.640|                |  1|KCat|Sloan|Simbad|298.79771|+47.27619
299.0420417|+47.2046944|10229796|19561009+4712169|4939.5|-0.038| 0.019| 47.973| 4.909|RC      | 0.9984| 1.737| 0.071|10.971| 0.020| 2.597| 0.009| 1.86e-03| 0.008| 3.186| 0.469|                |  1|KCat|Sloan|Simbad|299.04204|+47.20469
299.2434167|+47.2414444|10230535|19565842+4714292|4625.6| 0.384|-0.005| 83.554| 7.663|RGB     | 1.0323| 1.225| 0.037| 7.097| 0.013| 2.824| 0.007| 4.83e-03| 0.007| 3.820| 0.790|                |  0|KCat|Sloan|Simbad|299.24342|+47.24144
280.7126250|+47.3102778|10252281|18425103+4718370|4776.1|-0.058| 0.045| 32.559| 4.020|RC      | 0.9977| 1.151| 0.078|10.934| 0.023| 2.422| 0.010| 1.24e-03| 0.008| 3.650| 0.119|                |  0|KCat|Sloan|Simbad|280.71262|+47.31028
280.9894167|+47.3921944|10252692|18435746+4723319|4815.8| 0.003|-0.005| 29.758| 4.068|RC      | 0.9968| 0.852| 0.079| 9.817| 0.024| 2.384| 0.010| 1.27e-03| 0.008| 3.948| 0.140|                |  0|KCat|Sloan|Simbad|280.98942|+47.39219
281.7371667|+47.3055000|10253776|18465692+4718198|5009.5| 0.055|-0.025|107.249| 8.628|RC      | 1.0002| 2.061| 0.047| 7.966| 0.009| 2.950| 0.007| 5.75e-03| 0.008| 2.957| 0.063|                |  0|KCat|Sloan|Simbad|281.73717|+47.30550
281.8357917|+47.3603056|10253921|18472059+4721371|4612.9|-0.254| 0.204| 49.903| 5.420|RGB     | 1.0382| 1.015| 0.040| 8.366| 0.015| 2.600| 0.007| 2.44e-03| 0.007| 3.933| 0.000|                |  0|KCat|Sloan|Simbad|281.83579|+47.36031
281.8977917|+47.3135278|10254023|18473547+4718487|4649.3|-0.025| 0.046| 22.959| 3.097|RC      | 1.0160| 1.023| 0.083|12.357| 0.026| 2.264| 0.010| 7.64e-04| 0.008| 3.766| 0.097|                |  0|KCat|Sloan|Simbad|281.89779|+47.31353
281.9212917|+47.3988333|10254051|18474111+4723558|5007.1|-0.732| 0.186| 30.219| 4.265|RC      | 0.9779| 0.845| 0.079| 9.610| 0.024| 2.399| 0.010| 1.34e-03| 0.008| 3.853| 0.018|                |  0|KCat|Sloan|Simbad|281.92129|+47.39883
283.1807917|+47.3772500|10256345|18524339+4722381|4570.0|-0.313| 0.215| 25.398| 3.113|RGB     | 1.0383| 1.212| 0.042|12.844| 0.016| 2.304| 0.007| 8.07e-04| 0.008| 3.661| 0.094|                |  0|KCat|Sloan|Simbad|283.18079|+47.37725
283.3697917|+47.3220000|10256655|18532875+4719192|4354.7|-0.503| 0.191|  9.331| 1.493|RGB     | 1.0427| 1.039| 0.044|19.853| 0.017| 1.859| 0.007| 1.87e-04| 0.008| 3.829| 0.099|                |  0|KCat|Sloan|Simbad|283.36979|+47.32200
283.7328750|+47.3575000|10257278|18545589+4721270|4891.7|-0.015| 0.009|148.528|12.147|RGB     | 1.0208| 1.240| 0.032| 5.281| 0.011| 3.086| 0.007| 1.19e-02| 0.007| 3.683| 0.101|                |  0|KCat|Sloan|Simbad|283.73287|+47.35750
283.9757917|+47.3725833|10257683|18555419+4722213|4574.0|-0.058| 0.013| 31.537| 3.710|RGB     | 1.0399| 1.144| 0.042|11.197| 0.016| 2.398| 0.007| 1.15e-03| 0.008| 3.813| 0.029|                |  0|KCat|Sloan|Simbad|283.97579|+47.37258
284.0141667|+47.3781389|10257750|18560340+4722413|4627.3| 0.224| 0.040| 31.849| 3.932|RC      | 1.0014| 1.106| 0.078|10.921| 0.023| 2.405| 0.010| 1.20e-03| 0.008| 3.743| 0.121|                |  0|KCat|Sloan|Simbad|284.01417|+47.37814
284.1748333|+47.3527222|10258061|18564196+4721098|4547.6| 0.226| 0.047| 60.994| 6.167|RGB     | 1.0366| 1.089| 0.039| 7.867| 0.014| 2.684| 0.007| 3.16e-03| 0.007| 3.975| 0.070|                |  0|KCat|Sloan|Simbad|284.17483|+47.35272
284.3317083|+47.3864167|10258307|18571961+4723111|4607.4|-0.030| 0.059| 53.621| 5.675|RGB     | 1.0370| 1.051| 0.040| 8.214| 0.015| 2.630| 0.007| 2.67e-03| 0.007| 3.944| 0.066|                |  0|KCat|Sloan|Simbad|284.33171|+47.38642
286.5412083|+47.3761944|10262542|19060989+4722343|4896.3|-0.242| 0.026|104.227| 9.280|RGB     | 1.0248| 1.240| 0.036| 6.303| 0.013| 2.932| 0.007| 6.98e-03| 0.007| 3.622| 0.011|                |  0|KCat|Sloan|Simbad|286.54121|+47.37619
286.6555417|+47.3010556|10262745|19063733+4718038|4809.7|-0.050| 0.104| 46.257| 4.404|AMB     | 1.0136| 2.174| 0.112|12.584| 0.030| 2.576| 0.009| 1.54e-03| 0.010| 2.944| 0.133|                |  0|KCat|Sloan|Simbad|286.65554|+47.30106
286.9585417|+47.3393611|10263341|19075005+4720217|4842.4|-0.080| 0.020| 91.212| 8.336|RGB     | 1.0279| 1.240| 0.037| 6.756| 0.013| 2.872| 0.007| 5.67e-03| 0.007| 3.688| 0.107|                |  1|KCat|Sloan|Simbad|286.95854|+47.33936
288.5642500|+47.3454722|10266404|19141542+4720437|4433.5|-0.023| 0.074| 26.160| 3.174|RGB     | 1.0407| 1.160| 0.042|12.474| 0.016| 2.310| 0.007| 8.42e-04| 0.008| 3.792| 0.075|                |  0|KCat|Sloan|Simbad|288.56425|+47.34547
288.7250000|+47.3752500|10266723|19145400+4722309|4618.0| 0.040| 0.043| 25.456| 3.359|RC      | 1.0026| 1.052| 0.081|11.922| 0.025| 2.307| 0.010| 8.76e-04| 0.008| 3.765| 0.103|                |  0|KCat|Sloan|Simbad|288.72500|+47.37525
289.6552917|+47.3247500|10268744|19183727+4719291|4573.4| 0.295| 0.013| 32.469| 3.774|RC      | 1.0027| 1.350| 0.078|11.986| 0.023| 2.411| 0.010| 1.11e-03| 0.008| 3.542| 0.099|                |  1|KCat|Sloan|Simbad|289.65529|+47.32475
289.9920417|+47.3076667|10269537|19195809+4718276|4728.2| 0.068| 0.021| 26.197| 3.548|RC      | 0.9975| 0.974| 0.081|11.242| 0.025| 2.325| 0.010| 9.67e-04| 0.008| 3.842| 0.200|                |  0|KCat|Sloan|Simbad|289.99204|+47.30767
290.8978750|+47.3301667|10271721|19233549+4719486|4293.7| 0.085|-0.016|  9.213| 1.381|RGB     | 1.0393| 1.357| 0.044|22.915| 0.017| 1.850| 0.007| 1.59e-04| 0.008| 3.595| 0.240|                |  1|KCat|Sloan|Simbad|290.89787|+47.33017
291.2759583|+47.3151667|10272641|19250623+4718546|4857.7|-0.127| 0.017| 89.765| 8.172|RGB     | 1.0270| 1.290| 0.037| 6.943| 0.013| 2.866| 0.007| 5.44e-03| 0.007| 3.597| 0.095|                |  1|KCat|Sloan|Simbad|291.27596|+47.31517
291.3629167|+47.3286944|10272858|19252710+4719433|4932.6|-0.002|-0.015|       |      |REJECT  |       |      |      |      |      |      |      |         |      |      |      |No Seis         |  0|KCat|Sloan|Simbad|291.36292|+47.32869
291.5210833|+47.3897500|10273236|19260506+4723231|4624.9| 0.044| 0.020| 34.487| 3.819|RGB     | 1.0361| 1.377| 0.042|11.711| 0.016| 2.440| 0.007| 1.21e-03| 0.007| 3.570| 0.194|                |  1|KCat|Sloan|Simbad|291.52108|+47.38975
292.0184583|+47.3380000|10274445|19280443+4720168|4678.0| 0.007| 0.018| 45.059| 4.715|RGB     | 1.0344| 1.353| 0.041|10.127| 0.015| 2.558| 0.007| 1.84e-03| 0.007| 3.573| 0.244|                |  0|KCat|Sloan|Simbad|292.01846|+47.33800
294.0800833|+47.3876944|10279663|19361922+4723157|4818.4|-0.176| 0.117| 29.205| 3.717|RC      | 1.0015| 1.134| 0.080|11.434| 0.024| 2.376| 0.010| 1.07e-03| 0.008| 3.637| 0.306|                |  0|KCat|Sloan|Simbad|294.08008|+47.38769
294.0852500|+47.3343889|10279676|19362046+4720038|4902.6|-0.140| 0.019| 33.349| 4.170|RC      | 0.9958| 1.119| 0.078|10.583| 0.023| 2.438| 0.010| 1.33e-03| 0.008| 3.653| 0.438|                |  0|KCat|Sloan|Simbad|294.08525|+47.33439
294.3917500|+47.3766389|10280586|19373402+4722359|4615.9| 0.185| 0.021| 30.955| 3.856|RC      | 1.0004| 1.099| 0.079|11.048| 0.024| 2.392| 0.010| 1.15e-03| 0.008| 3.747| 0.268|                |  1|KCat|Sloan|Simbad|294.39175|+47.37664
294.4182083|+47.3700000|10280656|19374037+4722120|4817.5| 0.027| 0.015| 36.119| 4.163|RC      | 0.9935| 1.408| 0.076|11.457| 0.022| 2.469| 0.010| 1.32e-03| 0.008| 3.438| 0.420|                |  0|KCat|Sloan|Simbad|294.41821|+47.37000
294.7218750|+47.3632778|10281513|19385325+4721478|4536.3| 0.289|-0.004| 26.365| 3.397|RC      | 1.0104| 1.055| 0.081|11.783| 0.025| 2.319| 0.010| 9.10e-04| 0.008| 3.802| 0.222|                |  0|KCat|Sloan|Simbad|294.72187|+47.36328
294.9139167|+47.3348611|10282002|19393934+4720055|4593.6| 0.290| 0.014| 30.659| 3.678|RC      | 1.0220| 1.175| 0.079|11.493| 0.024| 2.387| 0.010| 1.09e-03| 0.008| 3.697| 0.244|                |  1|KCat|Sloan|Simbad|294.91392|+47.33486
296.0970000|+47.3306389|10285389|19442328+4719503|4873.6|-0.322| 0.035| 87.013| 8.269|RGB     | 1.0283| 1.121| 0.037| 6.566| 0.013| 2.853| 0.007| 5.58e-03| 0.007| 3.742| 0.107|                |  0|KCat|Sloan|Simbad|296.09700|+47.33064
296.2097917|+47.3952222|10285722|19445035+4723428|4829.9| 0.126|-0.008| 50.705| 5.010|RC(S)   | 0.9983| 1.829| 0.070|11.013| 0.019| 2.616| 0.009| 1.93e-03| 0.008| 3.178| 0.101|                |  1|KCat|Sloan|Simbad|296.20979|+47.39522
296.4210833|+47.3983056|10286378|19454106+4723539|4782.0|-0.104| 0.047| 31.964| 4.109|RC      | 1.0000| 0.991| 0.078|10.234| 0.023| 2.414| 0.010| 1.30e-03| 0.008| 3.780| 0.214|                |  1|KCat|Sloan|Simbad|296.42108|+47.39831
296.5006667|+47.3379167|10286616|19460016+4720165|4799.2|-0.327| 0.229| 32.713| 4.057|RC      | 0.9964| 1.139| 0.078|10.839| 0.023| 2.425| 0.010| 1.26e-03| 0.008| 3.587| 0.153|                |  1|KCat|Sloan|Simbad|296.50067|+47.33792
296.6300000|+47.3027778|10287062|19463120+4718100|4681.9|-0.261| 0.200| 60.672| 6.356|RGB     | 1.0361| 0.995| 0.039| 7.483| 0.014| 2.688| 0.007| 3.35e-03| 0.007| 3.961| 0.101|                |  0|KCat|Sloan|Simbad|296.63000|+47.30278
296.9817083|+47.3355000|10288283|19475561+4720078|4714.0|-0.146| 0.037| 37.025| 3.766|RGB     | 1.0258| 1.929| 0.041|13.316| 0.015| 2.475| 0.007| 1.15e-03| 0.007| 3.028| 0.168|                |  0|KCat|Sloan|Simbad|296.98171|+47.33550
297.0692917|+47.3986389|10288611|19481663+4723551|4800.2| 0.089| 0.034| 30.155| 3.964|RC      | 1.0044| 0.949| 0.079|10.302| 0.024| 2.389| 0.010| 1.22e-03| 0.008| 3.868| 0.345|                |  0|KCat|Sloan|Simbad|297.06929|+47.39864
297.1557500|+47.3723333|10288903|19483738+4722204|4749.8| 0.003| 0.005| 49.802| 5.160|RGB     | 1.0347| 1.301| 0.040| 9.410| 0.015| 2.605| 0.007| 2.20e-03| 0.007| 3.625| 0.238|                |  0|KCat|Sloan|Simbad|297.15575|+47.37233
297.2655417|+47.3293333|10289299|19490373+4719456|5092.7| 0.108|-0.009| 84.134| 6.851|RC      | 0.9899| 2.675| 0.054|10.203| 0.012| 2.848| 0.008| 3.55e-03| 0.008| 2.742| 0.241|                |  0|KCat|Sloan|Simbad|297.26554|+47.32933
297.2924583|+47.3264444|10289378|19491019+4719352|4536.6| 0.000| 0.024| 24.549| 3.068|RGB     | 1.0418| 1.132| 0.043|12.651| 0.016| 2.288| 0.007| 7.89e-04| 0.008| 3.837| 0.306|                |  0|KCat|Sloan|Simbad|297.29246|+47.32644
297.3325833|+47.3839722|10289507|19491982+4723023|4684.2| 0.420| 0.008|124.875|10.497|RGB     | 1.0269| 1.209| 0.034| 5.749| 0.012| 3.001| 0.007| 8.97e-03| 0.007| 3.843| 0.270|                |  0|KCat|Sloan|Simbad|297.33258|+47.38397
297.5553750|+47.3999167|10290315|19501329+4723597|4657.0| 0.291| 0.010| 37.203| 4.202|RC      | 1.0031| 1.355| 0.076|11.169| 0.022| 2.474| 0.010| 1.37e-03| 0.008| 3.530| 0.267|                |  1|KCat|Sloan|Simbad|297.55537|+47.39992
297.5945000|+47.3268889|10290457|19502268+4719368|4631.3| 0.074| 0.102| 30.597| 3.974|RC      | 1.0030| 0.935| 0.079|10.241| 0.024| 2.388| 0.010| 1.23e-03| 0.008| 3.879| 0.131|                |  1|KCat|Sloan|Simbad|297.59450|+47.32689
297.6206250|+47.3700833|10290535|19502895+4722123|4850.8|-0.263| 0.084| 30.985| 4.110|RC      | 0.9945| 0.942| 0.079|10.098| 0.024| 2.403| 0.010| 1.29e-03| 0.008| 3.815| 0.198|                |  0|KCat|Sloan|Simbad|297.62062|+47.37008
297.8909167|+47.3484722|10291535|19513382+4720545|5053.2|-0.061| 0.018|114.041| 8.582|RGB     | 0.9839| 2.740| 0.035| 8.887| 0.012| 2.978| 0.007| 5.50e-03| 0.007| 2.626| 0.272|                |  1|KCat|Sloan|Simbad|297.89092|+47.34847
298.0534583|+47.3986111|10292156|19521283+4723550|4621.8|-0.170| 0.064| 28.777| 3.380|RGB     | 1.0371| 1.297| 0.042|12.447| 0.016| 2.361| 0.007| 9.49e-04| 0.008| 3.596| 0.307|                |  0|KCat|Sloan|Simbad|298.05346|+47.39861
298.6887917|+47.3128889|10294424|19544531+4718464|4960.3|-0.066| 0.032|       |      |REJECT  |       |      |      |      |      |      |      |         |      |      |      |No Seis         |  0|KCat|Sloan|Simbad|298.68879|+47.31289
298.9526250|+47.3968889|10295441|19554863+4723488|4805.8| 0.142| 0.002| 77.028| 7.314|RGB     | 1.0317| 1.228| 0.038| 7.330| 0.014| 2.797| 0.007| 4.40e-03| 0.007| 3.762| 0.569|                |  0|KCat|Sloan|Simbad|298.95262|+47.39689
299.4911667|+47.3726667|10297313|19575788+4722216|4988.6| 0.263| 0.013|101.365| 8.051|RC      | 0.9940| 2.339| 0.047| 8.737| 0.009| 2.924| 0.007| 4.95e-03| 0.008| 2.965| 0.541|                |  1|KCat|Sloan|Simbad|299.49117|+47.37267
299.5702083|+47.3221944|10297567|19581685+4719199|4880.6| 0.005| 0.014| 44.984| 4.779|RC      | 0.9986| 1.565| 0.072|10.787| 0.020| 2.567| 0.009| 1.76e-03| 0.008| 3.284| 0.724|                |  0|KCat|Sloan|Simbad|299.57021|+47.32219
281.3267917|+47.4229722|10319045|18451843+4725227|4442.4|-1.073| 0.282|  6.554| 1.197|RGB     | 1.0412| 0.904| 0.044|21.989| 0.017| 1.710| 0.007| 1.20e-04| 0.008| 3.906| 0.023|                |  0|KCat|Sloan|Simbad|281.32679|+47.42297
281.7971250|+47.4489167|10319709|18471131+4726561|4468.6|-0.075| 0.019| 15.882| 2.163|RGB     | 1.0417| 1.214| 0.043|16.345| 0.016| 2.095| 0.007| 3.92e-04| 0.008| 3.723| 0.105|                |  0|KCat|Sloan|Simbad|281.79712|+47.44892
282.0967500|+47.4666111|10320170|18482322+4727598|4490.6| 0.108| 0.018| 24.353| 2.946|RGB     | 1.0397| 1.292| 0.043|13.601| 0.016| 2.282| 0.007| 7.24e-04| 0.008| 3.680| 0.101|                |  0|KCat|Sloan|Simbad|282.09675|+47.46661
284.0770833|+47.4173056|10323583|18561850+4725023|4661.8| 0.223| 0.048| 83.272| 7.885|RGB     | 1.0333| 1.090| 0.037| 6.694| 0.014| 2.824| 0.007| 5.13e-03| 0.007| 3.971| 0.131|                |  0|KCat|Sloan|Simbad|284.07708|+47.41731
286.5947083|+47.4000833|10328277|19062273+4724003|4955.2|-0.412| 0.082| 27.799| 3.495|RC      | 1.0073| 1.275| 0.080|12.340| 0.024| 2.361| 0.010| 9.57e-04| 0.008| 3.446| 0.157|                |  0|KCat|Sloan|Simbad|286.59471|+47.40008
286.7467083|+47.4516667|10328498|19065921+4727060|4718.7|-0.020| 0.003| 42.873| 4.544|RGB     | 1.0343| 1.368| 0.041|10.420| 0.015| 2.538| 0.007| 1.70e-03| 0.007| 3.547| 0.028|                |  1|KCat|Sloan|Simbad|286.74671|+47.45167
286.8693333|+47.4439444|10328727|19072864+4726382|4979.1|-0.360| 0.053|134.309|11.591|RGB     | 1.0211| 1.134| 0.033| 5.288| 0.012| 3.046| 0.007| 1.08e-02| 0.007| 3.723| 0.101|                |  0|KCat|Sloan|Simbad|286.86933|+47.44394
286.9726250|+47.4085000|10328921|19075343+4724306|4236.8|-0.372| 0.216|  6.682| 1.197|RGB     | 1.0486| 0.866| 0.044|21.566| 0.017| 1.708| 0.007| 1.22e-04| 0.008| 4.120| 0.089|SeisUnc         |  0|KCat|Sloan|Simbad|286.97262|+47.40850
286.9902083|+47.4411944|10328946|19075765+4726283|4718.2| 0.153| 0.017| 33.363| 4.070|RC      | 1.0035| 1.131| 0.078|10.737| 0.023| 2.430| 0.010| 1.29e-03| 0.008| 3.706| 0.162|                |  1|KCat|Sloan|Simbad|286.99021|+47.44119
287.0242500|+47.4310833|10329008|19080582+4725519|4644.4|-1.750| 0.290|  4.836| 0.881|RGB     | 1.0207| 1.430| 0.044|31.843| 0.017| 1.587| 0.007| 6.24e-05| 0.008| 3.234| 0.081|SeisUnc         |  0|KCat|Sloan|Simbad|287.02425|+47.43108
288.4387500|+47.4463889|10331610|19134530+4726470|4779.6|-0.064| 0.032| 31.755| 4.104|RC      | 0.9991| 0.979| 0.078|10.207| 0.023| 2.411| 0.010| 1.30e-03| 0.008| 3.810| 0.113|                |  1|KCat|Sloan|Simbad|288.43875|+47.44639
288.4759167|+47.4472222|10331686|19135422+4726500|4971.3|-0.153| 0.012|236.407|17.851|RGB     | 1.0165| 1.117| 0.028| 3.957| 0.009| 3.291| 0.007| 2.54e-02| 0.006| 3.808| 0.000|                |  0|KCat|Sloan|Simbad|288.47592|+47.44722
288.5847917|+47.4453056|10331908|19142035+4726431|4933.7|-0.156| 0.039| 61.756| 5.739|RGB     | 1.0246| 1.785| 0.039| 9.805| 0.014| 2.707| 0.007| 2.67e-03| 0.007| 3.123| 0.168|                |  0|KCat|Sloan|Simbad|288.58479|+47.44531
288.7291667|+47.4565833|10332186|19145500+4727237|4631.9| 0.013| 0.009| 22.715| 3.100|RC      | 1.0163| 0.981| 0.083|12.177| 0.026| 2.259| 0.010| 7.66e-04| 0.008| 3.830| 0.096|                |  1|KCat|Sloan|Simbad|288.72917|+47.45658
289.0163750|+47.4136667|10332753|19160393+4724492|4591.6| 0.299| 0.057| 34.634| 3.869|RC(S)   | 1.0042| 1.484| 0.077|12.154| 0.023| 2.440| 0.010| 1.17e-03| 0.008| 3.426| 0.163|                |  0|KCat|Sloan|Simbad|289.01637|+47.41367
289.1883333|+47.4947778|10333131|19164520+4729412|4926.4| 0.117|-0.008|162.911|12.715|RGB     | 1.0195| 1.384| 0.031| 5.319| 0.011| 3.128| 0.007| 1.30e-02| 0.007| 3.565| 0.120|                |  1|KCat|Sloan|Simbad|289.18833|+47.49478
289.8643333|+47.4352778|10334585|19192744+4726070|5027.9|-0.449| 0.106| 31.711| 4.181|RC      | 0.9955| 0.990| 0.078|10.143| 0.023| 2.421| 0.010| 1.34e-03| 0.008| 3.723| 0.173|                |  0|KCat|Sloan|Simbad|289.86433|+47.43528
291.8376667|+47.4163611|10339516|19272104+4724589|4979.8|-0.753| 0.274| 29.191| 3.922|RC      | 0.9916| 0.999| 0.080|10.646| 0.024| 2.383| 0.010| 1.17e-03| 0.008| 3.678| 0.173|                |  0|KCat|Sloan|Simbad|291.83767|+47.41636
291.8690000|+47.4449722|10339590|19272856+4726419|4042.2|-0.097| 0.057|  3.009| 0.610|RGB     | 1.0292| 1.182| 0.044|37.992| 0.017| 1.351| 0.007| 3.04e-05| 0.008| 3.747| 0.329|                |  1|KCat|Sloan|Simbad|291.86900|+47.44497
294.1875833|+47.4270278|10345661|19364502+4725373|4619.7|-0.269| 0.090| 22.654| 2.947|RGB     | 1.0418| 1.075| 0.043|12.772| 0.016| 2.257| 0.007| 7.28e-04| 0.008| 3.842| 0.318|                |  0|KCat|Sloan|Simbad|294.18758|+47.42703
294.3402500|+47.4650556|10346117|19372166+4727542|4817.5| 0.002| 0.030| 39.039| 4.330|RC      | 0.9987| 1.487| 0.075|11.326| 0.022| 2.502| 0.010| 1.44e-03| 0.008| 3.351| 0.319|                |  0|KCat|Sloan|Simbad|294.34025|+47.46506
295.8339583|+47.4832500|10350302|19432015+4728597|4837.2| 0.030| 0.029| 34.059| 4.114|RC      | 1.0009| 1.208| 0.077|10.917| 0.023| 2.444| 0.010| 1.31e-03| 0.008| 3.617| 0.278|                |  0|KCat|Sloan|Simbad|295.83396|+47.48325
295.8704583|+47.4041389|10350408|19432891+4724149|4860.2|-0.050| 0.053| 33.565| 4.044|RC      | 1.0038| 1.234| 0.078|11.101| 0.023| 2.439| 0.010| 1.27e-03| 0.008| 3.572| 0.352|                |  0|KCat|Sloan|Simbad|295.87046|+47.40414
296.0362083|+47.4266667|10350934|19440869+4725360|4869.4| 0.036| 0.043| 34.195| 3.786|RC      | 1.0101| 1.660| 0.077|12.751| 0.023| 2.447| 0.010| 1.13e-03| 0.008| 3.250| 0.284|                |  0|KCat|Sloan|Simbad|296.03621|+47.42667
296.0583333|+47.4641389|10351017|19441400+4727509|4562.6|-0.182| 0.041| 19.478| 2.544|RGB     | 1.0404| 1.213| 0.043|14.678| 0.016| 2.189| 0.007| 5.41e-04| 0.008| 3.692| 0.302|                |  0|KCat|Sloan|Simbad|296.05833|+47.46414
296.1175417|+47.4651389|10351196|19442821+4727545|5020.2|-0.444| 0.057|201.759|15.917|RGB     | 1.0173| 1.111| 0.028| 4.261| 0.009| 3.225| 0.007| 2.02e-02| 0.006| 3.724| 0.045|                |  0|KCat|Sloan|Simbad|296.11754|+47.46514
296.2336250|+47.4332500|10351528|19445607+4725597|4650.4| 0.302| 0.027| 56.082| 5.578|RGB     | 1.0346| 1.319| 0.040| 8.976| 0.015| 2.652| 0.007| 2.57e-03| 0.007| 3.700| 0.268|                |  0|KCat|Sloan|Simbad|296.23362|+47.43325
296.2538750|+47.4789444|10351578|19450093+4728442|4914.5| 0.088|-0.038| 55.157| 5.362|RC      | 0.9993| 1.834| 0.067|10.527| 0.018| 2.657| 0.009| 2.22e-03| 0.008| 3.164| 0.201|                |  0|KCat|Sloan|Simbad|296.25387|+47.47894
296.3193333|+47.4186111|10351764|19451664+4725070|4692.6|-0.062| 0.052| 23.717| 3.196|RC      | 1.0198| 0.994| 0.082|11.956| 0.025| 2.280| 0.010| 8.20e-04| 0.008| 3.792| 0.298|                |  0|KCat|Sloan|Simbad|296.31933|+47.41861
296.3280417|+47.4290000|10351792|19451873+4725444|4497.0| 0.458| 0.024| 29.223| 3.578|RC      | 1.0101| 1.153| 0.080|11.724| 0.024| 2.362| 0.010| 1.01e-03| 0.008| 3.737| 0.206|                |  0|KCat|Sloan|Simbad|296.32804|+47.42900
296.3393750|+47.4198333|10351820|19452145+4725114|4775.3|-0.003| 0.025| 56.892| 5.716|RGB     | 1.0332| 1.306| 0.040| 8.811| 0.015| 2.664| 0.007| 2.69e-03| 0.007| 3.614| 0.151|                |  0|KCat|Sloan|Simbad|296.33937|+47.41983
296.3827917|+47.4095833|10351947|19453187+4724345|4817.6| 0.023| 0.024| 94.233| 8.596|RGB     | 1.0288| 1.196| 0.037| 6.536| 0.013| 2.885| 0.007| 6.04e-03| 0.007| 3.775| 0.240|                |  0|KCat|Sloan|Simbad|296.38279|+47.40958
296.5926250|+47.4060000|10352610|19462223+4724216|4684.7| 0.268| 0.007| 34.676| 4.123|RC      | 1.0031| 1.195| 0.077|10.845| 0.023| 2.445| 0.010| 1.32e-03| 0.008| 3.668| 0.272|                |  0|KCat|Sloan|Simbad|296.59262|+47.40600
296.5947500|+47.4498611|10352615|19462274+4726595|4780.5| 0.074|-0.017| 61.018| 5.720|RGB     | 1.0288| 1.637| 0.039| 9.523| 0.014| 2.695| 0.007| 2.67e-03| 0.007| 3.302| 0.000|                |  1|KCat|Sloan|Simbad|296.59475|+47.44986
296.7301667|+47.4447500|10353044|19465524+4726411|4848.0|-0.143| 0.024| 33.168| 4.105|RC      | 0.9919| 1.172| 0.078|10.889| 0.023| 2.433| 0.010| 1.28e-03| 0.008| 3.607| 0.212|                |  1|KCat|Sloan|Simbad|296.73017|+47.44475
296.8733750|+47.4508056|10353556|19472961+4727029|4897.8|-0.018| 0.030|240.732|18.078|RGB     | 1.0163| 1.097| 0.028| 3.901| 0.009| 3.296| 0.007| 2.61e-02| 0.006| 3.871| 0.099|                |  0|KCat|Sloan|Simbad|296.87337|+47.45081
297.5059167|+47.4568611|10355672|19500142+4727247|4593.4| 0.387| 0.016| 36.234| 4.050|RC      | 1.0034| 1.420| 0.076|11.626| 0.022| 2.460| 0.010| 1.28e-03| 0.008| 3.488| 0.164|                |  1|KCat|Sloan|Simbad|297.50592|+47.45686
297.5346250|+47.4235278|10355764|19500831+4725247|4760.9|-0.013|-0.005| 32.778| 4.134|RC      | 1.0027| 1.025| 0.078|10.290| 0.023| 2.424| 0.010| 1.33e-03| 0.008| 3.761| 0.242|                |  0|KCat|Sloan|Simbad|297.53462|+47.42353
297.6066250|+47.4678611|10356032|19502559+4728043|4411.3| 0.448| 0.021| 31.890| 3.633|RGB     | 1.0417| 1.211| 0.042|11.557| 0.016| 2.395| 0.007| 1.11e-03| 0.008| 3.848| 0.342|                |  0|KCat|Sloan|Simbad|297.60662|+47.46786
298.0917917|+47.4381667|10357764|19522203+4726174|4735.7| 0.179| 0.003| 41.527| 4.493|RC      | 0.9990| 1.503| 0.074|11.086| 0.021| 2.525| 0.010| 1.56e-03| 0.008| 3.381| 0.243|                |  1|KCat|Sloan|Simbad|298.09179|+47.43817
298.3139583|+47.4538611|10358632|19531535+4727139|4799.5|-0.134| 0.039| 33.087| 4.102|RC      | 0.9943| 1.138| 0.078|10.769| 0.023| 2.430| 0.010| 1.28e-03| 0.008| 3.632| 0.305|                |  1|KCat|Sloan|Simbad|298.31396|+47.45386
298.6444583|+47.4735278|10359816|19543467+4728247|4845.8|-0.114| 0.045| 31.982| 4.047|RC      | 0.9984| 1.082| 0.078|10.658| 0.023| 2.417| 0.010| 1.26e-03| 0.008| 3.690| 0.493|                |  0|KCat|Sloan|Simbad|298.64446|+47.47353
298.6997917|+47.4131389|10359999|19544795+4724473|4841.1| 0.018| 0.008| 45.416| 4.689|RC      | 0.9924| 1.759| 0.072|11.405| 0.020| 2.569| 0.009| 1.67e-03| 0.008| 3.195| 0.102|                |  1|KCat|Sloan|Simbad|298.69979|+47.41314
298.9664167|+47.4111111|10360984|19555194+4724400|4898.5|-0.067| 0.020| 75.987| 7.239|RGB     | 1.0299| 1.273| 0.038| 7.478| 0.014| 2.795| 0.007| 4.29e-03| 0.007| 3.654| 0.537|                |  0|KCat|Sloan|Simbad|298.96642|+47.41111
299.0491250|+47.4461667|10361268|19561179+4726462|5022.3| 0.113|-0.005| 97.936| 7.864|RC      | 0.9917| 2.363| 0.048| 8.920| 0.010| 2.911| 0.007| 4.70e-03| 0.008| 2.923| 0.521|                |  0|KCat|Sloan|Simbad|299.04912|+47.44617
299.2674167|+47.4021389|10362043|19570418+4724077|4925.8|-0.246| 0.031| 39.164| 4.401|RC      | 0.9973| 1.463| 0.075|11.153| 0.022| 2.509| 0.010| 1.49e-03| 0.008| 3.327| 0.367|                |  1|KCat|Sloan|Simbad|299.26742|+47.40214
299.5986667|+47.4773611|10363172|19582368+4728385|4764.1| 0.167| 0.008| 43.737| 4.554|RC      | 1.0003| 1.670| 0.073|11.370| 0.021| 2.549| 0.009| 1.60e-03| 0.008| 3.267| 0.472|                |  1|KCat|Sloan|Simbad|299.59867|+47.47736
280.7366667|+47.5096944|10383488|18425680+4730349|4467.7|-0.425| 0.183| 13.944| 2.042|RGB     | 1.0441| 1.025| 0.043|16.027| 0.016| 2.039| 0.007| 3.51e-04| 0.008| 3.877| 0.046|                |  0|KCat|Sloan|Simbad|280.73667|+47.50969
280.8671250|+47.5613889|10383668|18432811+4733410|4916.4| 0.138| 0.006| 52.554| 4.874|RC      | 1.0053| 2.269| 0.069|11.996| 0.019| 2.636| 0.009| 1.85e-03| 0.008| 2.981| 0.089|                |  0|KCat|Sloan|Simbad|280.86712|+47.56139
281.2984167|+47.5569722|10384255|18451162+4733251|4898.2|-0.067| 0.002| 43.180| 4.600|RC      | 0.9973| 1.629| 0.073|11.224| 0.021| 2.550| 0.009| 1.63e-03| 0.008| 3.249| 0.113|                |  0|KCat|Sloan|Simbad|281.29842|+47.55697
282.9410000|+47.5893611|10386904|18514584+4735217|4805.1|-0.036| 0.078|182.530|14.748|RGB     | 1.0194| 1.037| 0.030| 4.376| 0.010| 3.172| 0.007| 1.74e-02| 0.006| 3.961| 0.050|                |  0|KCat|Sloan|Simbad|282.94100|+47.58936
283.2050000|+47.5774444|10387370|18524920+4734388|4826.3|-0.452| 0.137| 68.432| 7.044|RGB     | 1.0327| 1.003| 0.039| 7.021| 0.014| 2.746| 0.007| 4.09e-03| 0.007| 3.884| 0.150|                |  0|KCat|Sloan|Simbad|283.20500|+47.57744
283.2781667|+47.5986944|10387495|18530676+4735553|4749.6| 0.218| 0.012| 70.805| 6.410|RGB(S)  | 1.0285| 1.608| 0.039| 8.776| 0.014| 2.758| 0.007| 3.36e-03| 0.007| 3.369| 0.223|                |  0|KCat|Sloan|Simbad|283.27817|+47.59869
283.5382083|+47.5914444|10387935|18540917+4735292|4765.4|-0.285| 0.248| 26.324| 3.603|RC      | 1.0022| 0.923| 0.081|10.893| 0.025| 2.329| 0.010| 1.01e-03| 0.008| 3.831| 0.143|                |  0|KCat|Sloan|Simbad|283.53821|+47.59144
283.7144583|+47.5314167|10388249|18545147+4731531|4642.4| 0.082| 0.020| 53.206| 5.457|RGB     | 1.0353| 1.222| 0.040| 8.877| 0.015| 2.629| 0.007| 2.46e-03| 0.007| 3.753| 0.079|                |  0|KCat|Sloan|Simbad|283.71446|+47.53142
284.1859167|+47.5338056|10389037|18564462+4732017|4668.1| 0.346|-0.004| 39.713| 4.125|RC      | 1.0012| 1.795| 0.075|12.433| 0.022| 2.503| 0.010| 1.32e-03| 0.008| 3.236| 0.092|                |  0|KCat|Sloan|Simbad|284.18592|+47.53381
284.3949167|+47.5453056|10389393|18573478+4732431|4733.2|-0.325| 0.081| 39.186| 4.437|RGB     | 1.0365| 1.145| 0.041| 9.964| 0.015| 2.500| 0.007| 1.63e-03| 0.007| 3.713| 0.080|                |  0|KCat|Sloan|Simbad|284.39492|+47.54531
287.1592917|+47.5469722|10394570|19083823+4732491|4727.0| 0.236| 0.008| 33.051| 4.054|RC      | 1.0034| 1.120| 0.078|10.732| 0.023| 2.426| 0.010| 1.28e-03| 0.008| 3.731| 0.170|                |  1|KCat|Sloan|Simbad|287.15929|+47.54697
287.2986250|+47.5780556|10394814|19091167+4734410|4975.9|-0.126| 0.019|205.878|16.775|RGB(S)  | 1.0175| 0.943| 0.028| 3.896| 0.009| 3.231| 0.007| 2.25e-02| 0.006| 4.074| 0.002|                |  1|KCat|Sloan|Simbad|287.29862|+47.57806
287.3743333|+47.5078889|10394950|19092984+4730284|4514.7| 0.288| 0.028| 50.141| 5.151|RGB     | 1.0364| 1.231| 0.040| 9.241| 0.015| 2.597| 0.007| 2.20e-03| 0.007| 3.793| 0.103|                |  0|KCat|Sloan|Simbad|287.37433|+47.50789
287.5746250|+47.5918611|10395327|19101791+4735307|4865.5|-0.277| 0.075| 25.141| 3.485|RC      | 1.0075| 0.928| 0.082|11.121| 0.025| 2.313| 0.010| 9.52e-04| 0.008| 3.827| 0.167|                |  0|KCat|Sloan|Simbad|287.57462|+47.59186
287.6168333|+47.5898333|10395400|19102804+4735234|4786.9| 0.171|-0.003| 30.770| 4.407|RC      | 0.9872| 0.704| 0.079| 8.792| 0.024| 2.398| 0.010| 1.46e-03| 0.008| 4.130| 0.132|                |  1|KCat|Sloan|Simbad|287.61683|+47.58983
287.7542083|+47.5602500|10395638|19110101+4733369|4724.3| 0.186|-0.005| 41.699| 4.440|RC(S)   | 1.0011| 1.577| 0.074|11.338| 0.021| 2.527| 0.010| 1.52e-03| 0.008| 3.334| 0.078|                |  1|KCat|Sloan|Simbad|287.75421|+47.56025
290.6698750|+47.5590556|10401843|19224077+4733326|4534.9|-0.416| 0.201| 23.282| 3.094|RGB     | 1.0448| 0.923| 0.043|11.729| 0.016| 2.265| 0.007| 8.07e-04| 0.008| 4.037| 0.077|                |  0|KCat|Sloan|Simbad|290.66987|+47.55906
290.8136250|+47.5717778|10402207|19231527+4734184|4674.8|-0.440| 0.220| 47.096| 5.262|RGB     | 1.0384| 0.979| 0.041| 8.429| 0.015| 2.577| 0.007| 2.31e-03| 0.007| 3.946| 0.048|                |  1|KCat|Sloan|Simbad|290.81362|+47.57178
291.0593333|+47.5466944|10402819|19241424+4732481|4899.2| 0.066| 0.009| 55.377| 5.294|RC      | 1.0046| 1.903| 0.067|10.710| 0.018| 2.658| 0.009| 2.18e-03| 0.008| 3.130| 0.000|                |  1|KCat|Sloan|Simbad|291.05933|+47.54669
291.1401250|+47.5363056|10403036|19243363+4732107|4343.4|-0.465| 0.212| 10.007| 1.653|RGB     | 1.0475| 0.834| 0.044|17.194| 0.017| 1.889| 0.007| 2.32e-04| 0.008| 4.150| 0.053|Ageold          |  1|KCat|Sloan|Simbad|291.14012|+47.53631
291.2606667|+47.5018611|10403323|19250256+4730067|4721.3| 0.055| 0.012| 28.639| 3.728|RC(S)   | 1.0020| 1.024| 0.080|11.025| 0.024| 2.363| 0.010| 1.08e-03| 0.008| 3.787| 0.194|                |  1|KCat|Sloan|Simbad|291.26067|+47.50186
291.8063750|+47.5728333|10404656|19271353+4734222|4487.1|-0.097| 0.099| 22.414| 2.894|RGB     | 1.0437| 1.063| 0.043|12.862| 0.016| 2.246| 0.007| 7.04e-04| 0.008| 3.927| 0.181|                |  0|KCat|Sloan|Simbad|291.80637|+47.57283
292.0532917|+47.5086111|10405285|19281279+4730310|4508.6|-0.171| 0.042| 19.314| 2.559|RGB     | 1.0421| 1.127| 0.043|14.252| 0.016| 2.182| 0.007| 5.49e-04| 0.008| 3.802| 0.203|                |  1|KCat|Sloan|Simbad|292.05329|+47.50861
292.0908750|+47.5896111|10405377|19282181+4735226|5130.9|-0.321| 0.064| 82.137| 7.016|RC      | 0.9858| 2.327| 0.055| 9.613| 0.012| 2.839| 0.008| 3.69e-03| 0.008| 2.824| 0.164|                |  0|KCat|Sloan|Simbad|292.09087|+47.58961
292.1173750|+47.5509444|10405445|19282817+4733034|4797.1|-0.346| 0.205| 28.261| 3.816|RC(S)   | 1.0001| 0.925| 0.080|10.506| 0.024| 2.361| 0.010| 1.12e-03| 0.008| 3.812| 0.170|SeisUnc         |  0|KCat|Sloan|Simbad|292.11737|+47.55094
295.9513333|+47.5383889|10415545|19434832+4732182|4840.0|-0.255| 0.075| 24.159| 2.672|RGB     | 1.0203| 2.247| 0.043|17.673| 0.016| 2.295| 0.007| 5.74e-04| 0.008| 2.815| 0.280|                |  0|KCat|Sloan|Simbad|295.95133|+47.53839
295.9872917|+47.5729444|10415654|19435695+4734226|4816.1|-0.046| 0.047| 34.195| 4.099|RC      | 1.0028| 1.224| 0.077|10.979| 0.023| 2.445| 0.010| 1.31e-03| 0.008| 3.582| 0.197|                |  0|KCat|Sloan|Simbad|295.98729|+47.57294
296.3008750|+47.5930000|10416550|19451221+4735348|4706.0|-0.173| 0.030| 47.527| 5.064|RGB     | 1.0358| 1.197| 0.041| 9.261| 0.015| 2.583| 0.007| 2.12e-03| 0.007| 3.715| 0.070|                |  1|KCat|Sloan|Simbad|296.30087|+47.59300
296.5482500|+47.5535833|10417364|19461158+4733129|4959.3|-0.166| 0.049|115.741| 9.826|RGB     | 1.0225| 1.389| 0.035| 6.311| 0.012| 2.981| 0.007| 7.79e-03| 0.007| 3.485| 0.172|                |  0|KCat|Sloan|Simbad|296.54825|+47.55358
296.6081250|+47.5287222|10417559|19462595+4731434|4678.3| 0.161| 0.008| 30.906| 3.913|RC      | 1.0031| 1.041| 0.079|10.727| 0.024| 2.394| 0.010| 1.19e-03| 0.008| 3.793| 0.238|                |  0|KCat|Sloan|Simbad|296.60812|+47.52872
296.6284583|+47.5093056|10417623|19463083+4730335|4625.3| 0.069| 0.004| 21.104| 2.915|RGB     | 1.0366| 0.927| 0.043|12.286| 0.016| 2.226| 0.007| 7.05e-04| 0.008| 4.174| 0.259|Ageold          |  0|KCat|Sloan|Simbad|296.62846|+47.50931
296.8841250|+47.5517222|10418503|19473219+4733062|4321.5| 0.202| 0.011|  9.338| 1.498|RGB     | 1.0491| 0.990| 0.044|19.417| 0.017| 1.857| 0.007| 1.91e-04| 0.008| 4.111| 0.241|                |  1|KCat|Sloan|Simbad|296.88412|+47.55172
297.3585417|+47.5513611|10420202|19492605+4733049|4950.2|-0.047| 0.012|147.674|11.806|RGB     | 1.0198| 1.396| 0.032| 5.603| 0.011| 3.086| 0.007| 1.12e-02| 0.007| 3.507| 0.197|                |  0|KCat|Sloan|Simbad|297.35854|+47.55136
297.3960417|+47.5953056|10420335|19493505+4735431|4712.2| 0.228| 0.021|118.534|10.352|RGB     | 1.0277| 1.099| 0.035| 5.619| 0.012| 2.980| 0.007| 8.74e-03| 0.007| 3.957| 0.270|                |  0|KCat|Sloan|Simbad|297.39604|+47.59531
297.4369583|+47.5041389|10420502|19494487+4730149|4726.1| 0.011| 0.069| 32.091| 4.049|RC      | 1.0026| 1.034| 0.078|10.464| 0.023| 2.413| 0.010| 1.27e-03| 0.008| 3.767| 0.232|                |  0|KCat|Sloan|Simbad|297.43696|+47.50414
297.4752083|+47.5459167|10420629|19495405+4732453|4987.4| 0.089|-0.033|182.124|13.536|RGB     | 1.0175| 1.546| 0.030| 5.300| 0.010| 3.179| 0.007| 1.47e-02| 0.006| 3.380| 0.126|                |  0|KCat|Sloan|Simbad|297.47521|+47.54592
297.4850000|+47.5156111|10420662|19495640+4730562|4905.2|-0.136| 0.061| 35.608| 4.259|RC      | 0.9971| 1.247| 0.077|10.810| 0.023| 2.466| 0.010| 1.39e-03| 0.008| 3.536| 0.277|                |  0|KCat|Sloan|Simbad|297.48500|+47.51561
297.5339583|+47.5061111|10420822|19500815+4730220|4943.4| 0.096|-0.018| 76.298| 6.615|RC      | 1.0000| 2.108| 0.058| 9.583| 0.014| 2.799| 0.008| 3.38e-03| 0.008| 3.048| 0.131|                |  1|KCat|Sloan|Simbad|297.53396|+47.50611
297.8451667|+47.5413611|10422013|19512284+4732289|4751.6| 0.099| 0.020| 35.971| 4.122|RC      | 0.9966| 1.400| 0.076|11.485| 0.023| 2.464| 0.010| 1.30e-03| 0.008| 3.453| 0.315|                |  0|KCat|Sloan|Simbad|297.84517|+47.54136
298.0066250|+47.5905556|10422589|19520159+4735260|4870.7| 0.034|-0.014| 51.803| 5.045|RC      | 1.0034| 1.882| 0.069|11.029| 0.019| 2.628| 0.009| 1.98e-03| 0.008| 3.140| 0.301|                |  0|KCat|Sloan|Simbad|298.00662|+47.59056
298.2160417|+47.5450278|10423340|19525185+4732421|5010.2|-0.848| 0.236|237.923|18.783|RGB     | 1.0154| 0.944| 0.028| 3.619| 0.009| 3.296| 0.007| 2.81e-02| 0.006| 3.899| 0.000|                |  0|KCat|Sloan|Simbad|298.21604|+47.54503
298.2252500|+47.5995833|10423375|19525406+4735585|4680.8|-0.050| 0.036| 53.246| 5.627|RGB     | 1.0364| 1.092| 0.040| 8.371| 0.015| 2.631| 0.007| 2.63e-03| 0.007| 3.885| 0.242|                |  0|KCat|Sloan|Simbad|298.22525|+47.59958
299.1737083|+47.5582222|10426854|19564169+4733296|4962.8|-0.302| 0.058| 39.836| 4.348|RC      | 0.9950| 1.649| 0.075|11.719| 0.022| 2.518| 0.010| 1.44e-03| 0.008| 3.179| 0.276|                |  1|KCat|Sloan|Simbad|299.17371|+47.55822
299.2691250|+47.5284444|10427193|19570459+4731424|4893.9|-0.136|-0.015|127.674|10.814|RGB     | 1.0224| 1.247| 0.034| 5.711| 0.012| 3.020| 0.007| 9.44e-03| 0.007| 3.645| 0.347|                |  0|KCat|Sloan|Simbad|299.26912|+47.52844
299.2908333|+47.5782500|10427256|19570980+4734417|4998.2|-0.297| 0.061|152.390|12.686|RGB     | 1.0193| 1.169| 0.032| 5.036| 0.011| 3.102| 0.007| 1.29e-02| 0.007| 3.704| 0.430|                |  0|KCat|Sloan|Simbad|299.29083|+47.57825
299.5526250|+47.5636389|10428163|19581263+4733491|4790.8|-0.195| 0.195|143.833|12.289|RGB     | 1.0227| 1.034| 0.032| 4.927| 0.011| 3.067| 0.007| 1.22e-02| 0.007| 3.934| 0.471|                |  0|KCat|Sloan|Simbad|299.55262|+47.56364
280.5617083|+47.6772778|10448025|18421481+4740382|4950.6| 0.085|-0.005|125.647|10.197|RGB     | 1.0214| 1.535| 0.034| 6.371| 0.012| 3.016| 0.007| 8.38e-03| 0.007| 3.397| 0.241|                |  0|KCat|Sloan|Simbad|280.56171|+47.67728
281.7242083|+47.6598056|10449846|18465381+4739353|4733.2| 0.340|-0.001|182.512|14.240|RGB     | 1.0208| 1.159| 0.030| 4.645| 0.010| 3.168| 0.007| 1.63e-02| 0.006| 3.895| 0.153|                |  0|KCat|Sloan|Simbad|281.72421|+47.65981
282.3947917|+47.6716111|10450939|18493475+4740178|4904.2|-0.085| 0.009| 42.112| 4.557|RC      | 0.9936| 1.595| 0.074|11.243| 0.021| 2.539| 0.010| 1.58e-03| 0.008| 3.261| 0.150|                |  0|KCat|Sloan|Simbad|282.39479|+47.67161
282.5425417|+47.6458056|10451213|18501021+4738449|4311.8| 0.117| 0.009|  8.571| 1.424|RGB     | 1.0481| 0.940| 0.044|19.756| 0.017| 1.820| 0.007| 1.72e-04| 0.008| 4.165| 0.211|Ageold          |  0|KCat|Sloan|Simbad|282.54254|+47.64581
282.5495833|+47.6082222|10451228|18501190+4736296|4767.7|-0.634| 0.229| 42.962| 4.990|RGB     | 1.0388| 0.946| 0.041| 8.630| 0.015| 2.542| 0.007| 2.07e-03| 0.007| 3.948| 0.110|                |  0|KCat|Sloan|Simbad|282.54958|+47.60822
283.9158333|+47.6942500|10453652|18553980+4741393|4664.7| 0.000| 0.021| 42.807| 4.578|RGB     | 1.0355| 1.294| 0.041|10.168| 0.015| 2.535| 0.007| 1.74e-03| 0.007| 3.630| 0.071|                |  0|KCat|Sloan|Simbad|283.91583|+47.69425
287.0880417|+47.6548611|10459696|19082113+4739175|4643.8| 0.198| 0.007| 61.082| 5.881|RGB     | 1.0328| 1.385| 0.039| 8.818| 0.014| 2.689| 0.007| 2.85e-03| 0.007| 3.597| 0.099|                |  1|KCat|Sloan|Simbad|287.08804|+47.65486
287.1383333|+47.6371389|10459794|19083320+4738137|4677.7| 0.025| 0.014| 45.831| 4.800|RGB     | 1.0350| 1.322| 0.041| 9.926| 0.015| 2.566| 0.007| 1.91e-03| 0.007| 3.631| 0.162|                |  1|KCat|Sloan|Simbad|287.13833|+47.63714
287.1477500|+47.6819167|10459809|19083546+4740549|4686.2|-0.320| 0.183| 41.460| 4.539|RGB(S)  | 1.0355| 1.224| 0.041|10.040| 0.015| 2.522| 0.007| 1.71e-03| 0.007| 3.647| 0.110|                |  0|KCat|Sloan|Simbad|287.14775|+47.68192
287.3778333|+47.6905556|10460243|19093068+4741260|4992.5|-0.507| 0.080| 30.343| 3.980|RC      | 0.9876| 1.080| 0.079|10.848| 0.024| 2.401| 0.010| 1.19e-03| 0.008| 3.614| 0.091|                |  0|KCat|Sloan|Simbad|287.37783|+47.69056
287.4248750|+47.6148333|10460324|19094197+4736534|4815.4|-0.332| 0.211| 24.928| 3.513|RC      | 0.9958| 0.904| 0.082|11.049| 0.025| 2.307| 0.010| 9.45e-04| 0.008| 3.836| 0.136|                |  0|KCat|Sloan|Simbad|287.42487|+47.61483
287.9532917|+47.6978889|10461323|19114879+4741524|4874.1| 0.118|-0.054| 88.452| 7.258|RGB(S)  | 1.0139| 2.100| 0.037| 8.914| 0.013| 2.860| 0.007| 4.18e-03| 0.007| 2.974| 0.051|                |  1|KCat|Sloan|Simbad|287.95329|+47.69789
287.9653333|+47.6940000|10461347|19115168+4741384|4572.7| 0.231| 0.085| 30.961| 3.893|RGB(S)  | 1.0286| 0.933| 0.042|10.204| 0.016| 2.390| 0.007| 1.24e-03| 0.008| 4.214| 0.101|Ageold          |  0|KCat|Sloan|Simbad|287.96533|+47.69400
288.1576250|+47.6143611|10461757|19123783+4736517|4871.4|-0.384| 0.049| 25.801| 3.462|RC      | 1.0111| 1.017| 0.081|11.486| 0.025| 2.325| 0.010| 9.46e-04| 0.008| 3.710| 0.086|                |  1|KCat|Sloan|Simbad|288.15762|+47.61436
288.8261667|+47.6117222|10463137|19151828+4736422|4923.5|-0.379| 0.095| 29.318| 3.994|RC      | 0.9913| 0.927| 0.080|10.260| 0.024| 2.383| 0.010| 1.21e-03| 0.008| 3.811| 0.093|                |  1|KCat|Sloan|Simbad|288.82617|+47.61172
289.6002500|+47.6257222|10464837|19182406+4737326|4976.1|-0.279| 0.097| 40.675| 4.363|RC      | 1.0033| 1.682| 0.074|11.702| 0.021| 2.527| 0.010| 1.48e-03| 0.008| 3.176| 0.167|                |  0|KCat|Sloan|Simbad|289.60025|+47.62572
290.6751250|+47.6422500|10467510|19224203+4738321|4898.7|-0.312| 0.077| 34.384| 4.179|RC      | 0.9912| 1.237| 0.077|10.961| 0.023| 2.451| 0.010| 1.32e-03| 0.008| 3.500| 0.167|                |  0|KCat|Sloan|Simbad|290.67512|+47.64225
290.7062083|+47.6925278|10467570|19224949+4741331|4624.5| 0.263| 0.004| 33.246| 4.056|RC      | 1.0041| 1.099| 0.078|10.656| 0.023| 2.424| 0.010| 1.28e-03| 0.008| 3.755| 0.165|                |  1|KCat|Sloan|Simbad|290.70621|+47.69253
291.1192083|+47.6118611|10468528|19242861+4736427|4672.2|-0.065| 0.094| 27.887| 3.703|RC      | 1.0017| 0.957| 0.080|10.831| 0.024| 2.350| 0.010| 1.06e-03| 0.008| 3.838| 0.094|                |  1|KCat|Sloan|Simbad|291.11921|+47.61186
291.7251250|+47.6914722|10469976|19265403+4741293|4933.5|-0.024| 0.043| 51.168| 4.824|RC      | 1.0046| 2.201| 0.069|11.962| 0.019| 2.625| 0.009| 1.81e-03| 0.008| 2.987| 0.131|                |  1|KCat|Sloan|Simbad|291.72512|+47.69147
292.1824167|+47.6907778|10471148|19284378+4741268|4818.7| 0.144|-0.139| 54.399| 5.146|RC(S)   | 1.0108| 1.923| 0.068|10.908| 0.018| 2.646| 0.009| 2.09e-03| 0.008| 3.139| 0.192|                |  0|KCat|Sloan|Simbad|292.18242|+47.69078
292.3846667|+47.6247778|10471628|19293232+4737292|4784.3|-0.133| 0.036| 92.214| 8.576|RGB     | 1.0287| 1.120| 0.037| 6.405| 0.013| 2.874| 0.007| 6.01e-03| 0.007| 3.810| 0.239|                |  0|KCat|Sloan|Simbad|292.38467|+47.62478
292.4562500|+47.6735000|10471780|19294950+4740246|4010.3|-0.126| 0.060|  3.425| 0.652|RGB     | 1.0304| 1.307| 0.044|37.523| 0.017| 1.406| 0.007| 3.48e-05| 0.008| 3.577| 0.349|SeisUnc         |  0|KCat|Sloan|Simbad|292.45625|+47.67350
292.6845000|+47.6761944|10472318|19304428+4740343|4732.6| 0.342|-0.001|143.203|11.622|RGB     | 1.0238| 1.247| 0.033| 5.439| 0.011| 3.063| 0.007| 1.09e-02| 0.007| 3.784| 0.190|                |  1|KCat|Sloan|Simbad|292.68450|+47.67619
292.8467500|+47.6246389|10472713|19312322+4737287|4915.4| 0.237|-0.009|       |      |REJECT  |       |      |      |      |      |      |      |         |      |      |      |No Seis         |  0|KCat|Sloan|Simbad|292.84675|+47.62464
293.0852917|+47.6218611|10473363|19322047+4737187|4620.7|-0.292| 0.216| 54.242| 5.801|RGB     | 1.0378| 0.997| 0.040| 7.950| 0.015| 2.636| 0.007| 2.80e-03| 0.007| 3.958| 0.199|                |  0|KCat|Sloan|Simbad|293.08529|+47.62186
293.2220000|+47.6194167|10473692|19325328+4737099|4729.9| 0.004| 0.051| 92.639| 8.630|RGB     | 1.0303| 1.082| 0.037| 6.298| 0.013| 2.874| 0.007| 6.10e-03| 0.007| 3.929| 0.087|                |  1|KCat|Sloan|Simbad|293.22200|+47.61942
293.3639583|+47.6887222|10474071|19332735+4741194|5050.2| 0.139|-0.021| 91.750| 7.478|RC      | 0.9933| 2.381| 0.051| 9.238| 0.011| 2.884| 0.008| 4.26e-03| 0.008| 2.930| 0.239|                |  1|KCat|Sloan|Simbad|293.36396|+47.68872
295.7579167|+47.6906111|10480806|19430190+4741262|4751.4|-0.023|-0.001| 67.026| 6.499|RGB     | 1.0318| 1.275| 0.039| 8.031| 0.014| 2.734| 0.007| 3.47e-03| 0.007| 3.648| 0.055|                |  1|KCat|Sloan|Simbad|295.75792|+47.69061
296.1785000|+47.6877222|10482001|19444284+4741158|4911.8| 0.155|-0.013| 55.171| 5.027|RC      | 1.0066| 2.304| 0.067|11.801| 0.018| 2.657| 0.009| 1.98e-03| 0.008| 2.948| 0.165|                |  1|KCat|Sloan|Simbad|296.17850|+47.68772
296.3446250|+47.6719722|10482521|19452271+4740191|4694.5|-0.127| 0.192| 31.142| 3.735|RC      | 1.0131| 1.239| 0.079|11.651| 0.024| 2.399| 0.010| 1.11e-03| 0.008| 3.540| 0.089|                |  0|KCat|Sloan|Simbad|296.34462|+47.67197
296.4072500|+47.6453611|10482713|19453774+4738433|4818.2| 0.214|-0.017| 46.208| 4.708|RC      | 1.0018| 1.744| 0.072|11.271| 0.020| 2.576| 0.009| 1.72e-03| 0.008| 3.239| 0.303|                |  0|KCat|Sloan|Simbad|296.40725|+47.64536
296.4168750|+47.6230833|10482750|19454005+4737231|4665.6| 0.277| 0.006| 35.298| 4.010|RC      | 0.9950| 1.446| 0.077|11.837| 0.023| 2.452| 0.010| 1.23e-03| 0.008| 3.451| 0.234|                |  1|KCat|Sloan|Simbad|296.41687|+47.62308
296.5494167|+47.6473333|10483180|19461186+4738504|4911.9|-0.042| 0.009| 40.149| 4.377|RC      | 0.9984| 1.598| 0.074|11.519| 0.022| 2.519| 0.010| 1.47e-03| 0.008| 3.270| 0.315|                |  0|KCat|Sloan|Simbad|296.54942|+47.64733
296.6413333|+47.6569167|10483504|19463392+4739249|4962.0|-0.119| 0.022|103.801| 8.624|RGB     | 1.0200| 1.707| 0.036| 7.386| 0.013| 2.933| 0.007| 5.97e-03| 0.007| 3.180| 0.173|                |  1|KCat|Sloan|Simbad|296.64133|+47.65692
296.8272917|+47.6695833|10484140|19471855+4740105|4646.9| 0.080| 0.115| 29.945| 3.776|RC      | 0.9970| 1.107| 0.079|11.259| 0.024| 2.379| 0.010| 1.09e-03| 0.008| 3.709| 0.196|                |  0|KCat|Sloan|Simbad|296.82729|+47.66958
297.2337083|+47.6487778|10485557|19485609+4738556|4465.2| 0.422| 0.032| 50.992| 5.241|RGB     | 1.0376| 1.183| 0.040| 9.007| 0.015| 2.602| 0.007| 2.28e-03| 0.007| 3.881| 0.233|                |  0|KCat|Sloan|Simbad|297.23371|+47.64878
297.2932083|+47.6208611|10485765|19491037+4737151|4769.2|-0.051| 0.008| 63.671| 6.133|RGB     | 1.0309| 1.391| 0.039| 8.598| 0.014| 2.713| 0.007| 3.09e-03| 0.007| 3.519| 0.133|                |  1|KCat|Sloan|Simbad|297.29321|+47.62086
297.3363333|+47.6828889|10485923|19492072+4740584|5013.5|-0.342| 0.095| 25.962| 3.646|RC      | 0.9983| 0.925| 0.081|10.843| 0.025| 2.334| 0.010| 1.02e-03| 0.008| 3.813| 0.292|                |  0|KCat|Sloan|Simbad|297.33633|+47.68289
297.9312083|+47.6445833|10488066|19514349+4738405|4828.0|-0.024| 0.028| 26.272| 3.319|RC(S)   | 1.0115| 1.253| 0.081|12.663| 0.025| 2.331| 0.010| 8.70e-04| 0.008| 3.556| 0.376|                |  0|KCat|Sloan|Simbad|297.93121|+47.64458
298.0482083|+47.6704444|10488463|19521157+4740136|4873.3|-0.084| 0.052| 34.435| 4.196|RC      | 0.9991| 1.176| 0.077|10.690| 0.023| 2.450| 0.010| 1.36e-03| 0.008| 3.615| 0.428|                |  0|KCat|Sloan|Simbad|298.04821|+47.67044
298.2025833|+47.6526944|10489017|19524862+4739097|4755.5| 0.116| 0.000| 36.927| 4.267|RC      | 1.0010| 1.297| 0.076|10.908| 0.022| 2.475| 0.010| 1.41e-03| 0.008| 3.544| 0.316|                |  0|KCat|Sloan|Simbad|298.20258|+47.65269
298.2175417|+47.6627500|10489073|19525221+4739459|4605.7| 0.294| 0.010| 34.898| 4.082|RC      | 1.0038| 1.232| 0.077|11.025| 0.023| 2.444| 0.010| 1.30e-03| 0.008| 3.640| 0.234|                |  1|KCat|Sloan|Simbad|298.21754|+47.66275
298.2279583|+47.6921944|10489108|19525471+4741319|4802.3|-0.189| 0.023| 29.481| 3.489|RC      | 1.0049| 1.475| 0.079|12.988| 0.024| 2.380| 0.010| 9.49e-04| 0.008| 3.323| 0.129|                |  1|KCat|Sloan|Simbad|298.22796|+47.69219
298.3015000|+47.6711389|10489340|19531236+4740161|4891.7|-0.023| 0.013| 42.405| 4.567|RC      | 0.9960| 1.592| 0.073|11.201| 0.021| 2.542| 0.010| 1.60e-03| 0.008| 3.271| 0.351|                |  0|KCat|Sloan|Simbad|298.30150|+47.67114
298.3226250|+47.6183889|10489417|19531743+4737062|4880.9|-0.089| 0.047| 32.916| 4.002|RC      | 1.0033| 1.224| 0.078|11.151| 0.023| 2.431| 0.010| 1.25e-03| 0.008| 3.566| 0.434|                |  0|KCat|Sloan|Simbad|298.32262|+47.61839
298.4595417|+47.6855000|10489877|19535029+4741078|4842.8|-0.079| 0.039| 29.235| 3.830|RC      | 0.9856| 1.085| 0.080|11.162| 0.024| 2.378| 0.010| 1.10e-03| 0.008| 3.706| 0.441|                |  0|KCat|Sloan|Simbad|298.45954|+47.68550
298.4675417|+47.6392500|10489909|19535221+4738213|5003.2|-0.676| 0.257| 25.254| 3.790|RC(S)   | 0.9902| 0.751| 0.082| 9.912| 0.025| 2.321| 0.010| 1.09e-03| 0.008| 3.972| 0.337|                |  0|KCat|Sloan|Simbad|298.46754|+47.63925
299.0842083|+47.6633333|10492224|19562021+4739480|4818.0|-0.336| 0.026| 39.147| 4.290|RGB     | 1.0341| 1.355| 0.041|10.794| 0.015| 2.504| 0.007| 1.52e-03| 0.007| 3.470| 0.578|                |  0|KCat|Sloan|Simbad|299.08421|+47.66333
299.1525417|+47.6818056|10492468|19563661+4740545|4766.4| 0.011| 0.044| 30.309| 3.951|RC      | 1.0006| 0.981| 0.079|10.464| 0.024| 2.390| 0.010| 1.21e-03| 0.008| 3.826| 0.687|                |  0|KCat|Sloan|Simbad|299.15254|+47.68181
299.2579583|+47.6897500|10492800|19570191+4741231|4105.2| 0.040|-0.015|  2.905| 0.627|RGB     | 1.0383| 0.940| 0.044|34.346| 0.017| 1.339| 0.007| 3.27e-05| 0.008| 4.132| 0.852|                |  0|KCat|Sloan|Simbad|299.25796|+47.68975
280.8678750|+47.7036111|10513837|18432829+4742130|4890.5| 0.031|-0.011|194.575|14.646|RGB     | 1.0177| 1.334| 0.029| 4.787| 0.010| 3.203| 0.007| 1.71e-02| 0.006| 3.604| 0.000|                |  0|KCat|Sloan|Simbad|280.86787|+47.70361
281.2962500|+47.7590000|10514458|18451110+4745324|4254.0| 0.105| 0.009|  9.767| 1.555|RGB     | 1.0495| 0.954| 0.044|18.703| 0.017| 1.874| 0.007| 2.06e-04| 0.008| 4.140| 0.159|                |  0|KCat|Sloan|Simbad|281.29625|+47.75900
282.1095417|+47.7872500|10515651|18482629+4747141|4957.1|-0.173| 0.033|159.300|13.112|RGB     | 1.0198| 1.154| 0.031| 4.903| 0.011| 3.119| 0.007| 1.38e-02| 0.007| 3.761| 0.158|                |  0|KCat|Sloan|Simbad|282.10954|+47.78725
282.3142500|+47.7500000|10515966|18491542+4745000|4939.5|-0.385| 0.059| 36.125| 4.309|RC      | 0.9932| 1.275| 0.076|10.833| 0.022| 2.474| 0.010| 1.41e-03| 0.008| 3.454| 0.119|                |  0|KCat|Sloan|Simbad|282.31425|+47.75000
283.1922083|+47.7596944|10517437|18524613+4745349|3925.6| 0.337|-0.004|  3.654| 0.677|RGB     | 1.0372| 1.294| 0.044|36.340| 0.017| 1.429| 0.007| 3.81e-05| 0.008| 3.728| 0.381|                |  0|KCat|Sloan|Simbad|283.19221|+47.75969
283.6270833|+47.7756944|10518222|18543050+4746325|5010.4| 0.023| 0.002| 34.565| 4.298|RC(S)   | 0.9996| 1.124| 0.077|10.360| 0.023| 2.458| 0.010| 1.43e-03| 0.008| 3.690| 0.196|                |  0|KCat|Sloan|Simbad|283.62708|+47.77569
285.6989167|+47.7595556|10522084|19024774+4745344|4833.6| 0.043| 0.006| 46.235| 4.808|RC      | 1.0005| 1.622| 0.072|10.858| 0.020| 2.576| 0.009| 1.79e-03| 0.008| 3.267| 0.027|                |  1|KCat|Sloan|Simbad|285.69892|+47.75956
285.7131250|+47.7964722|10522111|19025115+4747473|4762.3|-0.254| 0.190| 26.536| 3.614|RC      | 1.0107| 0.902| 0.081|10.726| 0.025| 2.332| 0.010| 1.03e-03| 0.008| 3.853| 0.142|                |  1|KCat|Sloan|Simbad|285.71312|+47.79647
287.1742500|+47.7176111|10524715|19084182+4743034|4857.6|-0.196| 0.020| 64.171| 6.294|RGB     | 1.0303| 1.322| 0.039| 8.312| 0.014| 2.720| 0.007| 3.25e-03| 0.007| 3.537| 0.108|                |  1|KCat|Sloan|Simbad|287.17425|+47.71761
287.4815000|+47.7280556|10525282|19095556+4743410|4899.5|-0.165| 0.005| 34.819| 4.180|RC      | 0.9982| 1.249| 0.077|10.944| 0.023| 2.456| 0.010| 1.34e-03| 0.008| 3.533| 0.129|                |  1|KCat|Sloan|Simbad|287.48150|+47.72806
287.5888750|+47.7220278|10525475|19102133+4743193|4775.5|-0.145| 0.174| 38.986| 4.324|RC      | 1.0013| 1.455| 0.075|11.236| 0.022| 2.500| 0.010| 1.45e-03| 0.008| 3.354| 0.076|                |  1|KCat|Sloan|Simbad|287.58887|+47.72203
287.6494167|+47.7324444|10525595|19103586+4743568|4894.8| 0.003|-0.017|116.115| 9.463|RGB     | 1.0213| 1.607| 0.035| 6.798| 0.012| 2.979| 0.007| 7.21e-03| 0.007| 3.296| 0.051|                |  1|KCat|Sloan|Simbad|287.64942|+47.73244
287.8286250|+47.7314722|10525946|19111887+4743533|4768.6| 0.417| 0.036|209.304|15.791|RGB     | 1.0192| 1.177| 0.028| 4.362| 0.009| 3.229| 0.007| 2.00e-02| 0.006| 3.884| 0.073|                |  0|KCat|Sloan|Simbad|287.82862|+47.73147
288.6837083|+47.7417222|10527661|19144409+4744302|5088.1|-0.760| 0.276| 30.953| 4.483|RC(S)   | 0.9737| 0.775| 0.079| 9.056| 0.024| 2.413| 0.010| 1.47e-03| 0.008| 3.934| 0.048|                |  1|KCat|Sloan|Simbad|288.68371|+47.74172
288.7296250|+47.7515278|10527754|19145511+4745055|4558.9| 0.367|-0.006| 60.281| 5.976|RGB     | 1.0360| 1.199| 0.039| 8.298| 0.014| 2.679| 0.007| 2.96e-03| 0.007| 3.851| 0.179|                |  1|KCat|Sloan|Simbad|288.72962|+47.75153
288.7881250|+47.7325833|10527889|19150915+4743573|4827.4| 0.104| 0.013| 47.660| 4.789|RC      | 0.9996| 1.807| 0.071|11.293| 0.020| 2.589| 0.009| 1.77e-03| 0.008| 3.186| 0.153|                |  0|KCat|Sloan|Simbad|288.78812|+47.73258
289.2801667|+47.7001667|10528911|19170724+4742006|4577.2| 0.225| 0.067| 31.899| 3.933|RC      | 1.0027| 1.087| 0.078|10.849| 0.023| 2.403| 0.010| 1.20e-03| 0.008| 3.760| 0.076|                |  1|KCat|Sloan|Simbad|289.28017|+47.70017
289.3276250|+47.7786111|10529006|19171863+4746430|4655.4| 0.088|-0.016| 48.284| 5.013|RGB     | 1.0353| 1.288| 0.040| 9.560| 0.015| 2.587| 0.007| 2.08e-03| 0.007| 3.673| 0.134|                |  0|KCat|Sloan|Simbad|289.32762|+47.77861
289.6142500|+47.7580000|10529640|19182742+4745288|4780.5| 0.161| 0.017| 44.202| 4.519|RC      | 1.0043| 1.759| 0.073|11.598| 0.021| 2.555| 0.009| 1.59e-03| 0.008| 3.219| 0.150|                |  0|KCat|Sloan|Simbad|289.61425|+47.75800
290.8318750|+47.7750000|10532670|19231965+4746300|4683.4| 0.048| 0.031| 53.845| 5.473|RGB     | 1.0348| 1.272| 0.040| 8.981| 0.015| 2.636| 0.007| 2.48e-03| 0.007| 3.689| 0.240|                |  0|KCat|Sloan|Simbad|290.83187|+47.77500
290.8715417|+47.7533611|10532751|19232917+4745121|5041.8| 0.036|-0.035|101.771| 8.309|RC      | 0.9987| 2.080| 0.047| 8.202| 0.009| 2.928| 0.007| 5.32e-03| 0.008| 2.972| 0.049|                |  1|KCat|Sloan|Simbad|290.87154|+47.75336
291.1382917|+47.7412500|10533369|19243319+4744285|4801.2| 0.179| 0.007| 41.101| 4.247|RC      | 1.0145| 1.752| 0.074|11.989| 0.021| 2.524| 0.010| 1.43e-03| 0.008| 3.227| 0.281|                |  1|KCat|Sloan|Simbad|291.13829|+47.74125
291.7631667|+47.7834444|10534826|19270316+4747004|4519.3| 0.143| 0.029| 27.355| 3.189|RGB     | 1.0381| 1.355| 0.042|13.119| 0.016| 2.334| 0.007| 8.46e-04| 0.008| 3.621| 0.199|                |  1|KCat|Sloan|Simbad|291.76317|+47.78344
291.7910000|+47.7325833|10534891|19270984+4743573|4964.7| 0.020| 0.000| 54.355| 5.235|RC      | 1.0049| 1.918| 0.068|10.818| 0.018| 2.653| 0.009| 2.14e-03| 0.008| 3.119| 0.234|                |  1|KCat|Sloan|Simbad|291.79100|+47.73258
292.8127917|+47.7192222|10537376|19311507+4743092|4768.9|-0.053| 0.024| 32.752| 4.056|RC      | 1.0000| 1.118| 0.078|10.748| 0.023| 2.424| 0.010| 1.27e-03| 0.008| 3.677| 0.170|                |  1|KCat|Sloan|Simbad|292.81279|+47.71922
293.0076667|+47.7125556|10537820|19320184+4742452|4793.0| 0.043| 0.024|158.960|13.096|RGB     | 1.0217| 1.087| 0.031| 4.804| 0.011| 3.111| 0.007| 1.38e-02| 0.007| 3.922| 0.173|                |  0|KCat|Sloan|Simbad|293.00767|+47.71256
293.2293750|+47.7827222|10538371|19325505+4746578|4014.7| 0.004|-0.059|  2.621| 0.597|RGB     | 1.0249| 0.855| 0.044|34.677| 0.017| 1.290| 0.007| 2.89e-05| 0.008| 4.231| 0.236|Ageold, SeisUnc |  0|KCat|Sloan|Simbad|293.22937|+47.78272
295.5214167|+47.7847222|10544592|19420514+4747050|4966.5|-0.370| 0.088| 33.720| 4.207|RC      | 0.9927| 1.153| 0.077|10.648| 0.023| 2.445| 0.010| 1.35e-03| 0.008| 3.578| 0.263|                |  0|KCat|Sloan|Simbad|295.52142|+47.78472
295.6893333|+47.7161111|10545081|19424544+4742580|4730.3|-0.032| 0.047| 23.147| 3.091|RC      | 1.0139| 1.094| 0.083|12.670| 0.026| 2.271| 0.010| 7.58e-04| 0.008| 3.698| 0.301|                |  0|KCat|Sloan|Simbad|295.68933|+47.71611
295.6910833|+47.7436111|10545089|19424586+4744370|4704.3| 0.368|-0.002|123.448|10.501|RGB     | 1.0272| 1.172| 0.034| 5.688| 0.012| 2.997| 0.007| 8.98e-03| 0.007| 3.884| 0.230|                |  0|KCat|Sloan|Simbad|295.69108|+47.74361
295.7131667|+47.7148611|10545152|19425116+4742535|4807.6|-0.105| 0.037| 33.034| 4.116|RC      | 0.9981| 1.103| 0.078|10.608| 0.023| 2.429| 0.010| 1.30e-03| 0.008| 3.670| 0.126|                |  1|KCat|Sloan|Simbad|295.71317|+47.71486
295.9743333|+47.7457222|10545904|19435384+4744446|4673.9| 0.093|-0.012| 24.726| 3.101|RC      | 1.0107| 1.309| 0.082|13.453| 0.025| 2.297| 0.010| 7.58e-04| 0.008| 3.530| 0.220|                |  0|KCat|Sloan|Simbad|295.97433|+47.74572
296.1747500|+47.7658056|10546497|19444194+4745569|4657.0|-0.315| 0.041| 18.103| 2.368|RGB     | 1.0365| 1.359| 0.043|16.035| 0.016| 2.161| 0.007| 4.65e-04| 0.008| 3.467| 0.271|                |  0|KCat|Sloan|Simbad|296.17475|+47.76581
296.3410833|+47.7948889|10546977|19452186+4747416|4667.8| 0.006|-0.027| 42.624| 4.376|RGB     | 1.0326| 1.548| 0.041|11.146| 0.015| 2.534| 0.007| 1.58e-03| 0.007| 3.366| 0.135|                |  1|KCat|Sloan|Simbad|296.34108|+47.79489
296.4729583|+47.7520833|10547370|19455351+4745075|4523.2| 0.063| 0.038| 39.444| 4.397|RGB     | 1.0390| 1.120| 0.041| 9.933| 0.015| 2.493| 0.007| 1.61e-03| 0.007| 3.880| 0.110|                |  0|KCat|Sloan|Simbad|296.47296|+47.75208
296.5388333|+47.7626389|10547575|19460932+4745455|4544.6| 0.316| 0.007| 61.127| 6.063|RGB     | 1.0359| 1.175| 0.039| 8.164| 0.014| 2.684| 0.007| 3.05e-03| 0.007| 3.874| 0.185|                |  0|KCat|Sloan|Simbad|296.53883|+47.76264
296.6488333|+47.7348889|10547905|19463572+4744056|5038.2| 0.047| 0.040|131.476|10.026|RGB     | 1.0116| 2.008| 0.033| 7.091| 0.012| 3.039| 0.007| 7.94e-03| 0.007| 3.016| 0.203|                |  0|KCat|Sloan|Simbad|296.64883|+47.73489
296.7397500|+47.7441667|10548201|19465754+4744390|4890.4|-0.265| 0.044| 59.660| 5.854|RGB     | 1.0293| 1.440| 0.039| 8.981| 0.014| 2.690| 0.007| 2.80e-03| 0.007| 3.407| 0.181|                |  0|KCat|Sloan|Simbad|296.73975|+47.74417
296.7741250|+47.7321667|10548319|19470579+4743558|5045.0|-0.116|-0.019|231.096|16.343|RGB     | 1.0163| 1.519| 0.028| 4.650| 0.009| 3.285| 0.007| 2.13e-02| 0.006| 3.340| 0.013|                |  0|KCat|Sloan|Simbad|296.77412|+47.73217
296.8898750|+47.7152778|10548741|19473357+4742550|4696.7| 0.083| 0.015| 70.348| 6.844|RGB     | 1.0336| 1.170| 0.039| 7.530| 0.014| 2.753| 0.007| 3.86e-03| 0.007| 3.818| 0.198|                |  0|KCat|Sloan|Simbad|296.88987|+47.71528
297.1393333|+47.7825556|10549650|19483344+4746572|4768.9|-0.006| 0.048| 32.798| 3.961|RC      | 1.0011| 1.228| 0.078|11.257| 0.023| 2.424| 0.010| 1.21e-03| 0.008| 3.577| 0.234|                |  0|KCat|Sloan|Simbad|297.13933|+47.78256
297.1650417|+47.7679167|10549732|19483961+4746045|4585.0| 0.123| 0.018| 48.267| 5.193|RGB     | 1.0385| 1.079| 0.040| 8.782| 0.015| 2.584| 0.007| 2.25e-03| 0.007| 3.951| 0.178|                |  0|KCat|Sloan|Simbad|297.16504|+47.76792
297.2819583|+47.7391944|10550170|19490767+4744211|4599.6| 0.323| 0.015| 64.297| 6.291|RGB     | 1.0354| 1.204| 0.039| 8.032| 0.014| 2.709| 0.007| 3.28e-03| 0.007| 3.842| 0.244|                |  0|KCat|Sloan|Simbad|297.28196|+47.73919
297.3287500|+47.7805556|10550359|19491890+4746500|4771.7|-0.085| 0.030| 26.905| 3.648|RC      | 0.9998| 0.948| 0.081|10.920| 0.025| 2.339| 0.010| 1.03e-03| 0.008| 3.846| 0.229|                |  0|KCat|Sloan|Simbad|297.32875|+47.78056
297.3454167|+47.7830000|10550429|19492290+4746588|4872.4| 0.087|-0.031|133.463|10.675|RGB     | 1.0211| 1.497| 0.033| 6.128| 0.012| 3.039| 0.007| 9.17e-03| 0.007| 3.434| 0.025|                |  1|KCat|Sloan|Simbad|297.34542|+47.78300
297.6100000|+47.7931667|10551313|19502640+4747354|4705.9| 0.218| 0.019| 32.957| 3.918|RC      | 1.0072| 1.246| 0.078|11.348| 0.023| 2.424| 0.010| 1.20e-03| 0.008| 3.619| 0.370|                |  0|KCat|Sloan|Simbad|297.61000|+47.79317
297.8535833|+47.7085278|10552202|19512486+4742307|4755.1|-0.440| 0.000| 38.583| 4.358|RGB     | 1.0361| 1.184| 0.041|10.198| 0.015| 2.494| 0.007| 1.57e-03| 0.007| 3.636| 0.003|                |  1|KCat|Sloan|Simbad|297.85358|+47.70853
297.9425833|+47.7918889|10552527|19514622+4747308|4700.1| 0.027| 0.002| 48.004| 4.993|RGB     | 1.0349| 1.307| 0.040| 9.634| 0.015| 2.587| 0.007| 2.06e-03| 0.007| 3.647| 0.311|                |  0|KCat|Sloan|Simbad|297.94258|+47.79189
297.9714583|+47.7945833|10552614|19515315+4747405|4886.8|-0.019|-0.011| 44.295| 4.577|RC      | 0.9999| 1.769| 0.073|11.555| 0.021| 2.560| 0.009| 1.62e-03| 0.008| 3.173| 0.230|                |  1|KCat|Sloan|Simbad|297.97146|+47.79458
298.0594583|+47.7248333|10552929|19521427+4743294|4753.7|-0.144| 0.053| 42.977| 4.501|RGB     | 1.0331| 1.454| 0.041|10.710| 0.015| 2.541| 0.007| 1.67e-03| 0.007| 3.425| 0.374|                |  0|KCat|Sloan|Simbad|298.05946|+47.72483
298.2352083|+47.7919167|10553525|19525645+4747309|4744.8|-0.272| 0.229| 77.385| 7.515|RGB     | 1.0310| 1.099| 0.038| 6.941| 0.014| 2.796| 0.007| 4.64e-03| 0.007| 3.806| 0.243|                |  0|KCat|Sloan|Simbad|298.23521|+47.79192
298.3316667|+47.7355278|10553844|19531960+4744079|4862.7|-0.177| 0.005| 58.658| 5.710|RGB     | 1.0293| 1.500| 0.040| 9.257| 0.015| 2.681| 0.007| 2.67e-03| 0.007| 3.374| 0.132|                |  1|KCat|Sloan|Simbad|298.33167|+47.73553
298.4392500|+47.7121944|10554179|19534542+4742439|5033.4|-0.657| 0.222| 30.116| 4.289|RC      | 0.9799| 0.817| 0.079| 9.455| 0.024| 2.399| 0.010| 1.36e-03| 0.008| 3.888| 0.083|                |  1|KCat|Sloan|Simbad|298.43925|+47.71219
298.6738750|+47.7813056|10555025|19544173+4746527|4747.8|-0.102| 0.019| 45.904| 4.882|RGB     | 1.0350| 1.269| 0.041| 9.684| 0.015| 2.569| 0.007| 1.97e-03| 0.007| 3.630| 0.507|                |  0|KCat|Sloan|Simbad|298.67387|+47.78131
282.7922917|+47.8038889|10581491|18511015+4748140|4822.6| 0.144| 0.031|232.659|17.394|RGB     | 1.0168| 1.127| 0.028| 4.037| 0.009| 3.278| 0.007| 2.42e-02| 0.006| 3.891| 0.202|                |  0|KCat|Sloan|Simbad|282.79229|+47.80389
283.5768333|+47.8015278|10582841|18541844+4748055|4999.3|-0.278| 0.040| 29.723| 4.198|RC      | 0.9901| 0.813| 0.079| 9.508| 0.024| 2.392| 0.010| 1.33e-03| 0.008| 3.953| 0.199|SeisUnc         |  0|KCat|Sloan|Simbad|283.57683|+47.80153
285.7964583|+47.8983333|10586902|19031115+4753540|4674.2|-0.304| 0.109| 44.898| 4.978|RGB     | 1.0373| 1.063| 0.041| 8.996| 0.015| 2.556| 0.007| 2.06e-03| 0.007| 3.861| 0.000|                |  1|KCat|Sloan|Simbad|285.79646|+47.89833
285.8937083|+47.8107778|10587122|19033449+4748388|4700.8| 0.187|-0.011| 37.734| 4.372|RC      | 1.0014| 1.232| 0.076|10.551| 0.022| 2.482| 0.010| 1.48e-03| 0.008| 3.617| 0.078|                |  1|KCat|Sloan|Simbad|285.89371|+47.81078
286.1917917|+47.8990833|10587702|19044603+4753567|4564.8| 0.109| 0.029| 46.126| 4.890|RGB     | 1.0369| 1.197| 0.041| 9.473| 0.015| 2.563| 0.007| 1.98e-03| 0.007| 3.789| 0.077|                |  1|KCat|Sloan|Simbad|286.19179|+47.89908
287.8235000|+47.8115000|10590683|19111764+4748414|4744.2|-0.140| 0.101| 27.093| 3.654|RC      | 1.0071| 0.927| 0.081|10.773| 0.025| 2.340| 0.010| 1.05e-03| 0.008| 3.848| 0.071|                |  1|KCat|Sloan|Simbad|287.82350|+47.81150
288.0329583|+47.8830556|10591093|19120791+4752590|4969.0|-0.058|-0.015|162.865|12.729|RGB     | 1.0187| 1.399| 0.031| 5.336| 0.011| 3.129| 0.007| 1.30e-02| 0.007| 3.501| 0.050|                |  1|KCat|Sloan|Simbad|288.03296|+47.88306
288.5957083|+47.8120556|10592249|19142297+4748434|4696.0| 0.202| 0.000| 37.108| 4.208|RC      | 0.9970| 1.388| 0.076|11.294| 0.022| 2.475| 0.010| 1.36e-03| 0.008| 3.491| 0.147|                |  1|KCat|Sloan|Simbad|288.59571|+47.81206
288.6312083|+47.8261667|10592335|19143149+4749342|4649.1| 0.179| 0.010| 50.066| 5.067|RGB     | 1.0340| 1.381| 0.040| 9.721| 0.015| 2.603| 0.007| 2.12e-03| 0.007| 3.598| 0.053|                |  1|KCat|Sloan|Simbad|288.63121|+47.82617
288.8506250|+47.8481944|10592802|19152415+4750535|4852.1|-0.393| 0.237| 29.158| 4.095|RC      | 0.9868| 0.821| 0.080| 9.722| 0.024| 2.377| 0.010| 1.26e-03| 0.008| 3.920| 0.000|                |  1|KCat|Sloan|Simbad|288.85062|+47.84819
288.9038750|+47.8918889|10592924|19153693+4753308|4839.6|-0.230| 0.034| 52.258| 5.399|RGB     | 1.0328| 1.299| 0.040| 9.137| 0.015| 2.630| 0.007| 2.40e-03| 0.007| 3.558| 0.090|                |  1|KCat|Sloan|Simbad|288.90387|+47.89189
288.9700000|+47.8405278|10593078|19155280+4750259|4845.9| 0.193| 0.014|205.060|15.326|RGB     | 1.0179| 1.284| 0.028| 4.585| 0.009| 3.224| 0.007| 1.88e-02| 0.006| 3.703| 0.041|                |  1|KCat|Sloan|Simbad|288.97000|+47.84053
288.9718750|+47.8268333|10593088|19155325+4749366|4813.8|-0.273| 0.027| 73.188| 7.095|RGB     | 1.0301| 1.200| 0.038| 7.430| 0.014| 2.775| 0.007| 4.12e-03| 0.007| 3.673| 0.036|                |  0|KCat|Sloan|Simbad|288.97187|+47.82683
290.9065417|+47.8801389|10597648|19233757+4752485|4426.0| 0.394| 0.018| 35.351| 3.951|RGB     | 1.0409| 1.189| 0.042|10.870| 0.015| 2.441| 0.007| 1.31e-03| 0.007| 3.871| 0.101|                |  1|KCat|Sloan|Simbad|290.90654|+47.88014
291.2822917|+47.8386389|10598558|19250775+4750191|4872.1|-0.033| 0.009| 43.463| 4.564|RC      | 1.0012| 1.675| 0.073|11.359| 0.021| 2.551| 0.009| 1.61e-03| 0.008| 3.220| 0.102|                |  1|KCat|Sloan|Simbad|291.28229|+47.83864
291.5097500|+47.8690833|10599101|19260234+4752087|4662.7|-0.282| 0.153| 69.889| 7.046|RGB     | 1.0340| 1.008| 0.039| 7.027| 0.014| 2.748| 0.007| 4.10e-03| 0.007| 3.941| 0.070|                |  0|KCat|Sloan|Simbad|291.50975|+47.86908
291.7627917|+47.8048889|10599712|19270307+4748176|4763.7| 0.027| 0.003| 37.412| 4.170|RC      | 0.9963| 1.511| 0.076|11.692| 0.022| 2.481| 0.010| 1.33e-03| 0.008| 3.353| 0.152|                |  1|KCat|Sloan|Simbad|291.76279|+47.80489
292.2345000|+47.8393056|10600926|19285628+4750215|4861.5|-0.191| 0.063| 29.256| 3.939|RC      | 0.9962| 0.936| 0.080|10.354| 0.024| 2.379| 0.010| 1.19e-03| 0.008| 3.834| 0.204|                |  1|KCat|Sloan|Simbad|292.23450|+47.83931
292.6705833|+47.8870000|10602015|19304094+4753132|4933.6| 0.106| 0.022|182.755|14.201|RGB     | 1.0187| 1.263| 0.030| 4.794| 0.010| 3.178| 0.007| 1.62e-02| 0.006| 3.705| 0.430|                |  1|KCat|Sloan|Simbad|292.67058|+47.88700
292.8186667|+47.8933056|10602372|19311648+4753359|4653.4| 0.408| 0.002| 93.934| 8.146|RGB     | 1.0289| 1.394| 0.037| 7.129| 0.013| 2.876| 0.007| 5.42e-03| 0.007| 3.627| 0.237|                |  0|KCat|Sloan|Simbad|292.81867|+47.89331
292.8187917|+47.8797222|10602374|19311651+4752470|4708.3| 0.219| 0.017| 38.237| 4.212|RC      | 0.9994| 1.503| 0.075|11.571| 0.022| 2.488| 0.010| 1.37e-03| 0.008| 3.392| 0.220|                |  1|KCat|Sloan|Simbad|292.81879|+47.87972
293.0730000|+47.8451944|10602976|19321752+4750427|4857.9|-0.159| 0.053| 35.643| 4.233|RC      | 0.9946| 1.276| 0.077|10.954| 0.023| 2.465| 0.010| 1.37e-03| 0.008| 3.508| 0.167|                |  1|KCat|Sloan|Simbad|293.07300|+47.84519
293.1547083|+47.8995833|10603170|19323713+4753585|4784.4| 0.078|-0.009| 42.023| 4.417|RC      | 1.0037| 1.662| 0.074|11.558| 0.021| 2.533| 0.010| 1.52e-03| 0.008| 3.251| 0.200|                |  1|KCat|Sloan|Simbad|293.15471|+47.89958
293.2547083|+47.8087222|10603438|19330113+4748314|4655.2| 0.005| 0.138| 30.573| 3.937|RC      | 1.0006| 0.986| 0.079|10.507| 0.024| 2.389| 0.010| 1.20e-03| 0.008| 3.814| 0.216|                |  0|KCat|Sloan|Simbad|293.25471|+47.80872
293.4609167|+47.8267500|10603958|19335062+4749363|4750.2|-0.262| 0.155| 28.580| 3.844|RC      | 1.0000| 0.915| 0.080|10.420| 0.024| 2.364| 0.010| 1.14e-03| 0.008| 3.840| 0.100|                |  1|KCat|Sloan|Simbad|293.46092|+47.82675
293.4972917|+47.8276667|10604054|19335935+4749396|4558.6| 0.252| 0.053| 59.854| 6.085|RGB     | 1.0371| 1.088| 0.039| 7.930| 0.014| 2.676| 0.007| 3.07e-03| 0.007| 3.982| 0.185|                |  1|KCat|Sloan|Simbad|293.49729|+47.82767
293.5825000|+47.8664444|10604255|19341980+4751592|4663.9|-0.039| 0.081| 30.013| 3.834|RC      | 0.9853| 1.105| 0.079|11.226| 0.024| 2.381| 0.010| 1.10e-03| 0.008| 3.686| 0.099|                |  1|KCat|Sloan|Simbad|293.58250|+47.86644
293.6534583|+47.8157222|10604435|19343683+4748566|4629.0| 0.215| 0.035| 59.963| 6.003|RGB     | 1.0352| 1.190| 0.039| 8.257| 0.014| 2.680| 0.007| 2.98e-03| 0.007| 3.834| 0.233|                |  0|KCat|Sloan|Simbad|293.65346|+47.81572
293.6645417|+47.8324167|10604460|19343949+4749567|4582.1| 0.193| 0.062| 30.373| 3.827|RC      | 1.0032| 1.046| 0.079|10.902| 0.024| 2.382| 0.010| 1.14e-03| 0.008| 3.797| 0.122|                |  1|KCat|Sloan|Simbad|293.66454|+47.83242
295.4415000|+47.8213333|10609343|19414596+4749168|4703.9| 0.154| 0.035| 33.221| 4.071|RC      | 1.0028| 1.113| 0.078|10.685| 0.023| 2.427| 0.010| 1.29e-03| 0.008| 3.720| 0.273|                |  0|KCat|Sloan|Simbad|295.44150|+47.82133
295.7443333|+47.8430556|10610250|19425864+4750350|4686.3| 0.213| 0.080|153.023|12.553|RGB     | 1.0234| 1.103| 0.032| 4.961| 0.011| 3.090| 0.007| 1.27e-02| 0.007| 3.949| 0.074|                |  1|KCat|Sloan|Simbad|295.74433|+47.84306
295.7540000|+47.8967778|10610275|19430096+4753484|4637.7|-0.349| 0.053| 23.075| 2.925|RGB     | 1.0389| 1.189| 0.043|13.298| 0.016| 2.266| 0.007| 7.13e-04| 0.008| 3.657| 0.233|                |  0|KCat|Sloan|Simbad|295.75400|+47.89678
295.8948333|+47.8091111|10610707|19433476+4748328|4793.1|-0.058| 0.032| 32.774| 4.098|RC      | 1.0015| 1.076| 0.078|10.526| 0.023| 2.425| 0.010| 1.30e-03| 0.008| 3.714| 0.232|                |  0|KCat|Sloan|Simbad|295.89483|+47.80911
296.0132500|+47.8079444|10611084|19440318+4748286|4707.2| 0.389| 0.011| 43.517| 4.327|RC      | 1.0158| 1.865| 0.073|12.082| 0.021| 2.544| 0.009| 1.49e-03| 0.008| 3.207| 0.314|                |  0|KCat|Sloan|Simbad|296.01325|+47.80794
296.0675417|+47.8060833|10611263|19441621+4748219|4762.4| 0.215| 0.010|141.003|11.640|RGB     | 1.0238| 1.194| 0.033| 5.355| 0.011| 3.058| 0.007| 1.10e-02| 0.007| 3.821| 0.171|                |  0|KCat|Sloan|Simbad|296.06754|+47.80608
296.6409583|+47.8686111|10613106|19463383+4752070|4956.0|-0.313| 0.083| 31.042| 4.269|RC      | 0.9901| 0.855| 0.079| 9.561| 0.024| 2.409| 0.010| 1.38e-03| 0.008| 3.886| 0.281|                |  0|KCat|Sloan|Simbad|296.64096|+47.86861
296.6444167|+47.8311944|10613112|19463466+4749523|4921.6|-0.048| 0.036| 46.460| 4.606|RC      | 1.0046| 1.974| 0.072|11.896| 0.020| 2.583| 0.009| 1.65e-03| 0.008| 3.071| 0.202|                |  1|KCat|Sloan|Simbad|296.64442|+47.83119
296.9242500|+47.8937500|10614000|19474182+4753375|4744.2|-0.065| 0.028| 27.681| 3.643|RC      | 0.9996| 1.030| 0.080|11.236| 0.024| 2.350| 0.010| 1.02e-03| 0.008| 3.761| 0.297|                |  0|KCat|Sloan|Simbad|296.92425|+47.89375
296.9248750|+47.8277500|10614003|19474197+4749399|4895.6| 0.077| 0.004|130.144|10.457|RGB     | 1.0212| 1.518| 0.034| 6.241| 0.012| 3.029| 0.007| 8.81e-03| 0.007| 3.413| 0.300|                |  0|KCat|Sloan|Simbad|296.92487|+47.82775
297.1004167|+47.8561389|10614602|19482410+4751221|4632.3|-0.319| 0.045| 18.061| 2.424|RGB     | 1.0394| 1.205| 0.043|15.134| 0.016| 2.159| 0.007| 4.90e-04| 0.008| 3.638| 0.152|                |  1|KCat|Sloan|Simbad|297.10042|+47.85614
297.1274167|+47.8026944|10614707|19483058+4748097|4860.8|-0.137| 0.029| 35.618| 4.222|RC      | 0.9956| 1.282| 0.077|10.985| 0.023| 2.464| 0.010| 1.36e-03| 0.008| 3.502| 0.159|                |  1|KCat|Sloan|Simbad|297.12742|+47.80269
297.3087083|+47.8403333|10615356|19491409+4750252|4867.4|-0.106| 0.070| 38.191| 4.347|RC      | 0.9962| 1.407| 0.075|11.108| 0.022| 2.495| 0.010| 1.45e-03| 0.008| 3.395| 0.268|                |  0|KCat|Sloan|Simbad|297.30871|+47.84033
297.5977917|+47.8557500|10616364|19502347+4751207|4923.1|-0.190| 0.076|104.016| 9.155|RGB     | 1.0244| 1.314| 0.036| 6.486| 0.013| 2.933| 0.007| 6.79e-03| 0.007| 3.570| 0.230|                |  0|KCat|Sloan|Simbad|297.59779|+47.85575
297.8342917|+47.8068056|10617209|19512023+4748245|5005.5| 0.012| 0.059| 46.001| 4.474|RC      | 1.0059| 2.196| 0.072|12.558| 0.020| 2.582| 0.009| 1.56e-03| 0.008| 2.997| 0.318|                |  0|KCat|Sloan|Simbad|297.83429|+47.80681
298.0575833|+47.8901944|10618005|19521382+4753247|4754.1|-0.064| 0.042| 31.391| 3.894|RC      | 0.9980| 1.162| 0.079|11.202| 0.024| 2.405| 0.010| 1.17e-03| 0.008| 3.637| 0.229|                |  1|KCat|Sloan|Simbad|298.05758|+47.89019
298.1247500|+47.8192222|10618251|19522994+4749092|4880.8| 0.092|-0.015| 50.344| 4.954|RC      | 1.0022| 1.872| 0.070|11.152| 0.019| 2.616| 0.009| 1.90e-03| 0.008| 3.148| 0.273|                |  0|KCat|Sloan|Simbad|298.12475|+47.81922
298.6949167|+47.8907222|10620267|19544678+4753266|5048.7|-0.481| 0.166| 28.429| 4.105|RC(S)   | 0.9864| 0.801| 0.080| 9.628| 0.024| 2.375| 0.010| 1.27e-03| 0.008| 3.934| 0.724|                |  0|KCat|Sloan|Simbad|298.69492|+47.89072
281.5162083|+47.9203889|10645209|18460389+4755134|5101.4|-0.148| 0.043|193.079|13.983|RGB     | 1.0155| 1.687| 0.029| 5.346| 0.010| 3.209| 0.007| 1.56e-02| 0.006| 3.191| 0.091|                |  0|KCat|Sloan|Simbad|281.51621|+47.92039
283.0625417|+47.9266111|10647684|18521501+4755358|5036.7|-0.335| 0.192| 30.830| 3.044|RC(S)   |       |      |      |      |      | 2.409| 0.010|         |      |      | 0.230|No Fdnu         |  0|KCat|Sloan|Simbad|283.06254|+47.92661
283.8205417|+47.9659444|10649096|18551693+4757574|4722.2|-0.076| 0.052| 25.656| 3.398|RC      | 1.0185| 0.998| 0.081|11.503| 0.025| 2.316| 0.010| 9.25e-04| 0.008| 3.787| 0.171|                |  0|KCat|Sloan|Simbad|283.82054|+47.96594
285.1377083|+47.9178889|10651398|19003305+4755044|5055.2|-0.570| 0.243| 25.062| 3.586|RC(S)   | 1.0040| 0.881| 0.082|10.747| 0.025| 2.320| 0.010| 1.00e-03| 0.008| 3.833| 0.233|SeisUnc         |  1|KCat|Sloan|Simbad|285.13771|+47.91789
285.2514167|+47.9193333|10651578|19010034+4755096|4856.5|-0.171| 0.067| 32.465| 4.098|RC      | 0.9977| 1.083| 0.078|10.579| 0.023| 2.424| 0.010| 1.29e-03| 0.008| 3.689| 0.095|                |  1|KCat|Sloan|Simbad|285.25142|+47.91933
285.7205833|+47.9066389|10652469|19025294+4754239|4643.4|-0.233| 0.147| 49.265| 5.386|RGB     | 1.0382| 1.011| 0.040| 8.390| 0.015| 2.595| 0.007| 2.41e-03| 0.007| 3.955| 0.052|                |  1|KCat|Sloan|Simbad|285.72058|+47.90664
286.1041667|+47.9230000|10653141|19042500+4755228|4395.0|-0.095| 0.171|  9.658| 1.464|RGB     | 1.0407| 1.272| 0.044|21.550| 0.017| 1.876| 0.007| 1.79e-04| 0.008| 3.655| 0.101|                |  0|KCat|Sloan|Simbad|286.10417|+47.92300
286.1348333|+47.9328056|10653194|19043236+4755581|4771.0|-0.101| 0.125| 31.652| 3.843|RC      | 1.0101| 1.204| 0.078|11.342| 0.024| 2.409| 0.010| 1.16e-03| 0.008| 3.574| 0.103|                |  0|KCat|Sloan|Simbad|286.13483|+47.93281
286.1399167|+47.9001667|10653200|19043358+4754006|4804.1| 0.056| 0.021| 39.771| 4.374|RC      | 0.9917| 1.548| 0.075|11.454| 0.022| 2.510| 0.010| 1.45e-03| 0.008| 3.326| 0.134|                |  1|KCat|Sloan|Simbad|286.13992|+47.90017
286.2384167|+47.9256667|10653383|19045722+4755324|4850.6|-0.028| 0.002| 40.222| 4.419|RC      | 1.0025| 1.493| 0.074|11.159| 0.022| 2.517| 0.010| 1.52e-03| 0.008| 3.347| 0.127|                |  1|KCat|Sloan|Simbad|286.23842|+47.92567
287.7765833|+47.9518056|10656124|19110638+4757065|4292.3|-0.058| 0.052| 10.365| 1.573|RGB     | 1.0442| 1.124| 0.044|19.668| 0.017| 1.901| 0.007| 2.08e-04| 0.008| 3.838| 0.089|                |  1|KCat|Sloan|Simbad|287.77658|+47.95181
287.8156667|+47.9633056|10656197|19111576+4757479|3997.6|-0.005| 0.017|  2.571| 0.558|RGB     | 1.0327| 1.018| 0.044|38.257| 0.017| 1.280| 0.007| 2.56e-05| 0.008| 3.980| 0.229|                |  0|KCat|Sloan|Simbad|287.81567|+47.96331
288.1320000|+47.9955278|10656842|19123168+4759439|4724.7| 0.223| 0.034|123.028|10.490|RGB     | 1.0261| 1.178| 0.034| 5.705| 0.012| 2.997| 0.007| 8.95e-03| 0.007| 3.848| 0.142|                |  0|KCat|Sloan|Simbad|288.13200|+47.99553
288.4805000|+47.9654722|10657633|19135532+4757557|4803.7|-0.386| 0.078| 45.000| 5.074|RGB     | 1.0379| 1.031| 0.041| 8.790| 0.015| 2.563| 0.007| 2.14e-03| 0.007| 3.873| 0.148|                |  1|KCat|Sloan|Simbad|288.48050|+47.96547
288.6215833|+47.9709444|10657932|19142918+4758154|4910.0|-0.209| 0.034| 32.737| 4.097|RC      | 0.9951| 1.143| 0.078|10.789| 0.023| 2.430| 0.010| 1.28e-03| 0.008| 3.609| 0.240|                |  0|KCat|Sloan|Simbad|288.62158|+47.97094
288.7965833|+47.9666944|10658326|19151118+4758001|4986.0|-0.359| 0.064| 88.943| 8.124|RGB     | 1.0246| 1.349| 0.037| 7.085| 0.013| 2.867| 0.007| 5.35e-03| 0.007| 3.471| 0.121|                |  1|KCat|Sloan|Simbad|288.79658|+47.96669
288.9349167|+47.9115278|10658641|19154438+4754415|4666.8|-0.275| 0.224| 87.814| 8.448|RGB     | 1.0310| 0.981| 0.037| 6.181| 0.013| 2.847| 0.007| 5.86e-03| 0.007| 3.982| 0.000|                |  0|KCat|Sloan|Simbad|288.93492|+47.91153
288.9684583|+47.9315833|10658726|19155243+4755537|4936.3|-0.114| 0.021|100.723| 8.827|RGB     | 1.0244| 1.386| 0.036| 6.765| 0.013| 2.919| 0.007| 6.31e-03| 0.007| 3.491| 0.171|                |  1|KCat|Sloan|Simbad|288.96846|+47.93158
289.1338750|+47.9698056|10659100|19163213+4758113|4634.6| 0.126|-0.018| 26.976| 3.217|RC      | 1.0069| 1.471| 0.081|13.683| 0.025| 2.333| 0.010| 8.10e-04| 0.008| 3.398| 0.083|                |  1|KCat|Sloan|Simbad|289.13387|+47.96981
289.4425000|+47.9413056|10659842|19174620+4756287|4858.2|-0.207|-0.010| 74.521| 6.983|RGB     | 1.0276| 1.382| 0.038| 7.884| 0.014| 2.785| 0.007| 3.98e-03| 0.007| 3.467| 0.031|                |  1|KCat|Sloan|Simbad|289.44250|+47.94131
290.6319583|+47.9832222|10662595|19223167+4758596|5025.6|-0.345| 0.069|159.461|12.845|RGB     | 1.0184| 1.290| 0.031| 5.163| 0.011| 3.123| 0.007| 1.32e-02| 0.007| 3.530| 0.071|                |  0|KCat|Sloan|Simbad|290.63196|+47.98322
290.6411667|+47.9555278|10662618|19223388+4757199|4731.9|-0.014| 0.031| 31.756| 3.963|RC      | 0.9972| 1.117| 0.078|10.931| 0.023| 2.409| 0.010| 1.21e-03| 0.008| 3.677| 0.165|                |  1|KCat|Sloan|Simbad|290.64117|+47.95553
291.1449583|+47.9851111|10663785|19243479+4759064|4686.9| 0.252|-0.007| 82.693| 7.583|RGB     | 1.0310| 1.270| 0.038| 7.240| 0.014| 2.822| 0.007| 4.72e-03| 0.007| 3.741| 0.244|                |  0|KCat|Sloan|Simbad|291.14496|+47.98511
291.4375000|+47.9140000|10664514|19254500+4754504|4936.0|-0.351| 0.057| 31.049| 4.110|RC      | 0.9929| 0.979| 0.079|10.240| 0.024| 2.408| 0.010| 1.29e-03| 0.008| 3.751| 0.200|                |  0|KCat|Sloan|Simbad|291.43750|+47.91400
292.3858750|+47.9326389|10666932|19293261+4755575|4711.2| 0.188|-0.017| 36.624| 4.023|RC      | 1.0109| 1.519| 0.076|11.882| 0.022| 2.470| 0.010| 1.28e-03| 0.008| 3.376| 0.201|                |  1|KCat|Sloan|Simbad|292.38587|+47.93264
292.5338750|+47.9305556|10667309|19300813+4755500|4607.7|-0.112| 0.174| 22.027| 3.022|RC(S)   | 1.0139| 0.991| 0.083|12.445| 0.026| 2.244| 0.010| 7.25e-04| 0.008| 3.780| 0.194|                |  0|KCat|Sloan|Simbad|292.53387|+47.93056
292.7723750|+47.9890556|10667886|19310537+4759206|4654.6| 0.245| 0.013| 35.133| 4.037|RC(S)   | 1.0028| 1.340| 0.077|11.431| 0.023| 2.449| 0.010| 1.26e-03| 0.008| 3.539| 0.188|                |  1|KCat|Sloan|Simbad|292.77237|+47.98906
292.8051667|+47.9821944|10667966|19311324+4758559|4900.0|-0.399| 0.089| 31.140| 4.037|RC      | 0.9965| 1.033| 0.079|10.526| 0.024| 2.408| 0.010| 1.25e-03| 0.008| 3.681| 0.168|                |  1|KCat|Sloan|Simbad|292.80517|+47.98219
292.8370833|+47.9854722|10668065|19312090+4759077|4927.8|-0.185| 0.037|139.266|11.725|RGB     | 1.0214| 1.188| 0.033| 5.328| 0.011| 3.060| 0.007| 1.11e-02| 0.007| 3.718| 0.168|                |  0|KCat|Sloan|Simbad|292.83708|+47.98547
293.0046667|+47.9279444|10668443|19320112+4755406|4860.5|-0.034| 0.025|125.300|10.833|RGB     | 1.0243| 1.150| 0.034| 5.546| 0.012| 3.011| 0.007| 9.51e-03| 0.007| 3.801| 0.240|                |  0|KCat|Sloan|Simbad|293.00467|+47.92794
293.2806667|+47.9435556|10669123|19330736+4756368|4873.6|-0.108| 0.039| 35.432| 4.265|RC      | 0.9981| 1.205| 0.077|10.671| 0.023| 2.463| 0.010| 1.40e-03| 0.008| 3.573| 0.199|                |  1|KCat|Sloan|Simbad|293.28067|+47.94356
293.3237500|+47.9433056|10669234|19331770+4756359|4579.2| 0.040| 0.098| 66.121| 6.652|RGB     | 1.0365| 1.036| 0.039| 7.357| 0.014| 2.720| 0.007| 3.67e-03| 0.007| 4.000| 0.130|                |  0|KCat|Sloan|Simbad|293.32375|+47.94331
293.4737917|+47.9667222|10669590|19335371+4758002|4704.3|-0.245| 0.132| 96.240| 9.058|RGB     | 1.0295| 0.994| 0.036| 5.933| 0.013| 2.889| 0.007| 6.71e-03| 0.007| 3.961| 0.051|                |  0|KCat|Sloan|Simbad|293.47379|+47.96672
293.5730833|+47.9346667|10669876|19341754+4756048|4342.6|-0.002| 0.109| 19.103| 2.558|RGB     | 1.0461| 1.018| 0.043|13.746| 0.016| 2.169| 0.007| 5.53e-04| 0.008| 4.027| 0.127|                |  1|KCat|Sloan|Simbad|293.57308|+47.93467
293.8077917|+47.9137500|10670445|19351387+4754495|4600.2|-0.079| 0.024| 29.978| 3.575|RGB     | 1.0400| 1.150| 0.042|11.496| 0.016| 2.378| 0.007| 1.07e-03| 0.008| 3.805| 0.152|                |  1|KCat|Sloan|Simbad|293.80779|+47.91375
295.5307083|+47.9186667|10675052|19420737+4755072|4901.3| 0.207|-0.022|138.510|10.850|RGB     | 1.0206| 1.586| 0.033| 6.181| 0.011| 3.056| 0.007| 9.47e-03| 0.007| 3.380| 0.213|                |  0|KCat|Sloan|Simbad|295.53071|+47.91867
295.5928750|+47.9235556|10675230|19422229+4755248|4862.8|-0.080| 0.051| 36.532| 4.172|RC      | 0.9962| 1.449| 0.076|11.529| 0.022| 2.476| 0.010| 1.33e-03| 0.008| 3.376| 0.274|                |  0|KCat|Sloan|Simbad|295.59287|+47.92356
296.4248333|+47.9151944|10677809|19454196+4754547|5212.0|-0.132| 0.028| 77.834| 6.738|RC      | 0.9989| 2.260| 0.057| 9.695| 0.013| 2.819| 0.008| 3.50e-03| 0.008| 2.940| 0.312|                |  0|KCat|Sloan|Simbad|296.42483|+47.91519
296.4922917|+47.9979722|10678016|19455815+4759527|4556.1|-0.427| 0.219| 29.306| 3.694|RGB     | 1.0430| 0.918| 0.042|10.414| 0.016| 2.366| 0.007| 1.15e-03| 0.008| 4.046| 0.114|                |  1|KCat|Sloan|Simbad|296.49229|+47.99797
296.6312500|+47.9129167|10678491|19463150+4754465|4672.6|-0.208| 0.034| 23.352| 2.839|RGB     | 1.0353| 1.425| 0.043|14.441| 0.016| 2.272| 0.007| 6.67e-04| 0.008| 3.429| 0.320|                |  0|KCat|Sloan|Simbad|296.63125|+47.91292
296.6622500|+47.9610556|10678590|19463894+4757398|4608.6| 0.008| 0.109| 54.081| 5.660|RGB     | 1.0370| 1.090| 0.040| 8.331| 0.015| 2.634| 0.007| 2.66e-03| 0.007| 3.921| 0.187|                |  0|KCat|Sloan|Simbad|296.66225|+47.96106
296.7145417|+47.9377778|10678779|19465149+4756160|4841.1|-0.018| 0.007| 33.733| 4.176|RC      | 1.0035| 1.096| 0.077|10.446| 0.023| 2.440| 0.010| 1.36e-03| 0.008| 3.692| 0.346|                |  0|KCat|Sloan|Simbad|296.71454|+47.93778
296.8039167|+47.9711944|10679090|19471294+4758163|4845.5|-0.101| 0.067| 29.281| 3.806|RC      | 0.9917| 1.091| 0.080|11.185| 0.024| 2.379| 0.010| 1.10e-03| 0.008| 3.680| 0.278|                |  0|KCat|Sloan|Simbad|296.80392|+47.97119
296.8450417|+47.9724722|10679246|19472281+4758209|4081.5| 0.231|-0.008|  6.283| 1.082|RGB     | 1.0478| 1.023| 0.044|24.398| 0.017| 1.673| 0.007| 9.92e-05| 0.008| 4.065| 0.238|                |  0|KCat|Sloan|Simbad|296.84504|+47.97247
296.9208750|+47.9768056|10679466|19474101+4758365|4686.2|-0.268| 0.078| 33.598| 4.051|RGB     | 1.0402| 1.008| 0.042|10.122| 0.016| 2.431| 0.007| 1.37e-03| 0.007| 3.941| 0.278|                |  0|KCat|Sloan|Simbad|296.92087|+47.97681
297.9379167|+47.9885556|10683016|19514510+4759188|4852.6|-0.065| 0.034| 32.335| 4.154|RC      | 1.0003| 1.003| 0.078|10.199| 0.023| 2.422| 0.010| 1.33e-03| 0.008| 3.783| 0.336|                |  0|KCat|Sloan|Simbad|297.93792|+47.98856
298.0361250|+47.9472500|10683330|19520867+4756501|4918.1|-0.072| 0.031| 37.188| 4.260|RC      | 0.9987| 1.415| 0.076|11.260| 0.022| 2.486| 0.010| 1.40e-03| 0.008| 3.413| 0.374|                |  0|KCat|Sloan|Simbad|298.03612|+47.94725
298.1340417|+47.9795278|10683647|19523217+4758463|4586.4| 0.366| 0.026| 35.774| 4.147|RC      | 1.0043| 1.235| 0.077|10.914| 0.023| 2.454| 0.010| 1.34e-03| 0.008| 3.643| 0.165|                |  1|KCat|Sloan|Simbad|298.13404|+47.97953
298.4022500|+47.9156389|10684584|19533654+4754563|4885.9|-0.354| 0.066| 29.385| 3.930|RC      | 0.9830| 1.017| 0.080|10.757| 0.024| 2.382| 0.010| 1.15e-03| 0.008| 3.711| 0.380|                |  0|KCat|Sloan|Simbad|298.40225|+47.91564
298.4766250|+47.9484167|10684837|19535439+4756543|5144.1|-0.206| 0.033| 85.565| 7.056|RC      | 0.9894| 2.544| 0.054| 9.842| 0.012| 2.857| 0.008| 3.76e-03| 0.008| 2.706| 0.228|                |  1|KCat|Sloan|Simbad|298.47662|+47.94842
298.5289583|+47.9561111|10685015|19540695+4757220|4585.6| 0.249| 0.008| 57.682| 5.769|RGB     | 1.0353| 1.225| 0.040| 8.560| 0.015| 2.661| 0.007| 2.75e-03| 0.007| 3.797| 0.392|                |  0|KCat|Sloan|Simbad|298.52896|+47.95611
298.6036250|+47.9967222|10685283|19542487+4759482|4799.2| 0.170|-0.012| 42.266| 4.576|RC      | 0.9995| 1.500| 0.073|10.942| 0.021| 2.536| 0.010| 1.61e-03| 0.008| 3.377| 0.414|                |  0|KCat|Sloan|Simbad|298.60362|+47.99672
281.3706667|+48.0685000|10709704|18452896+4804066|5012.2|-0.363| 0.057| 33.681| 4.142|RC      | 0.9857| 1.276| 0.078|11.183| 0.023| 2.447| 0.010| 1.29e-03| 0.008| 3.461| 0.131|                |  0|KCat|Sloan|Simbad|281.37067|+48.06850
281.4285417|+48.0125556|10709799|18454285+4800452|4520.7| 0.009| 0.088| 36.684| 4.185|RGB     | 1.0399| 1.094| 0.041|10.180| 0.015| 2.461| 0.007| 1.46e-03| 0.007| 3.916| 0.052|                |  0|KCat|Sloan|Simbad|281.42854|+48.01256
282.1630417|+48.0766667|10711145|18483913+4804360|4884.4|-0.245| 0.024| 33.176| 4.062|RC      | 0.9988| 1.202| 0.078|11.008| 0.023| 2.435| 0.010| 1.27e-03| 0.008| 3.549| 0.230|                |  0|KCat|Sloan|Simbad|282.16304|+48.07667
282.1705000|+48.0476111|10711154|18484092+4802514|4757.4|-0.103| 0.029| 45.679| 4.677|RGB     | 1.0322| 1.505| 0.041|10.565| 0.015| 2.568| 0.007| 1.80e-03| 0.007| 3.375| 0.241|                |  0|KCat|Sloan|Simbad|282.17050|+48.04761
285.3965000|+48.0645556|10717091|19013516+4803524|3927.4| 0.231|-0.026|  2.650| 0.517|RGB     | 1.0257| 1.511| 0.044|46.102| 0.017| 1.290| 0.007| 2.17e-05| 0.008| 3.467| 0.239|                |  0|KCat|Sloan|Simbad|285.39650|+48.06456
285.6865000|+48.0090000|10717638|19024476+4800324|4470.1| 0.138| 0.092| 39.692| 4.409|RGB(S)  | 1.0398| 1.106| 0.041| 9.869| 0.015| 2.493| 0.007| 1.62e-03| 0.007| 3.930| 0.147|                |  0|KCat|Sloan|Simbad|285.68650|+48.00900
286.1372500|+48.0520000|10718491|19043294+4803072|4703.7| 0.056| 0.016| 48.642| 5.008|RGB     | 1.0342| 1.349| 0.040| 9.720| 0.015| 2.593| 0.007| 2.07e-03| 0.007| 3.601| 0.194|                |  1|KCat|Sloan|Simbad|286.13725|+48.05200
286.3203333|+48.0997778|10718832|19051688+4805592|4602.7| 0.045|-0.015| 19.551| 2.548|RGB     | 1.0418| 1.229| 0.043|14.714| 0.016| 2.192| 0.007| 5.44e-04| 0.008| 3.738| 0.130|                |  0|KCat|Sloan|Simbad|286.32033|+48.09978
286.3640417|+48.0810556|10718902|19052737+4804518|4808.4|-0.191| 0.132| 29.942| 3.974|RC      | 0.9970| 0.950| 0.079|10.339| 0.024| 2.387| 0.010| 1.21e-03| 0.008| 3.822| 0.099|                |  1|KCat|Sloan|Simbad|286.36404|+48.08106
287.9631667|+48.0731111|10721900|19115116+4804232|4709.9| 0.264| 0.006| 36.254| 4.058|RC      | 1.0022| 1.472| 0.076|11.756| 0.022| 2.465| 0.010| 1.28e-03| 0.008| 3.430| 0.132|                |  1|KCat|Sloan|Simbad|287.96317|+48.07311
288.0463333|+48.0442500|10722067|19121112+4802393|4762.1|-0.169| 0.064| 51.871| 5.547|RGB     | 1.0367| 1.096| 0.040| 8.460| 0.015| 2.623| 0.007| 2.55e-03| 0.007| 3.845| 0.165|                |  0|KCat|Sloan|Simbad|288.04633|+48.04425
288.0972083|+48.0622778|10722175|19122333+4803442|4736.1| 0.232|-0.028|112.221| 9.470|RGB     | 1.0257| 1.353| 0.035| 6.398| 0.012| 2.957| 0.007| 7.28e-03| 0.007| 3.635| 0.079|                |  1|KCat|Sloan|Simbad|288.09721|+48.06228
288.4428750|+48.0616667|10722954|19134629+4803420|4649.2|-0.237| 0.162| 56.035| 5.989|RGB     | 1.0381| 0.976| 0.040| 7.725| 0.015| 2.652| 0.007| 2.98e-03| 0.007| 4.004| 0.029|                |  0|KCat|Sloan|Simbad|288.44287|+48.06167
288.6308333|+48.0189444|10723388|19143140+4801082|4730.1|-0.043| 0.074| 30.683| 4.017|RC      | 1.0017| 0.937| 0.079|10.186| 0.024| 2.394| 0.010| 1.25e-03| 0.008| 3.854| 0.094|                |  1|KCat|Sloan|Simbad|288.63083|+48.01894
288.9161667|+48.0344722|10724027|19153988+4802041|4825.4|-0.115| 0.045| 31.495| 4.006|RC      | 0.9971| 1.076| 0.079|10.720| 0.024| 2.409| 0.010| 1.23e-03| 0.008| 3.694| 0.132|                |  1|KCat|Sloan|Simbad|288.91617|+48.03447
288.9206250|+48.0852778|10724041|19154095+4805070|4619.1| 0.306|-0.012| 32.776| 4.052|RC      | 1.0036| 1.057| 0.078|10.531| 0.023| 2.417| 0.010| 1.28e-03| 0.008| 3.801| 0.163|                |  1|KCat|Sloan|Simbad|288.92062|+48.08528
288.9980000|+48.0904444|10724193|19155952+4805256|4887.1| 0.136| 0.102| 71.627| 6.119|RC      | 1.0024| 2.319| 0.060|10.404| 0.015| 2.769| 0.008| 2.91e-03| 0.008| 2.956| 0.083|                |  0|KCat|Sloan|Simbad|288.99800|+48.09044
289.1890000|+48.0539167|10724620|19164536+4803141|5088.9|-0.171| 0.050| 41.786| 4.136|RC      | 1.0107| 2.268| 0.074|13.334| 0.021| 2.544| 0.010| 1.35e-03| 0.008| 2.876| 0.171|                |  0|KCat|Sloan|Simbad|289.18900|+48.05392
289.2357917|+48.0543056|10724735|19165659+4803155|4724.2| 0.192| 0.006| 47.780| 5.418|RC      | 0.9998| 1.076| 0.071| 8.748| 0.020| 2.586| 0.009| 2.27e-03| 0.008| 3.749| 0.161|                |  0|KCat|Sloan|Simbad|289.23579|+48.05431
290.2636250|+48.0711111|10727178|19210327+4804160|4891.3| 0.007| 0.041|131.606|10.884|RGB     | 1.0222| 1.331| 0.033| 5.813| 0.012| 3.033| 0.007| 9.56e-03| 0.007| 3.598| 0.114|                |  0|KCat|Sloan|Simbad|290.26362|+48.07111
290.3600833|+48.0490000|10727457|19212642+4802564|4807.4| 0.057| 0.007| 85.372| 7.635|RGB     | 1.0274| 1.432| 0.037| 7.520| 0.013| 2.842| 0.007| 4.75e-03| 0.007| 3.505| 0.137|                |  0|KCat|Sloan|Simbad|290.36008|+48.04900
290.4931667|+48.0163333|10727789|19215836+4800588|5000.8|-0.135| 0.023|164.349|12.817|RGB     | 1.0182| 1.415| 0.031| 5.334| 0.011| 3.135| 0.007| 1.32e-02| 0.007| 3.453| 0.090|                |  1|KCat|Sloan|Simbad|290.49317|+48.01633
290.6457500|+48.0928611|10728179|19223498+4805343|4900.0|-0.123| 0.011| 37.051| 4.336|RC      | 0.9945| 1.320| 0.076|10.904| 0.022| 2.483| 0.010| 1.44e-03| 0.008| 3.470| 0.147|                |  1|KCat|Sloan|Simbad|290.64575|+48.09286
291.4659167|+48.0477778|10730228|19255182+4802520|4662.8| 0.209| 0.016| 70.242| 6.657|RGB     | 1.0325| 1.293| 0.039| 7.936| 0.014| 2.750| 0.007| 3.65e-03| 0.007| 3.704| 0.241|                |  0|KCat|Sloan|Simbad|291.46592|+48.04778
292.1781667|+48.0112778|10732050|19284276+4800406|4695.5| 0.190| 0.008| 81.594| 7.499|RGB     | 1.0308| 1.280| 0.038| 7.313| 0.014| 2.817| 0.007| 4.61e-03| 0.007| 3.714| 0.220|                |  0|KCat|Sloan|Simbad|292.17817|+48.01128
292.3774167|+48.0873056|10732526|19293058+4805143|4626.1| 0.233| 0.013| 64.178| 6.195|RGB     | 1.0337| 1.293| 0.039| 8.321| 0.014| 2.709| 0.007| 3.17e-03| 0.007| 3.710| 0.201|                |  0|KCat|Sloan|Simbad|292.37742|+48.08731
292.5686250|+48.0956111|10733042|19301647+4805442|4928.1|-0.565| 0.188| 30.471| 4.214|RC      | 0.9803| 0.878| 0.079| 9.796| 0.024| 2.400| 0.010| 1.32e-03| 0.008| 3.836| 0.142|                |  0|KCat|Sloan|Simbad|292.56862|+48.09561
292.9305833|+48.0971389|10733897|19314334+4805497|4488.1| 0.149| 0.084| 46.677| 5.009|RGB     | 1.0383| 1.092| 0.041| 9.035| 0.015| 2.565| 0.007| 2.09e-03| 0.007| 3.950| 0.110|                |  1|KCat|Sloan|Simbad|292.93058|+48.09714
293.0419167|+48.0501667|10734179|19321006+4803006|4793.2|-0.049| 0.008| 33.978| 4.109|RC      | 0.9990| 1.199| 0.077|10.911| 0.023| 2.441| 0.010| 1.30e-03| 0.008| 3.605| 0.243|                |  0|KCat|Sloan|Simbad|293.04192|+48.05017
293.0656667|+48.0657500|10734241|19321576+4803567|4699.8|-0.011| 0.116| 33.995| 4.123|RC      | 1.0006| 1.142| 0.077|10.701| 0.023| 2.437| 0.010| 1.31e-03| 0.008| 3.655| 0.198|                |  1|KCat|Sloan|Simbad|293.06567|+48.06575
293.3812917|+48.0489722|10735027|19333151+4802563|4689.7| 0.190| 0.017| 34.986| 4.114|RC      | 1.0021| 1.245| 0.077|11.018| 0.023| 2.449| 0.010| 1.31e-03| 0.008| 3.611| 0.202|                |  0|KCat|Sloan|Simbad|293.38129|+48.04897
293.4023333|+48.0541944|10735077|19333656+4803151|4654.8| 0.051| 0.068| 28.947| 3.740|RC      | 1.0020| 1.022| 0.080|10.994| 0.024| 2.365| 0.010| 1.08e-03| 0.008| 3.788| 0.197|                |  1|KCat|Sloan|Simbad|293.40233|+48.05419
293.5573333|+48.0417222|10735519|19341376+4802302|4828.6| 0.250| 0.015| 26.647| 2.774|RC(S)   | 1.0055| 2.742| 0.081|18.602| 0.025| 2.337| 0.010| 6.01e-04| 0.008| 2.768| 0.347|SeisUnc         |  0|KCat|Sloan|Simbad|293.55733|+48.04172
293.7190417|+48.0744444|10735926|19345257+4804280|4921.4|-0.171| 0.035| 35.753| 4.257|RC      | 0.9946| 1.283| 0.077|10.934| 0.023| 2.469| 0.010| 1.38e-03| 0.008| 3.502| 0.172|                |  1|KCat|Sloan|Simbad|293.71904|+48.07444
293.9144583|+48.0835556|10736390|19353947+4805008|5049.2| 0.148|-0.025| 69.747| 5.801|RC(S)   | 0.9873| 2.957| 0.061|11.808| 0.015| 2.765| 0.008| 2.53e-03| 0.008| 2.627| 0.127|                |  1|KCat|Sloan|Simbad|293.91446|+48.08356
295.9010417|+48.0065278|10742112|19433625+4800235|4579.6| 0.425| 0.033| 58.471| 5.709|RGB     | 1.0348| 1.330| 0.040| 8.862| 0.015| 2.667| 0.007| 2.70e-03| 0.007| 3.706| 0.383|                |  0|KCat|Sloan|Simbad|295.90104|+48.00653
296.1227500|+48.0115278|10742794|19442946+4800415|4717.9|-0.119| 0.086| 29.152| 3.877|RC      | 0.9894| 0.969| 0.080|10.636| 0.024| 2.371| 0.010| 1.14e-03| 0.008| 3.799| 0.166|                |  1|KCat|Sloan|Simbad|296.12275|+48.01153
296.2193750|+48.0871111|10743092|19445265+4805136|4579.6|-0.378| 0.081| 18.514| 2.543|RGB     | 1.0432| 1.038| 0.043|13.916| 0.016| 2.167| 0.007| 5.43e-04| 0.008| 3.860| 0.160|                |  1|KCat|Sloan|Simbad|296.21937|+48.08711
296.2520000|+48.0806944|10743195|19450048+4804505|4775.3|-0.043| 0.042| 51.967| 5.308|RGB     | 1.0337| 1.336| 0.040| 9.322| 0.015| 2.625| 0.007| 2.32e-03| 0.007| 3.582| 0.304|                |  0|KCat|Sloan|Simbad|296.25200|+48.08069
296.2945000|+48.0161111|10743331|19451068+4800580|4879.3| 0.114| 0.004|142.033|11.473|RGB     | 1.0215| 1.353| 0.033| 5.646| 0.011| 3.066| 0.007| 1.06e-02| 0.007| 3.601| 0.169|                |  0|KCat|Sloan|Simbad|296.29450|+48.01611
296.3600000|+48.0385833|10743515|19452640+4802189|4652.5| 0.193|-0.007| 45.561| 4.551|RGB     | 1.0323| 1.610| 0.041|11.003| 0.015| 2.562| 0.007| 1.70e-03| 0.007| 3.370| 0.197|                |  1|KCat|Sloan|Simbad|296.36000|+48.03858
296.4131667|+48.0719167|10743686|19453916+4804189|4567.5|-0.248| 0.061| 18.234| 2.395|RGB     | 1.0386| 1.278| 0.043|15.565| 0.016| 2.160| 0.007| 4.78e-04| 0.008| 3.584| 0.303|                |  0|KCat|Sloan|Simbad|296.41317|+48.07192
296.4732917|+48.0795000|10743887|19455359+4804462|4615.9| 0.343| 0.023| 31.595| 3.672|RC      | 0.9943| 1.455| 0.078|12.586| 0.024| 2.401| 0.010| 1.03e-03| 0.008| 3.449| 0.368|                |  0|KCat|Sloan|Simbad|296.47329|+48.07950
296.7046250|+48.0608889|10744641|19464911+4803392|4696.9|-0.001|-0.002| 39.388| 4.117|RGB     | 1.0324| 1.576| 0.041|11.679| 0.015| 2.501| 0.007| 1.40e-03| 0.007| 3.337| 0.242|                |  0|KCat|Sloan|Simbad|296.70462|+48.06089
296.9472917|+48.0150000|10745554|19474735+4800540|5119.3| 0.027|-0.018| 85.824| 7.048|RC      | 0.9891| 2.563| 0.054| 9.875| 0.012| 2.858| 0.008| 3.75e-03| 0.008| 2.801| 0.220|                |  0|KCat|Sloan|Simbad|296.94729|+48.01500
296.9646250|+48.0912778|10745616|19475151+4805286|4476.5|-0.105| 0.113| 29.256| 3.597|RGB     | 1.0433| 0.989| 0.042|10.865| 0.016| 2.361| 0.007| 1.09e-03| 0.008| 4.039| 0.075|                |  0|KCat|Sloan|Simbad|296.96462|+48.09128
297.5748333|+48.0498889|10747862|19501796+4802596|4536.5|-0.307| 0.199| 30.476| 3.773|RGB     | 1.0431| 0.942| 0.042|10.357| 0.016| 2.382| 0.007| 1.20e-03| 0.008| 4.045| 0.139|                |  1|KCat|Sloan|Simbad|297.57483|+48.04989
297.8449583|+48.0832778|10748902|19512279+4804598|4377.4|-0.101| 0.159| 18.676| 2.513|RGB     | 1.0452| 1.036| 0.043|13.995| 0.016| 2.161| 0.007| 5.33e-04| 0.008| 3.967| 0.210|                |  0|KCat|Sloan|Simbad|297.84496|+48.08328
297.9255000|+48.0303611|10749235|19514212+4801493|4754.0| 0.194|-0.017| 40.344| 4.408|RC      | 0.9994| 1.494| 0.074|11.205| 0.021| 2.514| 0.010| 1.50e-03| 0.008| 3.395| 0.349|                |  0|KCat|Sloan|Simbad|297.92550|+48.03036
298.1174167|+48.0806111|10749954|19522818+4804502|4939.3|-0.203| 0.059| 33.246| 4.170|RC      | 0.9932| 1.133| 0.078|10.645| 0.023| 2.438| 0.010| 1.32e-03| 0.008| 3.620| 0.378|                |  0|KCat|Sloan|Simbad|298.11742|+48.08061
298.3082500|+48.0278333|10750658|19531398+4801402|4699.0| 0.236| 0.013| 33.350| 4.069|RC      | 1.0034| 1.124| 0.078|10.717| 0.023| 2.428| 0.010| 1.29e-03| 0.008| 3.727| 0.376|                |  0|KCat|Sloan|Simbad|298.30825|+48.02783
298.3279167|+48.0482222|10750730|19531870+4802536|4571.0| 0.401| 0.027| 32.887| 3.821|RC      | 1.0045| 1.325| 0.078|11.799| 0.023| 2.416| 0.010| 1.14e-03| 0.008| 3.576| 0.347|                |  0|KCat|Sloan|Simbad|298.32792|+48.04822
298.4477083|+48.0161111|10751237|19534745+4800580|4918.5|-0.449| 0.058| 98.635| 9.089|RGB     | 1.0250| 1.149| 0.036| 6.229| 0.013| 2.909| 0.007| 6.70e-03| 0.007| 3.679| 0.224|                |  0|KCat|Sloan|Simbad|298.44771|+48.01611
298.7112500|+48.0075000|10752337|19545070+4800270|5119.9|-0.060| 0.025| 64.398| 5.853|RC      | 1.0116| 2.081| 0.063|10.273| 0.016| 2.733| 0.009| 2.71e-03| 0.008| 3.037| 0.466|                |  0|KCat|Sloan|Simbad|298.71125|+48.00750
298.8565417|+48.0931667|10752913|19552557+4805354|4811.6|-0.169| 0.185|231.102|17.953|RGB     | 1.0159| 0.973| 0.028| 3.767| 0.009| 3.274| 0.007| 2.57e-02| 0.006| 4.023| 0.000|                |  0|KCat|Sloan|Simbad|298.85654|+48.09317
298.8569167|+48.0997222|10752915|19552566+4805590|4700.1|-0.298| 0.079| 42.852| 4.794|RGB     | 1.0374| 1.084| 0.041| 9.284| 0.015| 2.537| 0.007| 1.91e-03| 0.007| 3.831| 0.239|                |  0|KCat|Sloan|Simbad|298.85692|+48.09972
299.1080833|+48.0731667|10753840|19562594+4804234|4645.5|-0.322| 0.190| 45.925| 5.206|RGB     | 1.0398| 0.934| 0.041| 8.349| 0.015| 2.565| 0.007| 2.26e-03| 0.007| 4.061| 0.500|                |  0|KCat|Sloan|Simbad|299.10808|+48.07317
299.1461667|+48.0167778|10753962|19563508+4801004|5040.1| 0.045|-0.011|100.674| 8.090|RC      | 0.9921| 2.300| 0.047| 8.671| 0.009| 2.924| 0.007| 4.97e-03| 0.008| 2.945| 0.542|                |  1|KCat|Sloan|Simbad|299.14617|+48.01678
299.1897083|+48.0468333|10754090|19564553+4802486|4624.9| 0.006| 0.131| 58.905| 6.040|RGB     | 1.0365| 1.094| 0.040| 7.988| 0.015| 2.672| 0.007| 3.03e-03| 0.007| 3.917| 0.619|                |  0|KCat|Sloan|Simbad|299.18971|+48.04683
282.3751667|+48.1460556|10777816|18493004+4808458|5048.5|-0.089| 0.024|212.701|15.937|RGB     | 1.0170| 1.308| 0.028| 4.497| 0.009| 3.249| 0.007| 2.03e-02| 0.006| 3.594| 0.133|                |  0|KCat|Sloan|Simbad|282.37517|+48.14606
282.9766250|+48.1591667|10778969|18515439+4809330|4849.3|-0.124| 0.039| 37.097| 4.281|RC      | 0.9936| 1.376| 0.076|11.158| 0.022| 2.482| 0.010| 1.40e-03| 0.008| 3.418| 0.168|                |  0|KCat|Sloan|Simbad|282.97662|+48.15917
283.0848750|+48.1961111|10779177|18522037+4811460|5059.0|-0.185| 0.048|233.776|17.218|RGB     | 1.0170| 1.278| 0.028| 4.239| 0.009| 3.290| 0.007| 2.37e-02| 0.006| 3.603| 0.093|                |  0|KCat|Sloan|Simbad|283.08487|+48.19611
283.2907500|+48.1858333|10779537|18530978+4811090|4821.6| 0.338| 0.015|211.282|15.476|RGB     | 1.0180| 1.340| 0.028| 4.620| 0.009| 3.236| 0.007| 1.92e-02| 0.006| 3.671| 0.071|                |  0|KCat|Sloan|Simbad|283.29075|+48.18583
285.3610000|+48.1985000|10783198|19012664+4811546|4818.4|-0.413| 0.218| 27.188| 3.674|RC      | 0.9933| 0.991| 0.081|11.078| 0.025| 2.345| 0.010| 1.03e-03| 0.008| 3.717| 0.101|                |  0|KCat|Sloan|Simbad|285.36100|+48.19850
286.3632083|+48.1508333|10784996|19052717+4809030|4467.2| 0.019| 0.004| 22.688| 2.928|RGB     | 1.0448| 1.042| 0.043|12.669| 0.016| 2.250| 0.007| 7.23e-04| 0.008| 3.991| 0.102|                |  1|KCat|Sloan|Simbad|286.36321|+48.15083
286.5737083|+48.1986111|10785390|19061769+4811550|4665.6|-1.326| 0.286| 14.592| 2.233|RGB     | 1.0403| 0.889| 0.043|14.433| 0.016| 2.068| 0.007| 4.17e-04| 0.008| 3.918| 0.160|                |  0|KCat|Sloan|Simbad|286.57371|+48.19861
288.1983750|+48.1321389|10788540|19124761+4807557|4804.4|-0.020| 0.003| 30.315| 3.853|RC      | 0.9922| 1.136| 0.079|11.240| 0.024| 2.392| 0.010| 1.13e-03| 0.008| 3.662| 0.129|                |  0|KCat|Sloan|Simbad|288.19837|+48.13214
288.4816667|+48.1309722|10789202|19135560+4807515|4567.5| 0.338| 0.003| 44.088| 4.463|RGB     | 1.0337| 1.527| 0.041|10.944| 0.015| 2.544| 0.007| 1.64e-03| 0.007| 3.476| 0.031|                |  0|KCat|Sloan|Simbad|288.48167|+48.13097
288.9718333|+48.1400556|10790301|19155324+4808242|4574.4|-0.299| 0.208| 30.624| 3.808|RGB     | 1.0433| 0.932| 0.042|10.254| 0.016| 2.386| 0.007| 1.22e-03| 0.008| 4.061| 0.051|                |  1|KCat|Sloan|Simbad|288.97183|+48.14006
290.0623333|+48.1985000|10792801|19201496+4811546|4751.8|-0.109| 0.046| 44.358| 4.748|RGB     | 1.0348| 1.283| 0.041| 9.902| 0.015| 2.555| 0.007| 1.86e-03| 0.007| 3.613| 0.132|                |  0|KCat|Sloan|Simbad|290.06233|+48.19850
290.1177917|+48.1983056|10792949|19202827+4811539|4749.1| 0.346|-0.005| 44.518| 4.628|RC      | 1.0004| 1.643| 0.072|11.185| 0.021| 2.556| 0.009| 1.66e-03| 0.008| 3.309| 0.099|                |  1|KCat|Sloan|Simbad|290.11779|+48.19831
290.4112083|+48.1503889|10793771|19213869+4809014|4873.2| 0.139|-0.012| 78.086| 6.629|RGB     | 1.0163| 2.055| 0.038| 9.386| 0.014| 2.806| 0.007| 3.50e-03| 0.007| 3.007| 0.082|                |  1|KCat|Sloan|Simbad|290.41121|+48.15039
290.4492500|+48.1258889|10793872|19214782+4807332|4797.0|-0.180| 0.230|181.847|14.862|RGB     | 1.0194| 0.991| 0.030| 4.289| 0.010| 3.170| 0.007| 1.77e-02| 0.006| 3.998| 0.012|                |  1|KCat|Sloan|Simbad|290.44925|+48.12589
290.4610000|+48.1698333|10793890|19215064+4810114|5112.9| 0.040|-0.035|109.711| 8.416|RC(S)   | 0.9996| 2.520| 0.047| 8.665| 0.009| 2.964| 0.007| 5.46e-03| 0.008| 2.784| 0.069|                |  1|KCat|Sloan|Simbad|290.46100|+48.16983
290.8689167|+48.1062778|10794838|19232854+4806226|      |      |      | 34.134| 4.158|Bad Teff|       |      |      |      |      |      |      |         |      |      |      |No Seis         |  0|KCat|Sloan|Simbad|290.86892|+48.10628
291.4951250|+48.1562222|10796378|19255883+4809224|4719.1|-0.364| 0.092| 41.774| 4.734|RGB     | 1.0378| 1.061| 0.041| 9.293| 0.015| 2.527| 0.007| 1.86e-03| 0.007| 3.830| 0.124|                |  1|KCat|Sloan|Simbad|291.49512|+48.15622
291.6815417|+48.1220278|10796857|19264357+4807193|5071.6|-0.690| 0.212| 88.247| 7.811|RGB     | 1.0199| 1.611| 0.037| 7.739| 0.013| 2.868| 0.007| 4.90e-03| 0.007| 3.148| 0.153|                |  0|KCat|Sloan|Simbad|291.68154|+48.12203
292.4446250|+48.1847222|10798647|19294671+4811050|4731.6|-0.180| 0.106|104.186| 9.591|RGB     | 1.0281| 1.018| 0.036| 5.762| 0.013| 2.925| 0.007| 7.51e-03| 0.007| 3.959| 0.074|                |  0|KCat|Sloan|Simbad|292.44462|+48.18472
292.7997500|+48.1896667|10799530|19311194+4811228|4711.9| 0.140| 0.001| 37.315| 4.251|RC      | 1.0008| 1.341| 0.076|11.060| 0.022| 2.478| 0.010| 1.40e-03| 0.008| 3.515| 0.165|                |  1|KCat|Sloan|Simbad|292.79975|+48.18967
293.0940417|+48.1820833|10800303|19322257+4810555|4784.8|-0.023| 0.019|110.106| 9.914|RGB     | 1.0274| 1.073| 0.035| 5.738| 0.012| 2.951| 0.007| 8.01e-03| 0.007| 3.909| 0.120|                |  0|KCat|Sloan|Simbad|293.09404|+48.18208
293.4041667|+48.1283889|10801063|19333700+4807422|4848.5|-0.247| 0.198|199.234|15.971|RGB     | 1.0174| 1.001| 0.028| 4.107| 0.010| 3.212| 0.007| 2.04e-02| 0.006| 3.956| 0.010|                |  1|KCat|Sloan|Simbad|293.40417|+48.12839
294.0818333|+48.1105278|10802837|19361964+4806379|4882.0| 0.174|-0.027| 57.783| 5.510|RC      | 1.0005| 1.864| 0.066|10.386| 0.018| 2.675| 0.009| 2.35e-03| 0.008| 3.165| 0.132|                |  1|KCat|Sloan|Simbad|294.08183|+48.11053
296.0612500|+48.1550000|10808345|19441470+4809180|4726.2|-0.039| 0.138| 30.017| 3.875|RC      | 0.9856| 1.080| 0.079|11.058| 0.024| 2.384| 0.010| 1.13e-03| 0.008| 3.711| 0.283|                |  0|KCat|Sloan|Simbad|296.06125|+48.15500
296.1356250|+48.1698333|10808557|19443255+4810114|4593.1|-0.329| 0.237| 39.481| 4.617|RGB     | 1.0405| 0.941| 0.041| 9.063| 0.015| 2.497| 0.007| 1.78e-03| 0.007| 4.047| 0.158|                |  0|KCat|Sloan|Simbad|296.13562|+48.16983
296.3608333|+48.1946111|10809277|19452660+4811406|4686.0| 0.182| 0.010| 35.289| 4.003|RC      | 1.0020| 1.424| 0.077|11.737| 0.023| 2.452| 0.010| 1.24e-03| 0.008| 3.451| 0.169|                |  0|KCat|Sloan|Simbad|296.36083|+48.19461
296.4174167|+48.1687222|10809457|19454018+4810074|4784.0| 0.072| 0.034| 36.768| 4.309|RC      | 1.0013| 1.241| 0.076|10.680| 0.022| 2.475| 0.010| 1.44e-03| 0.008| 3.581| 0.196|                |  1|KCat|Sloan|Simbad|296.41742|+48.16872
296.6515417|+48.1762500|10810211|19463637+4810345|4737.4| 0.038| 0.030| 40.981| 4.419|RGB     | 1.0352| 1.340| 0.041|10.537| 0.015| 2.520| 0.007| 1.62e-03| 0.007| 3.605| 0.349|                |  0|KCat|Sloan|Simbad|296.65154|+48.17625
297.3769167|+48.1264444|10812837|19493046+4807352|4935.3|-0.062|-0.007| 57.306| 5.461|RC(S)   | 1.0021| 1.902| 0.066|10.508| 0.018| 2.674| 0.009| 2.31e-03| 0.008| 3.109| 0.101|                |  1|KCat|Sloan|Simbad|297.37692|+48.12644
297.4924167|+48.1095278|10813238|19495818+4806343|4722.2|-0.235| 0.065| 42.232| 4.708|RGB     | 1.0369| 1.125| 0.041| 9.518| 0.015| 2.532| 0.007| 1.84e-03| 0.007| 3.771| 0.280|                |  0|KCat|Sloan|Simbad|297.49242|+48.10953
297.6544583|+48.1763889|10813811|19503707+4810350|4636.2| 0.177|-0.020| 38.746| 3.922|RGB     | 1.0298| 1.805| 0.041|12.643| 0.015| 2.491| 0.007| 1.26e-03| 0.007| 3.182| 0.277|                |  0|KCat|Sloan|Simbad|297.65446|+48.17639
297.6686667|+48.1150278|10813862|19504048+4806541|4597.8| 0.122| 0.082| 29.615| 3.775|RC      | 0.9974| 1.053| 0.079|11.071| 0.024| 2.372| 0.010| 1.09e-03| 0.008| 3.773| 0.213|                |  0|KCat|Sloan|Simbad|297.66867|+48.11503
297.7371250|+48.1438889|10814091|19505691+4808380|4857.5| 0.175|-0.013| 45.760| 4.636|RC      | 1.0073| 1.783| 0.072|11.430| 0.020| 2.573| 0.009| 1.68e-03| 0.008| 3.208| 0.332|                |  0|KCat|Sloan|Simbad|297.73712|+48.14389
297.9988333|+48.1199444|10815014|19515972+4807118|4636.2| 0.256| 0.009| 31.333| 3.957|RC      | 1.0043| 1.018| 0.079|10.558| 0.024| 2.398| 0.010| 1.22e-03| 0.008| 3.831| 0.271|                |  0|KCat|Sloan|Simbad|297.99883|+48.11994
298.1180000|+48.1954167|10815461|19522832+4811435|4654.6|-0.262| 0.164| 49.345| 5.422|RGB     | 1.0384| 0.992| 0.040| 8.300| 0.015| 2.597| 0.007| 2.45e-03| 0.007| 3.970| 0.202|                |  0|KCat|Sloan|Simbad|298.11800|+48.19542
298.1180000|+48.1662222|10815462|19522832+4809584|4633.4| 0.165| 0.000| 33.103| 3.993|RC      | 1.0036| 1.159| 0.078|10.965| 0.023| 2.422| 0.010| 1.24e-03| 0.008| 3.686| 0.284|                |  0|KCat|Sloan|Simbad|298.11800|+48.16622
298.3217917|+48.1082500|10816214|19531723+4806297|4828.7| 0.008| 0.006| 45.989| 4.809|RC      | 0.9995| 1.599| 0.072|10.813| 0.020| 2.574| 0.009| 1.78e-03| 0.008| 3.264| 0.205|                |  1|KCat|Sloan|Simbad|298.32179|+48.10825
298.3464167|+48.1765278|10816301|19532314+4810355|4586.9|-0.211| 0.048| 23.297| 2.965|RGB     | 1.0409| 1.132| 0.043|12.947| 0.016| 2.267| 0.007| 7.35e-04| 0.008| 3.765| 0.242|                |  0|KCat|Sloan|Simbad|298.34642|+48.17653
298.4626250|+48.1042778|10816748|19535103+4806154|4647.3|-0.213| 0.058| 32.826| 3.839|RGB     | 1.0379| 1.163| 0.042|11.019| 0.016| 2.419| 0.007| 1.23e-03| 0.008| 3.725| 0.234|                |  1|KCat|Sloan|Simbad|298.46262|+48.10428
298.6166667|+48.1017222|10817319|19542800+4806062|4826.7| 0.035| 0.011| 36.755| 4.014|RC      | 0.9982| 1.689| 0.076|12.432| 0.022| 2.477| 0.010| 1.24e-03| 0.008| 3.234| 0.442|                |  0|KCat|Sloan|Simbad|298.61667|+48.10172
298.7197083|+48.1788611|10817647|19545273+4810439|4772.3|-0.077| 0.007| 48.386| 5.132|RGB     | 1.0352| 1.225| 0.040| 9.256| 0.015| 2.593| 0.007| 2.18e-03| 0.007| 3.710| 0.348|                |  0|KCat|Sloan|Simbad|298.71971|+48.17886
298.7241250|+48.1694722|10817660|19545379+4810101|4979.3|-0.152| 0.037| 48.536| 4.761|RC      | 1.0002| 2.043| 0.071|11.807| 0.020| 2.604| 0.009| 1.75e-03| 0.008| 3.028| 0.235|                |  1|KCat|Sloan|Simbad|298.72412|+48.16947
282.0891667|+48.2789444|10842958|18482140+4816442|4884.0|-0.287| 0.085| 31.486| 3.961|RC      | 0.9991| 1.136| 0.079|10.983| 0.024| 2.412| 0.010| 1.21e-03| 0.008| 3.606| 0.161|                |  0|KCat|Sloan|Simbad|282.08917|+48.27894
284.9138750|+48.2360556|10847321|18593933+4814098|4647.0| 0.189|-0.013| 68.760| 6.544|RGB     | 1.0326| 1.291| 0.039| 8.022| 0.014| 2.740| 0.007| 3.53e-03| 0.007| 3.699| 0.093|                |  1|KCat|Sloan|Simbad|284.91387|+48.23606
285.6290417|+48.2304444|10848618|19023097+4813496|4770.1|-0.013| 0.019| 32.236| 4.043|RC      | 1.0001| 1.079| 0.078|10.644| 0.023| 2.417| 0.010| 1.26e-03| 0.008| 3.711| 0.129|                |  1|KCat|Sloan|Simbad|285.62904|+48.23044
286.1350417|+48.2850000|10849541|19043241+4817060|4478.7|-0.181| 0.115| 21.811| 2.857|RGB     | 1.0438| 1.028| 0.043|12.826| 0.016| 2.234| 0.007| 6.87e-04| 0.008| 3.945| 0.110|                |  1|KCat|Sloan|Simbad|286.13504|+48.28500
286.6584583|+48.2710000|10850440|19063803+4816156|4922.7| 0.128|-0.001|228.128|16.919|RGB     | 1.0168| 1.224| 0.028| 4.227| 0.009| 3.274| 0.007| 2.28e-02| 0.006| 3.753| 0.100|                |  0|KCat|Sloan|Simbad|286.65846|+48.27100
286.8408750|+48.2891944|10850763|19072181+4817211|5083.2|-0.246| 0.026|       |      |REJECT  |       |      |      |      |      |      |      |         |      |      |      |No Seis         |  0|KCat|Sloan|Simbad|286.84087|+48.28919
288.3985417|+48.2807500|10853817|19133565+4816507|4747.7|-0.114| 0.049| 59.699| 6.223|RGB     | 1.0361| 1.053| 0.039| 7.734| 0.014| 2.684| 0.007| 3.21e-03| 0.007| 3.911| 0.153|                |  0|KCat|Sloan|Simbad|288.39854|+48.28075
289.2038333|+48.2011389|10855512|19164892+4812041|4684.3| 0.028| 0.033| 64.472| 6.428|RGB     | 1.0347| 1.148| 0.039| 7.798| 0.014| 2.714| 0.007| 3.42e-03| 0.007| 3.840| 0.085|                |  0|KCat|Sloan|Simbad|289.20383|+48.20114
290.1282500|+48.2618611|10857579|19203078+4815427|4659.4|-0.634| 0.225| 31.500| 3.861|RGB     | 1.0402| 0.999| 0.042|10.421| 0.016| 2.402| 0.007| 1.25e-03| 0.008| 3.869| 0.033|                |  0|KCat|Sloan|Simbad|290.12825|+48.26186
290.1430833|+48.2845000|10857623|19203434+4817042|4553.1|-0.183| 0.159| 17.010| 2.510|RGB     | 1.0326| 0.876| 0.043|13.354| 0.016| 2.129| 0.007| 5.19e-04| 0.008| 4.186| 0.100|Ageold, SeisUnc |  0|KCat|Sloan|Simbad|290.14308|+48.28450
290.3142917|+48.2756944|10857953|19211543+4816325|4669.0| 0.161|-0.003| 32.673| 3.990|RC      | 1.0024| 1.137| 0.078|10.907| 0.023| 2.418| 0.010| 1.23e-03| 0.008| 3.704| 0.085|                |  1|KCat|Sloan|Simbad|290.31429|+48.27569
290.5045417|+48.2110000|10858331|19220109+4812396|4789.8|-0.351| 0.247| 27.497| 3.853|RC      | 0.9961| 0.831| 0.080|10.100| 0.024| 2.349| 0.010| 1.14e-03| 0.008| 3.910| 0.092|                |  1|KCat|Sloan|Simbad|290.50454|+48.21100
290.5943333|+48.2706667|10858520|19222264+4816144|4528.0| 0.184|-0.005| 33.750| 3.805|RGB     | 1.0387| 1.255| 0.042|11.363| 0.016| 2.426| 0.007| 1.21e-03| 0.007| 3.742| 0.153|                |  1|KCat|Sloan|Simbad|290.59433|+48.27067
290.6682500|+48.2046111|10858675|19224038+4812166|4771.2|-0.014|-0.014| 87.362| 8.094|RGB     | 1.0292| 1.193| 0.037| 6.797| 0.013| 2.850| 0.007| 5.36e-03| 0.007| 3.746| 0.130|                |  1|KCat|Sloan|Simbad|290.66825|+48.20461
291.1395833|+48.2158611|10859687|19243350+4812571|4810.5|-0.016| 0.019| 36.543| 4.281|RC      | 0.9995| 1.270| 0.076|10.820| 0.022| 2.473| 0.010| 1.41e-03| 0.008| 3.536| 0.228|                |  0|KCat|Sloan|Simbad|291.13958|+48.21586
291.1838750|+48.2858333|10859779|19244413+4817090|4702.5| 0.219|-0.003| 80.129| 7.296|RGB     | 1.0301| 1.359| 0.038| 7.603| 0.014| 2.809| 0.007| 4.36e-03| 0.007| 3.628| 0.160|                |  1|KCat|Sloan|Simbad|291.18387|+48.28583
291.2522917|+48.2974722|10859941|19250055+4817509|4794.0|-0.089| 0.010| 30.598| 3.963|RC      | 0.9964| 1.023| 0.079|10.622| 0.024| 2.395| 0.010| 1.20e-03| 0.008| 3.764| 0.130|                |  1|KCat|Sloan|Simbad|291.25229|+48.29747
291.2858333|+48.2603056|10860017|19250860+4815371|4267.7|-0.303| 0.076|  5.338| 0.974|RGB     | 1.0427| 1.042| 0.044|26.424| 0.017| 1.612| 0.007| 7.96e-05| 0.008| 3.878| 0.008|                |  0|KCat|Sloan|Simbad|291.28583|+48.26031
291.3449583|+48.2785833|10860146|19252279+4816429|4666.8| 0.234| 0.014| 23.280| 3.491|RC      | 0.9920| 0.731| 0.082|10.366| 0.025| 2.271| 0.010| 9.26e-04| 0.008| 4.113| 0.201|                |  1|KCat|Sloan|Simbad|291.34496|+48.27858
291.8295000|+48.2031944|10861311|19271908+4812115|4772.1| 0.106|-0.008| 78.296| 7.116|RGB     | 1.0287| 1.441| 0.038| 7.889| 0.014| 2.802| 0.007| 4.14e-03| 0.007| 3.509| 0.199|                |  0|KCat|Sloan|Simbad|291.82950|+48.20319
292.8052917|+48.2947778|10863535|19311327+4817412|4370.5|-0.015| 0.042|  8.742| 1.342|RGB     | 1.0391| 1.335| 0.044|23.231| 0.017| 1.831| 0.007| 1.50e-04| 0.008| 3.584| 0.240|                |  1|KCat|Sloan|Simbad|292.80529|+48.29478
292.9364167|+48.2547222|10863834|19314474+4815170|4827.0|-0.188| 0.034| 76.675| 7.278|RGB     | 1.0294| 1.255| 0.038| 7.419| 0.014| 2.796| 0.007| 4.33e-03| 0.007| 3.636| 0.130|                |  0|KCat|Sloan|Simbad|292.93642|+48.25472
293.1799583|+48.2782500|10864433|19324319+4816417|4806.5|-1.342| 0.241| 13.760| 2.136|RGB     | 1.0388| 0.937| 0.043|15.146| 0.016| 2.049| 0.007| 3.80e-04| 0.008| 3.843| 0.163|                |  0|KCat|Sloan|Simbad|293.17996|+48.27825
293.2821667|+48.2858889|10864656|19330772+4817092|4982.0| 0.044|-0.013|       |      |REJECT  |       |      |      |      |      |      |      |         |      |      |      |No Seis         |  0|KCat|Sloan|Simbad|293.28217|+48.28589
293.3110000|+48.2707778|10864711|19331464+4816148|4638.0|-0.018| 0.038| 44.598| 4.873|RGB     | 1.0384| 1.117| 0.041| 9.271| 0.015| 2.552| 0.007| 1.98e-03| 0.007| 3.849| 0.095|                |  1|KCat|Sloan|Simbad|293.31100|+48.27078
293.3312917|+48.2735833|10864755|19331951+4816249|4514.6| 0.418| 0.031| 24.838| 3.176|AMB     | 1.0367| 1.035| 0.119|12.035| 0.045| 2.292| 0.010| 8.37e-04| 0.010| 3.974| 0.243|                |  0|KCat|Sloan|Simbad|293.33129|+48.27358
293.6060833|+48.2022222|10865371|19342546+4812080|4385.2|-0.418|-0.094|  7.917| 1.416|RGB     | 1.0366| 0.812| 0.044|19.025| 0.017| 1.789| 0.007| 1.66e-04| 0.008| 4.184| 0.000|Ageold, SeisUnc |  0|KCat|Sloan|Simbad|293.60608|+48.20222
293.9984167|+48.2917778|10866415|19355962+4817304|4740.9| 0.054| 0.032| 94.160| 8.732|RGB     | 1.0304| 1.087| 0.037| 6.260| 0.013| 2.881| 0.007| 6.25e-03| 0.007| 3.924| 0.082|                |  1|KCat|Sloan|Simbad|293.99842|+48.29178
294.1046667|+48.2928333|10866694|19362512+4817342|4616.1| 0.055| 0.033| 31.697| 3.905|RC      | 0.9992| 1.126| 0.078|11.054| 0.024| 2.403| 0.010| 1.17e-03| 0.008| 3.693| 0.137|                |  1|KCat|Sloan|Simbad|294.10467|+48.29283
296.3937917|+48.2355000|10873280|19453451+4814078|4671.0| 0.031| 0.149| 79.434| 7.677|RGB     | 1.0336| 1.055| 0.038| 6.740| 0.014| 2.804| 0.007| 4.86e-03| 0.007| 3.972| 0.237|                |  0|KCat|Sloan|Simbad|296.39379|+48.23550
296.4510833|+48.2066944|10873444|19454826+4812241|4857.1| 0.145|-0.011| 57.352| 5.431|RC(S)   | 1.0036| 1.892| 0.066|10.518| 0.018| 2.671| 0.009| 2.29e-03| 0.008| 3.154| 0.170|                |  1|KCat|Sloan|Simbad|296.45108|+48.20669
296.4955417|+48.2433333|10873579|19455893+4814360|4635.0| 0.089| 0.086| 31.097| 3.822|RC      | 0.9920| 1.201| 0.079|11.513| 0.024| 2.395| 0.010| 1.11e-03| 0.008| 3.628| 0.207|                |  0|KCat|Sloan|Simbad|296.49554|+48.24333
296.7509583|+48.2851389|10874337|19470023+4817065|4734.5| 0.081| 0.033| 31.848| 3.987|RC      | 1.0015| 1.082| 0.078|10.742| 0.023| 2.410| 0.010| 1.23e-03| 0.008| 3.735| 0.275|                |  0|KCat|Sloan|Simbad|296.75096|+48.28514
297.2620417|+48.2073889|10876039|19490289+4812266|4790.1|-0.024| 0.012| 32.861| 3.889|RC      | 0.9881| 1.410| 0.078|12.038| 0.023| 2.426| 0.010| 1.14e-03| 0.008| 3.418| 0.296|                |  0|KCat|Sloan|Simbad|297.26204|+48.20739
297.2980833|+48.2851111|10876156|19491154+4817064|4885.9|-0.230| 0.051| 30.997| 3.847|RC      | 1.0084| 1.175| 0.079|11.256| 0.024| 2.405| 0.010| 1.16e-03| 0.008| 3.575| 0.279|                |  0|KCat|Sloan|Simbad|297.29808|+48.28511
297.8494583|+48.2126667|10877915|19512387+4812456|4575.8|-0.199| 0.024| 18.004| 2.336|RGB     | 1.0373| 1.370| 0.043|16.216| 0.016| 2.155| 0.007| 4.53e-04| 0.008| 3.487| 0.242|                |  1|KCat|Sloan|Simbad|297.84946|+48.21267
297.9059167|+48.2482778|10878084|19513742+4814538|4498.7|-0.345| 0.044| 11.805| 1.786|RGB     | 1.0431| 1.078| 0.044|17.835| 0.017| 1.968| 0.007| 2.68e-04| 0.008| 3.802| 0.275|                |  0|KCat|Sloan|Simbad|297.90592|+48.24828
298.1390000|+48.2917500|10878816|19523336+4817303|4971.2|-0.107| 0.040| 29.418| 3.105|RC(S)   | 1.0079| 2.431| 0.080|16.549| 0.024| 2.386| 0.010| 7.56e-04| 0.008| 2.826| 0.420|                |  0|KCat|Sloan|Simbad|298.13900|+48.29175
298.3029583|+48.2620833|10879372|19531271+4815435|4548.7| 0.420| 0.022| 32.038| 3.806|RC      | 1.0018| 1.249| 0.078|11.620| 0.023| 2.404| 0.010| 1.12e-03| 0.008| 3.644| 0.159|                |  1|KCat|Sloan|Simbad|298.30296|+48.26208
298.3227500|+48.2141667|10879440|19531746+4812510|4742.8| 0.000| 0.017| 34.221| 4.086|RC      | 1.0016| 1.220| 0.077|10.998| 0.023| 2.442| 0.010| 1.29e-03| 0.008| 3.585| 0.239|                |  0|KCat|Sloan|Simbad|298.32275|+48.21417
298.4271250|+48.2678889|10879742|19534251+4816044|4467.9| 0.216| 0.081| 37.083| 4.165|RGB     | 1.0404| 1.129| 0.041|10.316| 0.015| 2.464| 0.007| 1.45e-03| 0.007| 3.918| 0.302|                |  0|KCat|Sloan|Simbad|298.42712|+48.26789
298.4627500|+48.2408889|10879853|19535106+4814272|4778.0|-0.039| 0.027| 27.762| 3.746|RC      | 0.9985| 0.944| 0.080|10.719| 0.024| 2.352| 0.010| 1.08e-03| 0.008| 3.849| 0.350|                |  0|KCat|Sloan|Simbad|298.46275|+48.24089
298.8013333|+48.2928889|10880958|19551232+4817344|4763.2|-0.035| 0.016| 33.328| 4.101|RC      | 1.0007| 1.122| 0.078|10.675| 0.023| 2.431| 0.010| 1.30e-03| 0.008| 3.672| 0.192|                |  1|KCat|Sloan|Simbad|298.80133|+48.29289
298.8579167|+48.2901944|10881149|19552590+4817247|4487.9|-0.132| 0.147| 33.843| 4.013|RGB     | 1.0416| 0.998| 0.042|10.142| 0.016| 2.425| 0.007| 1.35e-03| 0.007| 4.005| 0.232|                |  0|KCat|Sloan|Simbad|298.85792|+48.29019
298.9142917|+48.2679722|10881317|19553943+4816047|4782.9| 0.098| 0.019| 73.762| 6.849|RGB     | 1.0298| 1.403| 0.038| 8.016| 0.014| 2.777| 0.007| 3.84e-03| 0.007| 3.549| 0.347|                |  0|KCat|Sloan|Simbad|298.91429|+48.26797
299.0732083|+48.2062500|10881810|19561757+4812225|4911.3|-0.031|-0.011|147.193|11.835|RGB     | 1.0203| 1.350| 0.032| 5.529| 0.011| 3.083| 0.007| 1.13e-02| 0.007| 3.558| 0.167|                |  1|KCat|Sloan|Simbad|299.07321|+48.20625
281.4457917|+48.3837500|10902738|18454699+4823015|4567.9| 0.295| 0.021| 30.352| 3.760|RC      | 1.0016| 1.123| 0.079|11.308| 0.024| 2.381| 0.010| 1.09e-03| 0.008| 3.747| 0.163|                |  0|KCat|Sloan|Simbad|281.44579|+48.38375
281.4582917|+48.3578056|10902770|18454999+4821281|4900.7|-0.658| 0.271| 20.042| 3.098|RGB(S)  | 1.0152| 0.738| 0.043|11.088| 0.016| 2.216| 0.007| 7.64e-04| 0.008| 4.244| 0.136|Ageold          |  0|KCat|Sloan|Simbad|281.45829|+48.35781
281.6077917|+48.3313611|10903016|18462587+4819529|4667.3|-0.349| 0.061| 25.368| 3.214|RGB     | 1.0403| 1.089| 0.042|12.116| 0.016| 2.308| 0.007| 8.63e-04| 0.008| 3.788| 0.132|                |  0|KCat|Sloan|Simbad|281.60779|+48.33136
281.7835417|+48.3715833|10903247|18470805+4822177|4717.5|-0.190| 0.045| 43.572| 4.764|RGB     | 1.0365| 1.178| 0.041| 9.591| 0.015| 2.545| 0.007| 1.88e-03| 0.007| 3.734| 0.091|                |  0|KCat|Sloan|Simbad|281.78354|+48.37158
281.8148333|+48.3456667|10903291|18471556+4820444|4978.9|-0.281| 0.050| 34.201| 4.087|RC      | 0.9975| 1.330| 0.077|11.350| 0.023| 2.452| 0.010| 1.28e-03| 0.008| 3.434| 0.153|                |  0|KCat|Sloan|Simbad|281.81483|+48.34567
282.2593333|+48.3720833|10903874|18490224+4822195|4949.5|-0.072|-0.014|183.366|14.624|RGB     | 1.0182| 1.142| 0.029| 4.548| 0.010| 3.180| 0.007| 1.71e-02| 0.006| 3.810| 0.142|                |  0|KCat|Sloan|Simbad|282.25933|+48.37208
282.7032083|+48.3115000|10904520|18504877+4818414|4850.0|-0.077| 0.015|101.565| 9.082|RGB     | 1.0265| 1.225| 0.036| 6.360| 0.013| 2.919| 0.007| 6.71e-03| 0.007| 3.707| 0.148|                |  0|KCat|Sloan|Simbad|282.70321|+48.31150
283.1872083|+48.3819167|10905139|18524493+4822549|4789.6|-0.271| 0.059| 40.686| 4.596|RGB     | 1.0370| 1.131| 0.041| 9.688| 0.015| 2.519| 0.007| 1.75e-03| 0.007| 3.764| 0.199|                |  0|KCat|Sloan|Simbad|283.18721|+48.38192
284.6575833|+48.3803889|10907196|18583782+4822494|4869.5|-0.057| 0.028| 43.747| 4.615|RC      | 0.9983| 1.650| 0.073|11.240| 0.021| 2.554| 0.009| 1.64e-03| 0.008| 3.235| 0.134|                |  1|KCat|Sloan|Simbad|284.65758|+48.38039
284.7995833|+48.3805556|10907410|18591190+4822500|4575.0| 0.485| 0.029| 77.769| 7.066|RGB     | 1.0324| 1.344| 0.038| 7.727| 0.014| 2.790| 0.007| 4.11e-03| 0.007| 3.691| 0.171|                |  1|KCat|Sloan|Simbad|284.79958|+48.38056
285.4710000|+48.3541667|10908442|19015304+4821150|4855.3|-0.096| 0.023| 37.985| 4.320|RC      | 0.9957| 1.416| 0.075|11.181| 0.022| 2.492| 0.010| 1.43e-03| 0.008| 3.390| 0.099|                |  0|KCat|Sloan|Simbad|285.47100|+48.35417
286.4113333|+48.3791667|10909967|19053872+4822450|4576.7| 0.415| 0.023| 36.069| 4.107|RGB(S)  | 1.0417| 1.133| 0.042|10.418| 0.015| 2.457| 0.007| 1.41e-03| 0.007| 3.948| 0.149|                |  0|KCat|Sloan|Simbad|286.41133|+48.37917
286.5584583|+48.3259722|10910197|19061403+4819335|4807.9|-0.091| 0.056|109.146| 9.844|RGB     | 1.0273| 1.084| 0.035| 5.785| 0.012| 2.948| 0.007| 7.90e-03| 0.007| 3.895| 0.133|                |  0|KCat|Sloan|Simbad|286.55846|+48.32597
286.7798333|+48.3552222|10910523|19070716+4821188|4465.8|-0.036| 0.078| 24.610| 3.139|RGB     | 1.0446| 1.006| 0.043|11.956| 0.016| 2.285| 0.007| 8.30e-04| 0.008| 4.010| 0.068|                |  1|KCat|Sloan|Simbad|286.77983|+48.35522
286.7969167|+48.3194167|10910541|19071126+4819099|4780.8|-0.275| 0.185| 29.241| 3.942|RC      | 0.9962| 0.908| 0.080|10.246| 0.024| 2.375| 0.010| 1.19e-03| 0.008| 3.847| 0.053|                |  1|KCat|Sloan|Simbad|286.79692|+48.31942
286.8733333|+48.3971111|10910674|19072960+4823496|4625.3|-0.024| 0.024| 35.857| 4.046|RGB     | 1.0372| 1.222| 0.042|10.821| 0.015| 2.457| 0.007| 1.36e-03| 0.007| 3.713| 0.085|                |  1|KCat|Sloan|Simbad|286.87333|+48.39711
286.9504167|+48.3450278|10910802|19074810+4820421|4481.3| 0.201| 0.081| 22.496| 3.083|RC      | 1.0169| 0.924| 0.083|11.975| 0.026| 2.247| 0.010| 7.59e-04| 0.008| 3.919| 0.058|                |  1|KCat|Sloan|Simbad|286.95042|+48.34503
286.9748750|+48.3829167|10910839|19075397+4822585|4845.5|-0.124| 0.149| 42.521| 4.374|RC      | 1.0078| 1.795| 0.073|11.904| 0.021| 2.541| 0.009| 1.50e-03| 0.008| 3.137| 0.096|                |  0|KCat|Sloan|Simbad|286.97487|+48.38292
290.0083750|+48.3732222|10916563|19200201+4822236|4875.7|-0.251| 0.023| 73.991| 7.148|RGB     | 1.0297| 1.229| 0.038| 7.455| 0.014| 2.783| 0.007| 4.18e-03| 0.007| 3.637| 0.162|                |  0|KCat|Sloan|Simbad|290.00837|+48.37322
291.1395833|+48.3924167|10918731|19243350+4823327|4700.6| 0.289|-0.003| 45.393| 4.610|RC      | 1.0057| 1.706| 0.072|11.317| 0.020| 2.562| 0.009| 1.66e-03| 0.008| 3.273| 0.167|                |  1|KCat|Sloan|Simbad|291.13958|+48.39242
292.1446667|+48.3070833|10920681|19283472+4818255|4272.0|-0.378| 0.181|  4.433| 0.945|RGB     | 1.0128| 0.757| 0.044|24.711| 0.017| 1.531| 0.007| 7.07e-05| 0.008| 4.227| 0.134|Ageold, SeisUnc |  0|KCat|Sloan|Simbad|292.14467|+48.30708
292.4157083|+48.3553611|10921258|19293977+4821193|4449.4| 0.240| 0.008| 24.931| 3.021|RGB     | 1.0416| 1.226| 0.043|13.126| 0.016| 2.290| 0.007| 7.65e-04| 0.008| 3.794| 0.207|                |  1|KCat|Sloan|Simbad|292.41571|+48.35536
292.4225000|+48.3796667|10921270|19294140+4822468|4427.3|-0.411| 0.212| 15.659| 2.287|RGB     | 1.0477| 0.897| 0.043|14.182| 0.016| 2.087| 0.007| 4.43e-04| 0.008| 4.077| 0.057|                |  0|KCat|Sloan|Simbad|292.42250|+48.37967
292.7957917|+48.3292500|10922092|19311099+4819453|4560.4| 0.049| 0.024| 42.544| 4.746|RGB(S)  | 1.0395| 1.047| 0.041| 9.228| 0.015| 2.528| 0.007| 1.88e-03| 0.007| 3.985| 0.166|                |  0|KCat|Sloan|Simbad|292.79579|+48.32925
292.8292083|+48.3687222|10922167|19311901+4822074|4725.0|-0.104|-0.378| 86.545| 7.225|RGB(S)  | 1.0174| 1.885| 0.037| 8.606| 0.013| 2.844| 0.007| 4.17e-03| 0.007| 3.039| 0.000|                |  0|KCat|Sloan|Simbad|292.82921|+48.36872
293.0461667|+48.3960278|10922608|19321108+4823457|4689.7|-0.225| 0.059| 48.002| 5.210|RGB     | 1.0373| 1.089| 0.040| 8.797| 0.015| 2.586| 0.007| 2.25e-03| 0.007| 3.822| 0.111|                |  0|KCat|Sloan|Simbad|293.04617|+48.39603
293.1457500|+48.3605556|10922821|19323498+4821380|4660.1| 0.243| 0.033| 33.547| 4.018|RC      | 1.0027| 1.192| 0.078|11.029| 0.023| 2.429| 0.010| 1.25e-03| 0.008| 3.671| 0.163|                |  1|KCat|Sloan|Simbad|293.14575|+48.36056
293.1512083|+48.3322500|10922840|19323629+4819561|4551.8| 0.424| 0.029| 74.762| 7.039|RGB     | 1.0347| 1.192| 0.038| 7.431| 0.014| 2.772| 0.007| 4.10e-03| 0.007| 3.868| 0.192|                |  1|KCat|Sloan|Simbad|293.15121|+48.33225
293.9307083|+48.3879167|10924652|19354337+4823165|4751.0| 0.031| 0.051|151.253|12.584|RGB     | 1.0226| 1.080| 0.032| 4.921| 0.011| 3.087| 0.007| 1.28e-02| 0.007| 3.932| 0.125|                |  0|KCat|Sloan|Simbad|293.93071|+48.38792
296.6045417|+48.3520278|10931578|19462509+4821073|4755.7| 0.433| 0.001|213.887|15.907|RGB     | 1.0189| 1.216| 0.028| 4.389| 0.009| 3.238| 0.007| 2.03e-02| 0.006| 3.832| 0.231|                |  0|KCat|Sloan|Simbad|296.60454|+48.35203
296.7247500|+48.3240000|10931902|19465394+4819264|4604.1| 0.324| 0.031| 33.880| 3.976|RC      | 1.0045| 1.248| 0.077|11.264| 0.023| 2.431| 0.010| 1.23e-03| 0.008| 3.633| 0.321|                |  0|KCat|Sloan|Simbad|296.72475|+48.32400
296.8496250|+48.3233056|10932270|19472391+4819239|4923.6| 0.085| 0.010|103.420| 8.520|RGB     | 1.0214| 1.742| 0.036| 7.489| 0.013| 2.930| 0.007| 5.85e-03| 0.007| 3.215| 0.205|                |  0|KCat|Sloan|Simbad|296.84962|+48.32331
296.8718333|+48.3428333|10932336|19472924+4820342|4666.5| 0.157| 0.041| 52.763| 5.359|RGB     | 1.0346| 1.296| 0.040| 9.165| 0.015| 2.626| 0.007| 2.37e-03| 0.007| 3.690| 0.262|                |  0|KCat|Sloan|Simbad|296.87183|+48.34283
297.0526250|+48.3965278|10932891|19481263+4823475|4906.4|-0.308| 0.088| 33.229| 4.206|RC      | 0.9977| 1.063| 0.078|10.330| 0.023| 2.436| 0.010| 1.36e-03| 0.008| 3.663| 0.374|                |  0|KCat|Sloan|Simbad|297.05262|+48.39653
297.1737500|+48.3519722|10933244|19484170+4821071|4772.3|-0.359| 0.218| 22.348| 3.259|RC(S)   | 1.0087| 0.824| 0.083|11.165| 0.026| 2.258| 0.010| 8.34e-04| 0.008| 3.923| 0.239|                |  0|KCat|Sloan|Simbad|297.17375|+48.35197
297.2254167|+48.3821667|10933384|19485410+4822558|4358.9| 0.115| 0.019|  9.946| 1.545|RGB     | 1.0463| 1.085| 0.044|19.650| 0.017| 1.887| 0.007| 2.02e-04| 0.008| 3.944| 0.317|                |  1|KCat|Sloan|Simbad|297.22542|+48.38217
297.3398333|+48.3915000|10933748|19492156+4823294|4909.9|-0.259| 0.187| 38.920| 4.180|AMB     | 1.0201| 1.606| 0.153|11.726| 0.050| 2.505| 0.010| 1.40e-03| 0.010| 3.250| 0.204|                |  0|KCat|Sloan|Simbad|297.33983|+48.39150
297.3471250|+48.3203611|10933775|19492331+4819133|4353.5|-0.296| 0.197| 12.619| 1.932|RGB     | 1.0485| 0.896| 0.044|15.858| 0.016| 1.990| 0.007| 3.17e-04| 0.008| 4.117| 0.131|                |  0|KCat|Sloan|Simbad|297.34712|+48.32036
297.6390417|+48.3902500|10934588|19503337+4823249|4721.2| 0.054| 0.014| 31.932| 4.071|RC      | 1.0018| 0.998| 0.078|10.312| 0.023| 2.411| 0.010| 1.28e-03| 0.008| 3.811| 0.202|                |  0|KCat|Sloan|Simbad|297.63904|+48.39025
297.7085000|+48.3966111|10934758|19505004+4823478|4828.2| 0.092|-0.012| 46.948| 4.831|RC      | 0.9961| 1.692| 0.071|11.009| 0.020| 2.583| 0.009| 1.79e-03| 0.008| 3.237| 0.198|                |  1|KCat|Sloan|Simbad|297.70850|+48.39661
297.7762917|+48.3136389|10934929|19510631+4818491|4646.3| 0.189| 0.000| 32.982| 3.999|RC      | 1.0035| 1.145| 0.078|10.911| 0.023| 2.421| 0.010| 1.24e-03| 0.008| 3.701| 0.208|                |  0|KCat|Sloan|Simbad|297.77629|+48.31364
297.9433750|+48.3596667|10935377|19514641+4821348|4911.4|-0.246| 0.083|151.955|12.800|RGB     | 1.0205| 1.085| 0.032| 4.879| 0.011| 3.097| 0.007| 1.32e-02| 0.007| 3.824| 0.205|                |  0|KCat|Sloan|Simbad|297.94337|+48.35967
298.0912083|+48.3158333|10935753|19522189+4818570|4861.8|-0.299| 0.163| 27.673| 3.875|RC      | 0.9946| 0.852| 0.080|10.155| 0.024| 2.355| 0.010| 1.15e-03| 0.008| 3.895| 0.260|                |  0|KCat|Sloan|Simbad|298.09121|+48.31583
298.1321667|+48.3112778|10935853|19523172+4818406|4971.7|-0.015| 0.002| 63.554| 5.735|RC      | 1.0115| 2.077| 0.064|10.407| 0.016| 2.721| 0.009| 2.60e-03| 0.008| 3.037| 0.241|                |  1|KCat|Sloan|Simbad|298.13217|+48.31128
298.4731250|+48.3979722|10936814|19535355+4823527|4830.5| 0.014| 0.005| 37.317| 4.283|RC      | 0.9966| 1.375| 0.076|11.128| 0.022| 2.483| 0.010| 1.41e-03| 0.008| 3.454| 0.267|                |  1|KCat|Sloan|Simbad|298.47312|+48.39797
298.4816667|+48.3931667|10936833|19535560+4823354|4801.7|-0.004|-0.024| 37.026| 4.306|RC      | 1.0001| 1.284| 0.076|10.814| 0.022| 2.479| 0.010| 1.43e-03| 0.008| 3.522| 0.203|                |  0|KCat|Sloan|Simbad|298.48167|+48.39317
298.5335417|+48.3814167|10936984|19540805+4822531|4574.5| 0.169| 0.036| 45.377| 4.924|RGB     | 1.0383| 1.107| 0.041| 9.179| 0.015| 2.556| 0.007| 2.02e-03| 0.007| 3.933| 0.342|                |  0|KCat|Sloan|Simbad|298.53354|+48.38142
298.6486250|+48.3173333|10937322|19543567+4819024|4595.9| 0.360| 0.060| 32.592| 3.940|RC      | 1.0052| 1.146| 0.078|11.010| 0.023| 2.414| 0.010| 1.21e-03| 0.008| 3.726| 0.439|                |  0|KCat|Sloan|Simbad|298.64862|+48.31733
298.7396250|+48.3782778|10937597|19545751+4822418|4880.6|-0.162| 0.045| 35.311| 4.218|RC      | 0.9972| 1.254| 0.077|10.898| 0.023| 2.462| 0.010| 1.37e-03| 0.008| 3.529| 0.369|                |  0|KCat|Sloan|Simbad|298.73962|+48.37828
298.7633750|+48.3114722|10937672|19550321+4818413|4509.4| 0.431| 0.040| 26.348| 3.180|AMB     | 1.0301| 1.260| 0.206|12.894| 0.053| 2.317| 0.010| 8.29e-04| 0.010| 3.722| 0.431|                |  0|KCat|Sloan|Simbad|298.76337|+48.31147
298.7759583|+48.3578056|10937722|19550623+4821281|4732.3|-0.273| 0.069| 41.334| 4.618|RGB     | 1.0367| 1.144| 0.041| 9.694| 0.015| 2.523| 0.007| 1.77e-03| 0.007| 3.747| 0.299|                |  0|KCat|Sloan|Simbad|298.77596|+48.35781
298.8466667|+48.3418611|10937936|19552320+4820307|4830.4| 0.032| 0.026| 40.222| 4.492|RC      | 1.0019| 1.392| 0.074|10.788| 0.022| 2.516| 0.010| 1.56e-03| 0.008| 3.446| 0.519|                |  0|KCat|Sloan|Simbad|298.84667|+48.34186
298.8545000|+48.3832778|10937954|19552508+4822598|4754.6|-0.049| 0.055| 28.735| 3.761|RC(S)   | 0.9811| 1.097| 0.080|11.376| 0.024| 2.366| 0.010| 1.05e-03| 0.008| 3.695| 0.378|                |  0|KCat|Sloan|Simbad|298.85450|+48.38328
298.9311250|+48.3948333|10938167|19554347+4823414|4931.6|-0.236| 0.081| 36.884| 4.306|RC      | 1.0011| 1.316| 0.076|10.894| 0.022| 2.483| 0.010| 1.43e-03| 0.008| 3.453| 0.432|                |  0|KCat|Sloan|Simbad|298.93112|+48.39483
282.8316250|+48.4719722|10960400|18511959+4828191|4805.7|-0.346| 0.050| 45.918| 4.970|RGB     | 1.0351| 1.204| 0.041| 9.400| 0.015| 2.572| 0.007| 2.04e-03| 0.007| 3.638| 0.136|                |  0|KCat|Sloan|Simbad|282.83162|+48.47197
283.1526250|+48.4038056|10960798|18523663+4824137|4635.0| 0.108| 0.066| 61.962| 6.225|RGB     | 1.0357| 1.136| 0.039| 7.933| 0.014| 2.695| 0.007| 3.21e-03| 0.007| 3.878| 0.164|                |  0|KCat|Sloan|Simbad|283.15262|+48.40381
283.5910417|+48.4271944|10961390|18542185+4825379|4547.7| 0.349| 0.029| 32.227| 3.949|AMB     | 1.0179| 1.030| 0.153|10.518| 0.060| 2.407| 0.010| 1.25e-03| 0.010| 3.978| 0.164|                |  0|KCat|Sloan|Simbad|283.59104|+48.42719
284.5841667|+48.4017778|10962775|18582020+4824064|4882.7|-0.220| 0.059| 35.100| 4.119|RC      | 1.0017| 1.331| 0.077|11.262| 0.023| 2.459| 0.010| 1.31e-03| 0.008| 3.439| 0.164|                |  1|KCat|Sloan|Simbad|284.58417|+48.40178
285.7648333|+48.4458056|10964584|19030356+4826449|4790.8|-0.376| 0.180| 31.334| 4.069|RC      | 0.9924| 1.003| 0.079|10.397| 0.024| 2.406| 0.010| 1.26e-03| 0.008| 3.725| 0.004|                |  1|KCat|Sloan|Simbad|285.76483|+48.44581
286.3312083|+48.4853056|10965536|19051949+4829071|4639.7|-0.174| 0.045| 26.796| 3.280|RGB     | 1.0393| 1.177| 0.042|12.276| 0.016| 2.331| 0.007| 8.97e-04| 0.008| 3.737| 0.101|                |  1|KCat|Sloan|Simbad|286.33121|+48.48531
287.0607083|+48.4715278|10966634|19081457+4828175|4680.4|-0.601| 0.244| 42.681| 4.910|RGB     | 1.0389| 0.961| 0.041| 8.769| 0.015| 2.535| 0.007| 2.01e-03| 0.007| 3.922| 0.058|                |  0|KCat|Sloan|Simbad|287.06071|+48.47153
287.2398750|+48.4849722|10966950|19085757+4829059|4661.8|-0.017| 0.127| 28.283| 3.686|RC      | 0.9942| 1.044| 0.080|11.242| 0.024| 2.355| 0.010| 1.04e-03| 0.008| 3.746| 0.081|                |  1|KCat|Sloan|Simbad|287.23987|+48.48497
289.8855833|+48.4368056|10971893|19193254+4826125|4670.2| 0.219| 0.003| 35.552| 4.135|RC      | 1.0018| 1.273| 0.077|11.065| 0.023| 2.455| 0.010| 1.32e-03| 0.008| 3.592| 0.149|                |  1|KCat|Sloan|Simbad|289.88558|+48.43681
290.0807083|+48.4901667|10972288|19201937+4829246|4556.5| 0.384| 0.022| 65.227| 6.391|RGB     | 1.0358| 1.162| 0.039| 7.853| 0.014| 2.713| 0.007| 3.38e-03| 0.007| 3.906| 0.162|                |  1|KCat|Sloan|Simbad|290.08071|+48.49017
290.4185833|+48.4661111|10972858|19214046+4827580|4596.1|-0.221| 0.093| 30.430| 3.726|RGB     | 1.0413| 1.013| 0.042|10.713| 0.016| 2.384| 0.007| 1.16e-03| 0.008| 3.941| 0.132|                |  1|KCat|Sloan|Simbad|290.41858|+48.46611
290.7045000|+48.4042778|10973397|19224908+4824154|4619.4| 0.139| 0.061|108.713| 9.589|RGB     | 1.0285| 1.115| 0.035| 5.938| 0.013| 2.938| 0.007| 7.51e-03| 0.007| 3.913| 0.048|                |  0|KCat|Sloan|Simbad|290.70450|+48.40428
290.9463333|+48.4113333|10973854|19234712+4824408|4532.5| 0.071| 0.008| 31.136| 3.590|RGB     | 1.0386| 1.246| 0.042|11.787| 0.016| 2.391| 0.007| 1.07e-03| 0.008| 3.718| 0.132|                |  1|KCat|Sloan|Simbad|290.94633|+48.41133
291.1224583|+48.4065833|10974202|19242939+4824237|4915.9|-0.293| 0.066| 33.275| 4.042|RC      | 0.9888| 1.301| 0.078|11.417| 0.023| 2.437| 0.010| 1.23e-03| 0.008| 3.446| 0.171|                |  0|KCat|Sloan|Simbad|291.12246|+48.40658
291.5182500|+48.4524167|10974984|19260438+4827087|4559.0| 0.382| 0.010| 32.888| 3.880|RC      | 1.0048| 1.239| 0.078|11.421| 0.023| 2.416| 0.010| 1.17e-03| 0.008| 3.646| 0.164|                |  1|KCat|Sloan|Simbad|291.51825|+48.45242
291.5839583|+48.4353056|10975126|19262015+4826071|4844.0|-0.270| 0.094| 30.149| 4.012|RC      | 0.9954| 0.950| 0.079|10.283| 0.024| 2.391| 0.010| 1.23e-03| 0.008| 3.806| 0.124|                |  1|KCat|Sloan|Simbad|291.58396|+48.43531
292.5260000|+48.4594167|10977040|19300624+4827339|4965.6|-0.107| 0.031| 52.341| 5.050|RC      | 1.0092| 1.945| 0.069|11.101| 0.019| 2.636| 0.009| 2.00e-03| 0.008| 3.070| 0.126|                |  1|KCat|Sloan|Simbad|292.52600|+48.45942
292.5709583|+48.4331111|10977146|19301703+4825592|4841.7| 0.056|-0.014|161.080|12.777|RGB     | 1.0202| 1.275| 0.031| 5.156| 0.011| 3.119| 0.007| 1.31e-02| 0.007| 3.676| 0.071|                |  0|KCat|Sloan|Simbad|292.57096|+48.43311
292.7911667|+48.4297222|10977629|19310988+4825470|4512.9| 0.192| 0.053| 24.651| 3.177|RC      | 1.0187| 1.082| 0.082|12.359| 0.025| 2.288| 0.010| 8.09e-04| 0.008| 3.760| 0.079|                |  1|KCat|Sloan|Simbad|292.79117|+48.42972
292.9677083|+48.4084722|10977979|19315225+4824305|4853.1| 0.027| 0.007|196.528|15.256|RGB     | 1.0182| 1.152| 0.029| 4.435| 0.010| 3.206| 0.007| 1.86e-02| 0.006| 3.828| 0.086|                |  0|KCat|Sloan|Simbad|292.96771|+48.40847
293.0164583|+48.4149722|10978085|19320395+4824539|4898.0|-0.401| 0.096| 24.445| 3.180|RC      | 1.0025| 1.267| 0.082|13.154| 0.025| 2.303| 0.010| 7.85e-04| 0.008| 3.454| 0.212|                |  1|KCat|Sloan|Simbad|293.01646|+48.41497
293.2273750|+48.4195000|10978509|19325457+4825102|4608.0|-0.036| 0.096| 29.725| 3.840|RC      | 1.0022| 0.980| 0.079|10.652| 0.024| 2.374| 0.010| 1.14e-03| 0.008| 3.812| 0.000|                |  0|KCat|Sloan|Simbad|293.22737|+48.41950
293.2650417|+48.4263889|10978581|19330361+4825350|4823.7| 0.016|-0.007|113.742| 9.459|RGB     | 1.0230| 1.470| 0.035| 6.594| 0.012| 2.967| 0.007| 7.23e-03| 0.007| 3.446| 0.050|                |  0|KCat|Sloan|Simbad|293.26504|+48.42639
293.2944167|+48.4687500|10978646|19331066+4828075|5007.6|-0.053|-0.006| 64.374| 6.024|RC(S)   | 0.9970| 1.900| 0.063| 9.872| 0.016| 2.728| 0.009| 2.79e-03| 0.008| 3.097| 0.129|                |  0|KCat|Sloan|Simbad|293.29442|+48.46875
293.3211250|+48.4829444|10978699|19331707+4828586|4696.8|-0.134| 0.040| 48.143| 5.081|RGB     | 1.0354| 1.226| 0.040| 9.318| 0.015| 2.588| 0.007| 2.14e-03| 0.007| 3.676| 0.101|                |  0|KCat|Sloan|Simbad|293.32112|+48.48294
293.3919583|+48.4352222|10978857|19333407+4826068|4610.9| 0.416| 0.005| 36.795| 4.147|RC      | 1.0053| 1.350| 0.076|11.236| 0.022| 2.467| 0.010| 1.34e-03| 0.008| 3.545| 0.169|                |  1|KCat|Sloan|Simbad|293.39196|+48.43522
293.5335833|+48.4466944|10979181|19340806+4826481|4429.6| 0.093|-0.005| 10.718| 1.620|RGB     | 1.0440| 1.161| 0.044|19.501| 0.017| 1.923| 0.007| 2.21e-04| 0.008| 3.833| 0.242|                |  1|KCat|Sloan|Simbad|293.53358|+48.44669
293.5745417|+48.4210000|10979258|19341789+4825156|4493.5| 0.199| 0.023| 36.723| 4.196|RGB     | 1.0413| 1.070| 0.041|10.080| 0.015| 2.461| 0.007| 1.47e-03| 0.007| 3.993| 0.146|                |  1|KCat|Sloan|Simbad|293.57454|+48.42100
293.8011667|+48.4086389|10979742|19351228+4824311|4655.2| 0.311| 0.007| 71.995| 6.748|RGB     | 1.0326| 1.314| 0.038| 7.907| 0.014| 2.761| 0.007| 3.75e-03| 0.007| 3.703| 0.199|                |  1|KCat|Sloan|Simbad|293.80117|+48.40864
295.3411667|+48.4462778|10983401|19412188+4826466|5004.0| 0.175|-0.042| 93.442| 7.698|RC      | 1.0056| 2.103| 0.050| 8.622| 0.010| 2.890| 0.008| 4.63e-03| 0.008| 3.004| 0.106|                |  1|KCat|Sloan|Simbad|295.34117|+48.44628
297.2815000|+48.4221667|10988708|19490756+4825198|4994.1|-0.420| 0.056| 30.059| 3.871|RC      | 1.0041| 1.098| 0.079|10.992| 0.024| 2.397| 0.010| 1.17e-03| 0.008| 3.611| 0.270|                |  0|KCat|Sloan|Simbad|297.28150|+48.42217
297.3477083|+48.4800000|10988898|19492345+4828480|4755.9| 0.195| 0.044| 37.149| 4.139|RC      | 0.9993| 1.503| 0.076|11.708| 0.022| 2.478| 0.010| 1.32e-03| 0.008| 3.389| 0.375|                |  0|KCat|Sloan|Simbad|297.34771|+48.48000
297.4600833|+48.4139444|10989210|19495042+4824502|5093.2|-0.085| 0.025| 51.587| 4.675|RC(S)   | 1.0000| 2.732| 0.069|13.168| 0.019| 2.635| 0.009| 1.69e-03| 0.008| 2.592| 0.236|                |  1|KCat|Sloan|Simbad|297.46008|+48.41394
297.7482500|+48.4451667|10989954|19505958+4826426|4670.2| 0.100| 0.051| 56.970| 5.827|RGB     | 1.0356| 1.164| 0.040| 8.358| 0.015| 2.660| 0.007| 2.81e-03| 0.007| 3.838| 0.300|                |  0|KCat|Sloan|Simbad|297.74825|+48.44517
297.7505417|+48.4001667|10989961|19510013+4824006|4879.1|-0.207| 0.061| 77.979| 7.514|RGB     | 1.0301| 1.177| 0.038| 7.106| 0.014| 2.806| 0.007| 4.63e-03| 0.007| 3.712| 0.266|                |  0|KCat|Sloan|Simbad|297.75054|+48.40017
297.8042500|+48.4461944|10990113|19511302+4826463|4517.0| 0.388| 0.006| 47.250| 4.908|RGB     | 1.0372| 1.247| 0.041| 9.579| 0.015| 2.571| 0.007| 2.00e-03| 0.007| 3.797| 0.300|                |  0|KCat|Sloan|Simbad|297.80425|+48.44619
297.8571250|+48.4425833|10990243|19512571+4826333|4797.2| 0.000| 0.016| 32.879| 3.966|RC      | 1.0018| 1.239| 0.078|11.275| 0.023| 2.427| 0.010| 1.22e-03| 0.008| 3.569| 0.296|                |  0|KCat|Sloan|Simbad|297.85712|+48.44258
298.0297083|+48.4787500|10990704|19520713+4828435|4783.3|-0.203| 0.176| 29.809| 3.982|RC      | 0.9944| 0.932| 0.079|10.276| 0.024| 2.384| 0.010| 1.21e-03| 0.008| 3.827| 0.167|                |  0|KCat|Sloan|Simbad|298.02971|+48.47875
298.2483750|+48.4916111|10991271|19525961+4829298|5059.4| 0.059|-0.042| 75.763| 6.454|RC      | 1.0035| 2.326| 0.058|10.043| 0.014| 2.801| 0.008| 3.24e-03| 0.008| 2.944| 0.236|                |  1|KCat|Sloan|Simbad|298.24837|+48.49161
298.2950833|+48.4254167|10991398|19531082+4825315|4828.0|-0.142| 0.045| 33.098| 4.121|RC      | 0.9946| 1.127| 0.078|10.700| 0.023| 2.431| 0.010| 1.30e-03| 0.008| 3.644| 0.075|                |  1|KCat|Sloan|Simbad|298.29508|+48.42542
298.4049583|+48.4619167|10991673|19533719+4827429|4688.0| 0.016|-0.010| 41.057| 4.377|RGB     | 1.0345| 1.382| 0.041|10.717| 0.015| 2.518| 0.007| 1.58e-03| 0.007| 3.540| 0.240|                |  1|KCat|Sloan|Simbad|298.40496|+48.46192
298.4526667|+48.4593611|10991798|19534864+4827337|4684.8| 0.173|-0.003| 54.781| 5.581|RGB     | 1.0350| 1.238| 0.040| 8.782| 0.015| 2.643| 0.007| 2.58e-03| 0.007| 3.759| 0.380|                |  0|KCat|Sloan|Simbad|298.45267|+48.45936
298.5815000|+48.4516111|10992126|19541956+4827058|4433.6|-0.443| 0.228|  7.827| 1.392|RGB     | 1.0396| 0.843| 0.044|19.446| 0.017| 1.786| 0.007| 1.62e-04| 0.008| 4.162| 0.231|Ageold          |  1|KCat|Sloan|Simbad|298.58150|+48.45161
298.6685000|+48.4976667|10992345|19544044+4829516|4626.8| 0.036| 0.042| 56.239| 5.861|RGB     | 1.0368| 1.074| 0.040| 8.098| 0.015| 2.652| 0.007| 2.85e-03| 0.007| 3.945| 0.056|                |  0|KCat|Sloan|Simbad|298.66850|+48.49767
298.6870833|+48.4926111|10992390|19544490+4829334|4169.8| 0.099|-0.006|  7.301| 1.192|RGB     | 1.0433| 1.146| 0.044|23.835| 0.017| 1.743| 0.007| 1.19e-04| 0.008| 3.853| 0.321|                |  1|KCat|Sloan|Simbad|298.68708|+48.49261
298.7993750|+48.4055556|10992711|19551185+4824200|4534.2|-0.178| 0.160| 35.049| 4.070|RGB     | 1.0397| 1.072| 0.042|10.304| 0.016| 2.442| 0.007| 1.38e-03| 0.007| 3.879| 0.027|                |  1|KCat|Sloan|Simbad|298.79937|+48.40556
282.1814167|+48.5309722|11013471|18484354+4831515|4799.5|-0.316| 0.078| 51.916| 5.550|RGB     | 1.0354| 1.115| 0.040| 8.512| 0.015| 2.625| 0.007| 2.55e-03| 0.007| 3.756| 0.119|                |  0|KCat|Sloan|Simbad|282.18142|+48.53097
283.0487917|+48.5660000|11014721|18521171+4833576|4782.5|-0.562| 0.129| 56.221| 6.121|RGB     | 1.0356| 0.952| 0.040| 7.563| 0.015| 2.659| 0.007| 3.10e-03| 0.007| 3.936| 0.052|                |  0|KCat|Sloan|Simbad|283.04879|+48.56600
283.4659583|+48.5275000|11015261|18535183+4831390|4935.9|-0.055| 0.014| 53.851| 5.270|RC      | 0.9986| 1.847| 0.068|10.680| 0.018| 2.647| 0.009| 2.14e-03| 0.008| 3.136| 0.049|                |  0|KCat|Sloan|Simbad|283.46596|+48.52750
283.5475417|+48.5360000|11015392|18541141+4832096|4788.5| 0.309| 0.026|244.422|17.535|RGB     | 1.0170| 1.251| 0.028| 4.157| 0.009| 3.298| 0.007| 2.46e-02| 0.006| 3.769| 0.032|                |  0|KCat|Sloan|Simbad|283.54754|+48.53600
285.2243750|+48.5276111|11017831|19005385+4831394|4939.5|-0.030|-0.015|229.651|16.926|RGB     | 1.0168| 1.253| 0.028| 4.259| 0.009| 3.277| 0.007| 2.29e-02| 0.006| 3.663| 0.048|                |  1|KCat|Sloan|Simbad|285.22437|+48.52761
285.6064167|+48.5485833|11018481|19022554+4832549|4380.5|-0.098| 0.055|  9.790| 1.511|RGB     | 1.0431| 1.153| 0.044|20.390| 0.017| 1.881| 0.007| 1.92e-04| 0.008| 3.793| 0.164|                |  1|KCat|Sloan|Simbad|285.60642|+48.54858
285.7492500|+48.5739444|11018710|19025982+4834262|4616.4| 0.157| 0.016| 53.219| 5.454|RGB     | 1.0359| 1.213| 0.040| 8.853| 0.015| 2.628| 0.007| 2.46e-03| 0.007| 3.787| 0.082|                |  1|KCat|Sloan|Simbad|285.74925|+48.57394
285.8533333|+48.5358056|11018922|19032480+4832089|4968.0|-0.310| 0.060| 33.351| 4.107|RC      | 0.9901| 1.242| 0.078|11.113| 0.023| 2.441| 0.010| 1.28e-03| 0.008| 3.495| 0.094|                |  1|KCat|Sloan|Simbad|285.85333|+48.53581
286.1992500|+48.5433056|11019452|19044782+4832359|4977.3|-0.326| 0.049|245.971|25.886|RGB     |       |      |      |      |      | 3.309| 0.007|         |      |      | 0.000|No Fdnu         |  0|KCat|Sloan|Simbad|286.19925|+48.54331
286.5576667|+48.5990000|11019954|19061384+4835564|4881.6|-0.204| 0.046| 34.477| 4.179|RC      | 0.9900| 1.247| 0.077|10.998| 0.023| 2.451| 0.010| 1.32e-03| 0.008| 3.512| 0.102|                |  1|KCat|Sloan|Simbad|286.55767|+48.59900
286.7290833|+48.5025556|11020211|19065498+4830092|4772.9|-0.306| 0.140|106.603| 9.852|RGB     | 1.0273| 0.995| 0.036| 5.620| 0.013| 2.937| 0.007| 7.91e-03| 0.007| 3.962| 0.000|                |  1|KCat|Sloan|Simbad|286.72908|+48.50256
287.1382500|+48.5325556|11020885|19083318+4831572|4518.2| 0.480| 0.011| 32.241| 3.797|RC      | 1.0067| 1.247| 0.078|11.595| 0.023| 2.405| 0.010| 1.13e-03| 0.008| 3.646| 0.154|                |  0|KCat|Sloan|Simbad|287.13825|+48.53256
290.0469167|+48.5303889|11026184|19201126+4831494|4806.4| 0.143| 0.015| 47.802| 4.540|RC      | 1.0055| 2.191| 0.071|12.429| 0.020| 2.590| 0.009| 1.61e-03| 0.008| 3.034| 0.159|                |  0|KCat|Sloan|Simbad|290.04692|+48.53039
290.2007500|+48.5999167|11026472|19204818+4835597|4847.0| 0.162|-0.036| 91.450| 7.755|RGB     | 1.0237| 1.698| 0.037| 7.895| 0.013| 2.873| 0.007| 4.87e-03| 0.007| 3.265| 0.127|                |  1|KCat|Sloan|Simbad|290.20075|+48.59992
290.4706250|+48.5398611|11026973|19215295+4832235|4551.6| 0.210| 0.031| 23.661| 3.029|RC      | 1.0105| 1.211| 0.082|13.315| 0.025| 2.272| 0.010| 7.23e-04| 0.008| 3.645| 0.200|                |  0|KCat|Sloan|Simbad|290.47062|+48.53986
290.4886250|+48.5688056|11027005|19215727+4834077|4888.1| 0.092| 0.007| 50.698| 5.101|RC      | 0.9990| 1.726| 0.070|10.668| 0.019| 2.619| 0.009| 2.00e-03| 0.008| 3.213| 0.131|                |  1|KCat|Sloan|Simbad|290.48862|+48.56881
290.6815833|+48.5653889|11027337|19224358+4833554|4536.8| 0.026| 0.010| 33.568| 3.889|RGB     | 1.0400| 1.129| 0.042|10.804| 0.016| 2.424| 0.007| 1.26e-03| 0.007| 3.866| 0.195|                |  1|KCat|Sloan|Simbad|290.68158|+48.56539
291.2349583|+48.5801944|11028372|19245639+4834487|4715.2|-0.294| 0.080| 39.773| 4.569|RGB     | 1.0389| 1.049| 0.041| 9.474| 0.015| 2.506| 0.007| 1.74e-03| 0.007| 3.882| 0.128|                |  1|KCat|Sloan|Simbad|291.23496|+48.58019
291.3425417|+48.5761389|11028575|19252221+4834341|4838.5|-0.041| 0.004| 36.841| 4.279|RC      | 1.0003| 1.311| 0.076|10.935| 0.022| 2.478| 0.010| 1.41e-03| 0.008| 3.501| 0.053|                |  1|KCat|Sloan|Simbad|291.34254|+48.57614
291.4573750|+48.5571111|11028826|19254977+4833256|      |      |      | 48.612| 5.326|Bad Teff|       |      |      |      |      |      |      |         |      |      |      |No Seis         |  0|KCat|Sloan|Simbad|291.45737|+48.55711
291.5936667|+48.5337222|11029151|19262248+4832014|4751.8| 0.105| 0.001| 36.299| 4.181|RC      | 0.9990| 1.345| 0.076|11.209| 0.022| 2.468| 0.010| 1.35e-03| 0.008| 3.506| 0.167|                |  1|KCat|Sloan|Simbad|291.59367|+48.53372
291.6992917|+48.5540556|11029396|19264783+4833146|4641.9| 0.161| 0.084| 28.556| 3.872|RC      | 1.0013| 0.852| 0.080|10.115| 0.024| 2.358| 0.010| 1.16e-03| 0.008| 3.983| 0.107|                |  1|KCat|Sloan|Simbad|291.69929|+48.55406
291.7102917|+48.5948889|11029423|19265047+4835416|4614.2| 0.044| 0.059| 75.345| 7.305|RGB     | 1.0340| 1.077| 0.038| 7.012| 0.014| 2.778| 0.007| 4.40e-03| 0.007| 3.940| 0.007|                |  1|KCat|Sloan|Simbad|291.71029|+48.59489
291.8017500|+48.5271944|11029591|19271242+4831379|4636.2|-0.065| 0.087| 29.644| 3.790|RC      | 0.9826| 1.118| 0.079|11.376| 0.024| 2.374| 0.010| 1.07e-03| 0.008| 3.677| 0.028|                |  0|KCat|Sloan|Simbad|291.80175|+48.52719
292.2695833|+48.5039167|11030524|19290470+4830141|4827.8|-0.204| 0.048| 94.022| 8.870|RGB     | 1.0290| 1.050| 0.037| 6.130| 0.013| 2.884| 0.007| 6.43e-03| 0.007| 3.897| 0.086|                |  0|KCat|Sloan|Simbad|292.26958|+48.50392
292.5131250|+48.5799722|11031040|19300315+4834479|4651.0| 0.042| 0.021| 26.812| 3.472|RC(S)   | 1.0065| 1.071| 0.081|11.701| 0.025| 2.331| 0.010| 9.43e-04| 0.008| 3.742| 0.079|                |  1|KCat|Sloan|Simbad|292.51312|+48.57997
292.9197917|+48.5474722|11031856|19314075+4832509|4871.0|-0.331| 0.070| 27.498| 3.657|RC      | 1.0053| 1.012| 0.080|11.098| 0.024| 2.352| 0.010| 1.04e-03| 0.008| 3.717| 0.120|                |  0|KCat|Sloan|Simbad|292.91979|+48.54747
293.2825417|+48.5942222|11032660|19330781+4835392|4747.9|-0.285| 0.095| 20.039| 2.822|RGB     | 1.0468| 0.904| 0.043|12.368| 0.016| 2.210| 0.007| 6.74e-04| 0.008| 4.106| 0.087|                |  0|KCat|Sloan|Simbad|293.28254|+48.59422
293.5127083|+48.5531111|11033153|19340305+4833112|4754.6|-0.035| 0.011| 52.998| 5.335|RGB     | 1.0327| 1.384| 0.040| 9.409| 0.015| 2.632| 0.007| 2.34e-03| 0.007| 3.528| 0.130|                |  0|KCat|Sloan|Simbad|293.51271|+48.55311
293.5807500|+48.5071944|11033302|19341938+4830259|4880.3|-0.210| 0.023| 36.260| 4.200|RC      | 0.9935| 1.401| 0.076|11.370| 0.022| 2.473| 0.010| 1.34e-03| 0.008| 3.377| 0.031|                |  1|KCat|Sloan|Simbad|293.58075|+48.50719
293.7015000|+48.5819167|11033569|19344836+4834549|4628.0| 0.397| 0.003| 93.963| 8.371|RGB     | 1.0309| 1.231| 0.037| 6.708| 0.013| 2.875| 0.007| 5.75e-03| 0.007| 3.814| 0.158|                |  1|KCat|Sloan|Simbad|293.70150|+48.58192
293.8383750|+48.5923333|11033882|19352121+4835324|4545.0|-0.173| 0.070| 21.916| 2.780|RGB     | 1.0404| 1.205| 0.043|13.804| 0.016| 2.239| 0.007| 6.46e-04| 0.008| 3.702| 0.132|                |  0|KCat|Sloan|Simbad|293.83837|+48.59233
294.9331250|+48.5067500|11036477|19394395+4830243|4807.2| 0.171|-0.011|124.469|10.404|RGB     | 1.0242| 1.303| 0.034| 5.941| 0.012| 3.005| 0.007| 8.77e-03| 0.007| 3.676| 0.165|                |  0|KCat|Sloan|Simbad|294.93312|+48.50675
295.2375833|+48.5033889|11037219|19405702+4830122|4946.7| 0.250|-0.032|109.760| 8.433|RGB(S)  | 1.0080| 2.303| 0.035| 8.350| 0.012| 2.957| 0.007| 5.58e-03| 0.007| 2.888| 0.111|                |  1|KCat|Sloan|Simbad|295.23758|+48.50339
295.2693750|+48.5610833|11037290|19410465+4833399|4762.2| 0.196| 0.004| 43.178| 4.438|RC      | 1.0083| 1.725| 0.073|11.631| 0.021| 2.544| 0.009| 1.55e-03| 0.008| 3.244| 0.166|                |  1|KCat|Sloan|Simbad|295.26937|+48.56108
295.5300417|+48.5206944|11037923|19420721+4831145|4619.8| 0.200| 0.036| 31.173| 3.849|RC      | 1.0023| 1.123| 0.079|11.126| 0.024| 2.395| 0.010| 1.15e-03| 0.008| 3.729| 0.152|                |  0|KCat|Sloan|Simbad|295.53004|+48.52069
295.5658333|+48.5138056|11038023|19421580+4830497|5111.7|-0.690| 0.258| 29.906| 4.567|RC(S)   | 0.9612| 0.688| 0.079| 8.671| 0.024| 2.399| 0.010| 1.49e-03| 0.008| 4.044| 0.153|                |  0|KCat|Sloan|Simbad|295.56583|+48.51381
295.8648750|+48.5826111|11038809|19432757+4834574|4949.2| 0.098| 0.000|       |      |REJECT  |       |      |      |      |      |      |      |         |      |      |      |No Seis         |  0|KCat|Sloan|Simbad|295.86487|+48.58261
297.0555000|+48.5088333|11042262|19481332+4830318|4762.5| 0.034| 0.049| 32.852| 4.064|RC      | 1.0010| 1.112| 0.078|10.708| 0.023| 2.425| 0.010| 1.28e-03| 0.008| 3.705| 0.342|                |  0|KCat|Sloan|Simbad|297.05550|+48.50883
297.0969167|+48.5164444|11042388|19482326+4830592|4270.8|-0.325| 0.212|  9.249| 1.483|RGB     | 1.0453| 1.000| 0.044|19.667| 0.017| 1.851| 0.007| 1.86e-04| 0.008| 3.949| 0.133|                |  1|KCat|Sloan|Simbad|297.09692|+48.51644
297.1976667|+48.5315833|11042658|19484744+4831537|4466.9| 0.304| 0.000| 38.874| 4.227|RGB     | 1.0386| 1.234| 0.041|10.535| 0.015| 2.484| 0.007| 1.49e-03| 0.007| 3.798| 0.297|                |  0|KCat|Sloan|Simbad|297.19767|+48.53158
297.4037083|+48.5857500|11043208|19493689+4835087|4598.0| 0.163| 0.014| 52.926| 5.409|RGB     | 1.0358| 1.226| 0.040| 8.936| 0.015| 2.624| 0.007| 2.42e-03| 0.007| 3.771| 0.228|                |  1|KCat|Sloan|Simbad|297.40371|+48.58575
297.5775000|+48.5582222|11043690|19501860+4833296|4571.6| 0.480| 0.006| 34.594| 3.801|RC      | 1.0105| 1.538| 0.077|12.394| 0.023| 2.438| 0.010| 1.14e-03| 0.008| 3.401| 0.340|                |  0|KCat|Sloan|Simbad|297.57750|+48.55822
297.6055417|+48.5382500|11043770|19502533+4832177|4832.9| 0.136|-0.015|       |      |REJECT  |       |      |      |      |      |      |      |         |      |      |      |No Seis         |  0|KCat|Sloan|Simbad|297.60554|+48.53825
297.6181250|+48.5060833|11043806|19502835+4830219|4239.9| 0.076| 0.031|  7.769| 1.262|RGB     | 1.0439| 1.123| 0.044|22.781| 0.017| 1.773| 0.007| 1.34e-04| 0.008| 3.877| 0.324|SeisUnc         |  0|KCat|Sloan|Simbad|297.61812|+48.50608
297.6252083|+48.5211389|11043820|19503005+4831161|4619.5|-0.291| 0.191| 47.299| 5.300|RGB     | 1.0390| 0.945| 0.041| 8.286| 0.015| 2.577| 0.007| 2.34e-03| 0.007| 4.042| 0.132|                |  0|KCat|Sloan|Simbad|297.62521|+48.52114
297.6476667|+48.5338333|11043872|19503544+4832018|5046.2|-0.638| 0.269| 28.388| 4.107|RC      | 0.9766| 0.828| 0.080| 9.796| 0.024| 2.374| 0.010| 1.24e-03| 0.008| 3.880| 0.239|                |  0|KCat|Sloan|Simbad|297.64767|+48.53383
297.6529583|+48.5683889|11043882|19503671+4834062|4739.8|-0.138| 0.191| 29.190| 3.897|RC      | 0.9956| 0.936| 0.080|10.434| 0.024| 2.373| 0.010| 1.16e-03| 0.008| 3.839| 0.169|                |  0|KCat|Sloan|Simbad|297.65296|+48.56839
297.8063750|+48.5591111|11044315|19511353+4833328|5084.6|-0.008|-0.036| 60.615| 5.287|RC      | 0.9811| 2.917| 0.065|12.557| 0.017| 2.705| 0.009| 2.08e-03| 0.008| 2.610| 0.228|                |  1|KCat|Sloan|Simbad|297.80637|+48.55911
297.9449167|+48.5577778|11044668|19514678+4833280|4814.8|-0.844| 0.234| 50.263| 5.656|RGB     | 1.0356| 0.942| 0.040| 7.946| 0.015| 2.612| 0.007| 2.65e-03| 0.007| 3.903| 0.127|                |  0|KCat|Sloan|Simbad|297.94492|+48.55778
298.2857083|+48.5928333|11045572|19530857+4835342|4678.9| 0.168|-0.011| 63.316| 5.995|RGB     | 1.0313| 1.453| 0.039| 8.854| 0.014| 2.706| 0.007| 2.95e-03| 0.007| 3.514| 0.215|                |  1|KCat|Sloan|Simbad|298.28571|+48.59283
298.3631667|+48.5843889|11045769|19532716+4835038|4736.8|-0.224| 0.152| 84.536| 8.165|RGB     | 1.0312| 1.024| 0.037| 6.414| 0.013| 2.834| 0.007| 5.47e-03| 0.007| 3.944| 0.166|                |  0|KCat|Sloan|Simbad|298.36317|+48.58439
298.6835833|+48.5526111|11046644|19544406+4833094|4813.5|-0.113| 0.113| 30.288| 3.962|RC      | 0.9937| 1.010| 0.079|10.598| 0.024| 2.392| 0.010| 1.20e-03| 0.008| 3.762| 0.386|                |  0|KCat|Sloan|Simbad|298.68358|+48.55261
298.7460417|+48.5018611|11046830|19545905+4830067|4745.4|-0.769| 0.237| 56.782| 6.118|RGB     | 1.0335| 0.979| 0.040| 7.646| 0.015| 2.662| 0.007| 3.09e-03| 0.007| 3.848| 0.166|                |  0|KCat|Sloan|Simbad|298.74604|+48.50186
298.7615000|+48.5248333|11046878|19550276+4831294|4743.4| 0.186| 0.052| 35.821| 4.169|RC      | 1.0013| 1.292| 0.077|11.064| 0.023| 2.462| 0.010| 1.34e-03| 0.008| 3.567| 0.419|                |  0|KCat|Sloan|Simbad|298.76150|+48.52483
282.3990833|+48.6364444|11068380|18493578+4838112|4717.0|-0.031| 0.054| 79.144| 7.600|RGB     | 1.0321| 1.109| 0.038| 6.904| 0.014| 2.805| 0.007| 4.75e-03| 0.007| 3.859| 0.133|                |  0|KCat|Sloan|Simbad|282.39908|+48.63644
285.0601250|+48.6137778|11072164|19001443+4836496|5206.0|-1.056| 0.276| 32.644| 4.764|RC(S)   | 0.9670| 0.759| 0.078| 8.676| 0.023| 2.441| 0.010| 1.64e-03| 0.008| 3.939| 0.000|                |  0|KCat|Sloan|Simbad|285.06012|+48.61378
285.2612917|+48.6332500|11072470|19010271+4837597|4635.1| 0.243|-0.008| 32.934| 4.047|RC      | 1.0022| 1.089| 0.078|10.651| 0.023| 2.420| 0.010| 1.27e-03| 0.008| 3.761| 0.127|                |  1|KCat|Sloan|Simbad|285.26129|+48.63325
285.4948750|+48.6353889|11072852|19015877+4838074|4428.6| 0.010| 0.047|  8.941| 1.463|RGB     | 1.0478| 0.996| 0.044|19.778| 0.017| 1.844| 0.007| 1.81e-04| 0.008| 4.057| 0.242|SeisUnc         |  1|KCat|Sloan|Simbad|285.49487|+48.63539
285.8064583|+48.6373056|11073377|19031355+4838143|4330.2| 0.332| 0.052| 22.916| 2.903|RGB     | 1.0461| 1.054| 0.043|12.782| 0.016| 2.248| 0.007| 7.12e-04| 0.008| 4.049| 0.126|                |  0|KCat|Sloan|Simbad|285.80646|+48.63731
285.9482500|+48.6212778|11073623|19034758+4837166|4773.3| 0.036| 0.063| 34.219| 4.092|RC(S)   | 0.9995| 1.235| 0.077|11.047| 0.023| 2.443| 0.010| 1.29e-03| 0.008| 3.597| 0.159|                |  0|KCat|Sloan|Simbad|285.94825|+48.62128
286.5269167|+48.6069167|11074543|19060646+4836249|4649.3|-0.139| 0.118| 57.113| 6.019|RGB     | 1.0372| 1.016| 0.040| 7.810| 0.015| 2.660| 0.007| 3.01e-03| 0.007| 3.962| 0.061|                |  1|KCat|Sloan|Simbad|286.52692|+48.60692
287.3670833|+48.6134444|11075808|19092810+4836484|4523.3| 0.336| 0.009| 38.690| 4.196|RGB     | 1.0382| 1.279| 0.041|10.717| 0.015| 2.485| 0.007| 1.46e-03| 0.007| 3.751| 0.379|                |  0|KCat|Sloan|Simbad|287.36708|+48.61344
287.4235833|+48.6358056|11075908|19094166+4838089|4828.6|-0.045| 0.035| 37.506| 4.322|RC      | 1.0002| 1.325| 0.076|10.899| 0.022| 2.485| 0.010| 1.44e-03| 0.008| 3.489| 0.168|                |  1|KCat|Sloan|Simbad|287.42358|+48.63581
287.6192500|+48.6328611|11076239|19102862+4837583|4132.7| 0.052| 0.019|  3.604| 0.746|RGB     | 1.0332| 0.921| 0.044|30.471| 0.017| 1.434| 0.007| 4.59e-05| 0.008| 4.166| 0.351|Ageold          |  0|KCat|Sloan|Simbad|287.61925|+48.63286
289.9699167|+48.6356944|11080639|19195278+4838085|4583.3| 0.266| 0.026| 56.656| 5.626|RGB     | 1.0347| 1.285| 0.040| 8.848| 0.015| 2.653| 0.007| 2.62e-03| 0.007| 3.729| 0.247|                |  0|KCat|Sloan|Simbad|289.96992|+48.63569
290.1273750|+48.6610556|11080937|19203057+4839398|4525.5| 0.185| 0.013| 20.288| 2.704|RC(S)   | 1.0088| 1.200| 0.084|14.331| 0.026| 2.204| 0.010| 5.75e-04| 0.008| 3.649| 0.218|                |  1|KCat|Sloan|Simbad|290.12737|+48.66106
290.4660833|+48.6994722|11081517|19215186+4841581|4772.9| 0.070| 0.015| 37.523| 4.254|RC      | 0.9967| 1.410| 0.076|11.273| 0.022| 2.483| 0.010| 1.39e-03| 0.008| 3.440| 0.232|                |  1|KCat|Sloan|Simbad|290.46608|+48.69947
290.6206667|+48.6365000|11081810|19222896+4838114|4812.9|-0.377| 0.185| 25.085| 3.530|RC      | 0.9953| 0.904| 0.082|11.018| 0.025| 2.310| 0.010| 9.53e-04| 0.008| 3.836| 0.135|                |  0|KCat|Sloan|Simbad|290.62067|+48.63650
290.6309167|+48.6994444|11081838|19223142+4841580|4605.4| 0.212| 0.004| 30.104| 3.799|RC      | 1.0042| 1.052| 0.079|10.971| 0.024| 2.380| 0.010| 1.12e-03| 0.008| 3.795| 0.192|                |  1|KCat|Sloan|Simbad|290.63092|+48.69944
291.4455417|+48.6889167|11083319|19254693+4841201|5099.1|-0.263| 0.054| 45.515| 4.215|RC(S)   | 1.0000| 2.844| 0.072|14.299| 0.020| 2.581| 0.009| 1.37e-03| 0.008| 2.547| 0.101|SeisUnc         |  1|KCat|Sloan|Simbad|291.44554|+48.68892
291.6041667|+48.6426111|11083613|19262500+4838334|4742.7|-0.387| 0.224| 87.985| 8.616|RGB     | 1.0308| 0.935| 0.037| 6.005| 0.013| 2.852| 0.007| 6.09e-03| 0.007| 4.018| 0.028|                |  1|KCat|Sloan|Simbad|291.60417|+48.64261
291.6484167|+48.6509722|11083701|19263562+4839035|4677.7| 0.057| 0.004| 31.206| 3.859|RC      | 1.0008| 1.143| 0.079|11.185| 0.024| 2.399| 0.010| 1.15e-03| 0.008| 3.678| 0.161|                |  1|KCat|Sloan|Simbad|291.64842|+48.65097
291.8188333|+48.6526111|11084022|19271652+4839094|4655.9| 0.029|-0.003| 44.471| 4.665|RGB     | 1.0351| 1.344| 0.041|10.172| 0.015| 2.551| 0.007| 1.80e-03| 0.007| 3.606| 0.130|                |  1|KCat|Sloan|Simbad|291.81883|+48.65261
291.8519583|+48.6992222|11084086|19272447+4841572|4868.1|-0.128| 0.037| 35.719| 4.260|RC      | 0.9974| 1.242| 0.077|10.790| 0.023| 2.466| 0.010| 1.39e-03| 0.008| 3.541| 0.197|                |  0|KCat|Sloan|Simbad|291.85196|+48.69922
292.1168333|+48.6939167|11084620|19282804+4841381|4566.2| 0.434| 0.016| 26.039| 3.000|RC      | 1.0078| 1.704| 0.081|15.045| 0.025| 2.315| 0.010| 7.06e-04| 0.008| 3.294| 0.205|                |  1|KCat|Sloan|Simbad|292.11683|+48.69392
292.6741250|+48.6433889|11085766|19304179+4838362|4751.6| 0.082| 0.011| 84.084| 7.702|RGB     | 1.0295| 1.288| 0.037| 7.205| 0.013| 2.833| 0.007| 4.85e-03| 0.007| 3.670| 0.133|                |  0|KCat|Sloan|Simbad|292.67412|+48.64339
292.6992083|+48.6213333|11085809|19304781+4837168|4898.9|-0.274| 0.064| 35.783| 4.270|RC      | 0.9917| 1.277| 0.077|10.915| 0.023| 2.468| 0.010| 1.38e-03| 0.008| 3.480| 0.131|                |  1|KCat|Sloan|Simbad|292.69921|+48.62133
293.1392917|+48.6450278|11086673|19323343+4838421|4819.0| 0.309| 0.004|119.107| 9.514|RGB     | 1.0223| 1.651| 0.034| 6.832| 0.012| 2.987| 0.007| 7.30e-03| 0.007| 3.342| 0.134|                |  0|KCat|Sloan|Simbad|293.13929|+48.64503
293.2781667|+48.6145000|11086949|19330676+4836522|4691.3|-0.003| 0.136|135.386|11.706|RGB     | 1.0254| 1.004| 0.033| 5.031| 0.012| 3.037| 0.007| 1.11e-02| 0.007| 4.048| 0.000|                |  0|KCat|Sloan|Simbad|293.27817|+48.61450
293.3363333|+48.6289444|11087103|19332072+4837442|4575.9|-0.235| 0.229| 45.077| 5.054|RGB     | 1.0399| 0.971| 0.041| 8.628| 0.015| 2.554| 0.007| 2.13e-03| 0.007| 4.032| 0.032|                |  0|KCat|Sloan|Simbad|293.33633|+48.62894
293.4700000|+48.6122222|11087371|19335280+4836440|4750.1| 0.296| 0.013|142.391|11.511|RGB     | 1.0233| 1.284| 0.033| 5.528| 0.011| 3.061| 0.007| 1.07e-02| 0.007| 3.733| 0.067|                |  1|KCat|Sloan|Simbad|293.47000|+48.61222
293.7398333|+48.6585000|11087963|19345756+4839306|4794.7| 0.175| 0.015| 44.585| 4.692|RC      | 0.9979| 1.600| 0.072|11.006| 0.021| 2.559| 0.009| 1.69e-03| 0.008| 3.305| 0.161|                |  0|KCat|Sloan|Simbad|293.73983|+48.65850
294.7972083|+48.6414722|11090395|19391133+4838293|4839.3|-0.157| 0.034| 37.049| 4.289|RC      | 0.9942| 1.354| 0.076|11.080| 0.022| 2.481| 0.010| 1.40e-03| 0.008| 3.436| 0.151|                |  1|KCat|Sloan|Simbad|294.79721|+48.64147
294.9162917|+48.6147500|11090673|19393991+4836531|4804.4|-0.222| 0.066| 26.934| 3.529|RC      | 1.0053| 1.074| 0.081|11.595| 0.025| 2.341| 0.010| 9.72e-04| 0.008| 3.673| 0.145|SeisUnc         |  1|KCat|Sloan|Simbad|294.91629|+48.61475
294.9168750|+48.6165000|11090674|19394005+4836594|4874.0|-0.060| 0.041|207.916|16.231|RGB     | 1.0172| 1.076| 0.028| 4.162| 0.009| 3.231| 0.007| 2.11e-02| 0.006| 3.904| 0.088|                |  0|KCat|Sloan|Simbad|294.91687|+48.61650
295.1818750|+48.6833889|11091260|19404365+4841002|4672.2|-0.197| 0.084| 46.281| 5.076|RGB     | 1.0376| 1.076| 0.041| 8.913| 0.015| 2.570| 0.007| 2.14e-03| 0.007| 3.876| 0.160|                |  0|KCat|Sloan|Simbad|295.18187|+48.68339
295.2621250|+48.6875278|11091445|19410291+4841151|4953.1|-0.257| 0.045|192.374|15.158|RGB     | 1.0173| 1.148| 0.029| 4.450| 0.010| 3.201| 0.007| 1.84e-02| 0.006| 3.734| 0.087|                |  0|KCat|Sloan|Simbad|295.26212|+48.68753
297.4242500|+48.6182500|11097136|19494182+4837057|5002.6| 0.057| 0.010| 73.677| 6.299|RC      | 1.0097| 2.261| 0.059|10.069| 0.014| 2.786| 0.008| 3.12e-03| 0.008| 2.986| 0.315|                |  0|KCat|Sloan|Simbad|297.42425|+48.61825
297.6876667|+48.6486389|11097853|19504504+4838551|4597.4| 0.231| 0.036| 45.528| 4.792|RGB     | 1.0364| 1.264| 0.041| 9.780| 0.015| 2.559| 0.007| 1.90e-03| 0.007| 3.747| 0.273|                |  0|KCat|Sloan|Simbad|297.68767|+48.64864
298.0392083|+48.6427222|11098753|19520941+4838338|4810.7|-0.289| 0.075| 41.398| 4.551|RGB     | 1.0353| 1.256| 0.041|10.109| 0.015| 2.527| 0.007| 1.71e-03| 0.007| 3.612| 0.349|                |  0|KCat|Sloan|Simbad|298.03921|+48.64272
298.1404583|+48.6575278|11098995|19523371+4839271|4773.2|-0.014| 0.018| 31.960| 4.052|RC      | 1.0015| 1.038| 0.078|10.479| 0.023| 2.413| 0.010| 1.27e-03| 0.008| 3.751| 0.273|                |  0|KCat|Sloan|Simbad|298.14046|+48.65753
298.2009583|+48.6430556|11099144|19524823+4838350|4687.1| 0.176| 0.018| 51.325| 5.152|RGB     | 1.0336| 1.410| 0.040| 9.684| 0.015| 2.615| 0.007| 2.19e-03| 0.007| 3.567| 0.328|                |  0|KCat|Sloan|Simbad|298.20096|+48.64306
298.2192500|+48.6940556|11099193|19525262+4841386|4627.4| 0.093| 0.057| 53.675| 5.586|RGB     | 1.0368| 1.131| 0.040| 8.509| 0.015| 2.632| 0.007| 2.59e-03| 0.007| 3.878| 0.244|                |  0|KCat|Sloan|Simbad|298.21925|+48.69406
298.4124583|+48.6720000|11099737|19533899+4840192|4806.2| 0.095|-0.006| 37.373| 4.270|RC      | 0.9975| 1.381| 0.076|11.162| 0.022| 2.483| 0.010| 1.40e-03| 0.008| 3.469| 0.304|                |  0|KCat|Sloan|Simbad|298.41246|+48.67200
282.2085417|+48.7254722|11121489|18485005+4843317|4477.6|-0.212| 0.206| 26.281| 3.213|RGB     | 1.0403| 1.140| 0.042|12.307| 0.016| 2.315| 0.007| 8.63e-04| 0.008| 3.785| 0.011|                |  0|KCat|Sloan|Simbad|282.20854|+48.72547
282.5428750|+48.7143889|11121968|18501029+4842518|4729.5|-0.234| 0.036| 47.569| 5.333|RGB     | 1.0384| 0.973| 0.041| 8.338| 0.015| 2.584| 0.007| 2.37e-03| 0.007| 3.996| 0.102|                |  0|KCat|Sloan|Simbad|282.54287|+48.71439
284.6879167|+48.7195000|11124920|18584510+4843102|4672.2|-0.164| 0.052| 42.803| 4.715|RGB     | 1.0373| 1.144| 0.041| 9.558| 0.015| 2.536| 0.007| 1.85e-03| 0.007| 3.780| 0.051|                |  0|KCat|Sloan|Simbad|284.68792|+48.71950
285.2410417|+48.7239722|11125699|19005785+4843263|4577.3| 0.068| 0.062| 58.298| 5.985|RGB     | 1.0365| 1.083| 0.040| 8.010| 0.015| 2.665| 0.007| 2.97e-03| 0.007| 3.939| 0.034|                |  0|KCat|Sloan|Simbad|285.24104|+48.72397
285.7233750|+48.7726667|11126471|19025361+4846216|4848.1|-0.085| 0.056| 31.408| 4.080|RC      | 0.9992| 0.990| 0.079|10.283| 0.024| 2.409| 0.010| 1.28e-03| 0.008| 3.796| 0.132|                |  0|KCat|Sloan|Simbad|285.72337|+48.77267
285.7602917|+48.7526111|11126517|19030247+4845094|4486.4| 0.382| 0.045| 56.799| 5.730|RGB     | 1.0379| 1.151| 0.040| 8.407| 0.015| 2.650| 0.007| 2.73e-03| 0.007| 3.920| 0.128|                |  0|KCat|Sloan|Simbad|285.76029|+48.75261
285.8391250|+48.7861667|11126673|19032139+4847102|4667.5|-0.020| 0.026| 54.915| 5.661|RGB     | 1.0359| 1.168| 0.040| 8.528| 0.015| 2.644| 0.007| 2.65e-03| 0.007| 3.781| 0.014|                |  1|KCat|Sloan|Simbad|285.83912|+48.78617
286.0959583|+48.7321111|11127105|19042303+4843556|4800.3| 0.182| 0.053|192.242|15.127|RGB     | 1.0194| 1.093| 0.029| 4.378| 0.010| 3.194| 0.007| 1.84e-02| 0.006| 3.955| 0.120|                |  1|KCat|Sloan|Simbad|286.09596|+48.73211
286.6935417|+48.7582778|11127981|19064645+4845298|4646.5| 0.107| 0.036| 65.550| 6.506|RGB     | 1.0352| 1.134| 0.039| 7.700| 0.014| 2.720| 0.007| 3.50e-03| 0.007| 3.875| 0.131|                |  0|KCat|Sloan|Simbad|286.69354|+48.75828
287.3401250|+48.7823056|11128910|19092163+4846563|4872.8|-0.079| 0.027| 36.863| 4.157|RC      | 1.0007| 1.487| 0.076|11.621| 0.022| 2.480| 0.010| 1.34e-03| 0.008| 3.350| 0.127|                |  1|KCat|Sloan|Simbad|287.34012|+48.78231
287.6850833|+48.7297778|11129480|19104442+4843472|4784.5| 0.193|-0.010| 43.206| 4.557|RC      | 0.9984| 1.628| 0.073|11.282| 0.021| 2.545| 0.009| 1.60e-03| 0.008| 3.298| 0.149|                |  1|KCat|Sloan|Simbad|287.68508|+48.72978
287.8873750|+48.7451944|11129788|19113297+4844427|4968.3|-0.244| 0.062| 35.325| 4.257|RC      | 0.9961| 1.249| 0.077|10.825| 0.023| 2.466| 0.010| 1.39e-03| 0.008| 3.512| 0.170|                |  0|KCat|Sloan|Simbad|287.88737|+48.74519
287.9934167|+48.7629444|11129945|19115842+4845466|4859.1| 0.096| 0.001| 49.901| 4.849|RC      | 1.0110| 1.905| 0.070|11.311| 0.019| 2.611| 0.009| 1.86e-03| 0.008| 3.135| 0.102|                |  1|KCat|Sloan|Simbad|287.99342|+48.76294
289.8775417|+48.7059444|11133758|19193061+4842214|4152.2|-0.701|-0.106|  3.867| 0.798|RGB     | 1.0353| 0.870| 0.044|28.562| 0.017| 1.466| 0.007| 5.27e-05| 0.008| 3.999| 0.000|                |  0|KCat|Sloan|Simbad|289.87754|+48.70594
289.9661667|+48.7560556|11133969|19195188+4845218|4648.3|-0.120| 0.064| 29.562| 3.709|RC      | 1.0024| 1.120| 0.079|11.395| 0.024| 2.374| 0.010| 1.07e-03| 0.008| 3.650| 0.001|                |  1|KCat|Sloan|Simbad|289.96617|+48.75606
290.2356667|+48.7742778|11134530|19205656+4846274|3965.3| 0.034|-0.288|  4.101| 0.783|RGB     | 1.0398| 1.027| 0.044|30.483| 0.017| 1.481| 0.007| 5.12e-05| 0.008| 3.967| 0.000|SeisUnc         |  0|KCat|Sloan|Simbad|290.23567|+48.77428
290.2767917|+48.7632500|11134608|19210643+4845477|4268.7|-0.025| 0.050|  8.120| 1.296|RGB     | 1.0418| 1.177| 0.044|22.764| 0.017| 1.794| 0.007| 1.41e-04| 0.008| 3.768| 0.229|                |  1|KCat|Sloan|Simbad|290.27679|+48.76325
290.6060000|+48.7290833|11135168|19222544+4843447|4885.6|-0.009|-0.002| 44.506| 4.755|RC      | 0.9977| 1.554| 0.072|10.803| 0.021| 2.562| 0.009| 1.74e-03| 0.008| 3.290| 0.223|                |  1|KCat|Sloan|Simbad|290.60600|+48.72908
290.6826667|+48.7560278|11135286|19224384+4845217|4624.4| 0.316| 0.005| 37.014| 4.121|RC      | 1.0049| 1.418| 0.076|11.472| 0.022| 2.470| 0.010| 1.32e-03| 0.008| 3.480| 0.213|                |  1|KCat|Sloan|Simbad|290.68267|+48.75603
291.0054583|+48.7892222|11135910|19240131+4847212|4680.4|-0.415| 0.081| 29.473| 3.675|RGB     | 1.0408| 1.001| 0.042|10.771| 0.016| 2.374| 0.007| 1.13e-03| 0.008| 3.898| 0.028|                |  1|KCat|Sloan|Simbad|291.00546|+48.78922
291.0802500|+48.7019722|11136049|19241926+4842071|4570.5| 0.235| 0.056| 82.940| 7.768|RGB     | 1.0333| 1.110| 0.037| 6.802| 0.014| 2.818| 0.007| 4.97e-03| 0.007| 3.946| 0.166|                |  0|KCat|Sloan|Simbad|291.08025|+48.70197
291.1340417|+48.7614722|11136139|19243217+4845413|4620.5|-0.160| 0.046| 36.555| 4.282|RGB     | 1.0403| 1.019| 0.041| 9.788| 0.015| 2.465| 0.007| 1.53e-03| 0.007| 3.959| 0.083|                |  1|KCat|Sloan|Simbad|291.13404|+48.76147
291.2280000|+48.7440556|11136338|19245472+4844386|4720.3|-0.175| 0.106| 25.996| 3.538|RC      | 1.0053| 0.931| 0.081|11.036| 0.025| 2.321| 0.010| 9.77e-04| 0.008| 3.844| 0.066|                |  0|KCat|Sloan|Simbad|291.22800|+48.74406
291.3614583|+48.7977500|11136578|19252675+4847519|4699.7| 0.144| 0.022| 89.809| 8.199|RGB     | 1.0303| 1.198| 0.037| 6.744| 0.013| 2.859| 0.007| 5.51e-03| 0.007| 3.801| 0.054|                |  1|KCat|Sloan|Simbad|291.36146|+48.79775
291.4306667|+48.7975278|11136690|19254336+4847511|4833.6|-0.644| 0.256| 19.532| 2.930|RC(S)   | 0.9980| 0.896| 0.084|12.417| 0.026| 2.202| 0.010| 6.60e-04| 0.008| 3.799| 0.098|                |  0|KCat|Sloan|Simbad|291.43067|+48.79753
291.5056250|+48.7161111|11136854|19260135+4842580|5071.5| 0.062|-0.025| 87.457| 7.371|RC(S)   | 0.9972| 2.163| 0.053| 9.009| 0.011| 2.864| 0.008| 4.17e-03| 0.008| 3.013| 0.150|                |  1|KCat|Sloan|Simbad|291.50562|+48.71611
292.3705833|+48.7428056|11138542|19292894+4844341|      |      |      | 14.625| 1.956|Bad Teff|       |      |      |      |      |      |      |         |      |      |      |No Seis         |  0|KCat|Sloan|Simbad|292.37058|+48.74281
293.0553333|+48.7352500|11139884|19321328+4844069|4520.2| 0.458|-0.008| 59.850| 5.955|RGB     | 1.0372| 1.170| 0.039| 8.243| 0.014| 2.674| 0.007| 2.95e-03| 0.007| 3.901| 0.243|                |  0|KCat|Sloan|Simbad|293.05533|+48.73525
293.5247083|+48.7977778|11140831|19340593+4847520|4926.6|-0.325| 0.067| 32.401| 4.065|RC      | 0.9969| 1.140| 0.078|10.824| 0.023| 2.426| 0.010| 1.27e-03| 0.008| 3.586| 0.169|                |  0|KCat|Sloan|Simbad|293.52471|+48.79778
293.5257917|+48.7595000|11140834|19340619+4845342|4685.5| 0.089| 0.005| 55.808| 5.596|RGB     | 1.0343| 1.298| 0.040| 8.912| 0.015| 2.651| 0.007| 2.59e-03| 0.007| 3.663| 0.168|                |  0|KCat|Sloan|Simbad|293.52579|+48.75950
293.7707917|+48.7666944|11141358|19350499+4846001|4820.7|-0.248| 0.050| 27.876| 3.619|RC      | 1.0118| 1.055| 0.080|11.284| 0.024| 2.356| 0.010| 1.03e-03| 0.008| 3.691| 0.100|                |  1|KCat|Sloan|Simbad|293.77079|+48.76669
295.5431667|+48.7652778|11145563|19421036+4845550|4891.1|-0.263| 0.053| 30.046| 3.889|RC      | 0.9901| 1.104| 0.079|11.079| 0.024| 2.392| 0.010| 1.14e-03| 0.008| 3.643| 0.170|                |  1|KCat|Sloan|Simbad|295.54317|+48.76528
295.5842083|+48.7911667|11145672|19422021+4847282|5036.3|-0.094| 0.037| 59.621| 5.539|RC(S)   | 1.0136| 1.993| 0.065|10.491| 0.017| 2.696| 0.009| 2.43e-03| 0.008| 3.054| 0.192|                |  1|KCat|Sloan|Simbad|295.58421|+48.79117
295.7453750|+48.7743333|11146152|19425889+4846276|4625.2| 0.269| 0.033| 31.824| 3.575|RC      | 1.0120| 1.548| 0.078|12.928| 0.023| 2.405| 0.010| 1.01e-03| 0.008| 3.368| 0.208|                |  1|KCat|Sloan|Simbad|295.74537|+48.77433
295.7761250|+48.7289722|11146230|19430627+4843443|4978.6|-0.299| 0.049| 31.173| 4.367|RC(S)   | 0.9874| 0.805| 0.079| 9.245| 0.024| 2.412| 0.010| 1.44e-03| 0.008| 3.948| 0.098|                |  1|KCat|Sloan|Simbad|295.77612|+48.72897
295.7854167|+48.7136944|11146260|19430850+4842493|4699.2| 0.085| 0.015| 44.176| 4.584|RGB     | 1.0341| 1.438| 0.041|10.535| 0.015| 2.551| 0.007| 1.74e-03| 0.007| 3.511| 0.278|                |  0|KCat|Sloan|Simbad|295.78542|+48.71369
295.9140417|+48.7883611|11146647|19433937+4847181|      |      |      | 29.729| 3.348|Bad Teff|       |      |      |      |      |      |      |         |      |      |      |No Seis         |  1|KCat|Sloan|Simbad|295.91404|+48.78836
296.1627083|+48.7451667|11147333|19443905+4844426|4681.9|-0.044| 0.052| 51.880| 5.370|RGB     | 1.0356| 1.223| 0.040| 8.971| 0.015| 2.620| 0.007| 2.39e-03| 0.007| 3.712| 0.236|                |  0|KCat|Sloan|Simbad|296.16271|+48.74517
296.2519167|+48.7411667|11147596|19450046+4844282|4389.9| 0.326| 0.008| 22.045| 2.652|RGB     | 1.0396| 1.409| 0.043|15.015| 0.016| 2.234| 0.007| 5.87e-04| 0.008| 3.602| 0.258|                |  1|KCat|Sloan|Simbad|296.25192|+48.74117
296.3247083|+48.7831111|11147785|19451793+4846592|4676.0|-0.392| 0.220| 52.070| 5.668|RGB     | 1.0375| 0.987| 0.040| 8.047| 0.015| 2.621| 0.007| 2.67e-03| 0.007| 3.938| 0.127|                |  0|KCat|Sloan|Simbad|296.32471|+48.78311
297.8913750|+48.7263333|11152075|19513393+4843348|4849.8|-0.153| 0.078| 31.278| 4.079|RC      | 0.9985| 0.982| 0.079|10.262| 0.024| 2.407| 0.010| 1.28e-03| 0.008| 3.789| 0.296|                |  0|KCat|Sloan|Simbad|297.89137|+48.72633
297.9743750|+48.7073333|11152281|19515385+4842264|4859.7|-0.197| 0.071| 34.377| 4.186|RC      | 0.9892| 1.224| 0.077|10.923| 0.023| 2.449| 0.010| 1.32e-03| 0.008| 3.533| 0.340|                |  0|KCat|Sloan|Simbad|297.97437|+48.70733
297.9905000|+48.7655833|11152312|19515772+4845561|4820.3|-0.061| 0.049| 34.087| 4.090|RC      | 1.0027| 1.225| 0.077|10.997| 0.023| 2.444| 0.010| 1.30e-03| 0.008| 3.581| 0.279|                |  1|KCat|Sloan|Simbad|297.99050|+48.76558
298.1596250|+48.7275000|11152753|19523831+4843390|4837.3| 0.122|-0.001| 43.185| 4.564|RC      | 0.9998| 1.633| 0.073|11.273| 0.021| 2.547| 0.009| 1.61e-03| 0.008| 3.282| 0.298|                |  1|KCat|Sloan|Simbad|298.15962|+48.72750
298.1824583|+48.7924444|11152823|19524379+4847328|4911.5|-0.085| 0.006| 42.715| 4.424|RC(S)   | 1.0110| 1.752| 0.073|11.694| 0.021| 2.546| 0.009| 1.55e-03| 0.008| 3.175| 0.279|                |  1|KCat|Sloan|Simbad|298.18246|+48.79244
298.2078750|+48.7333333|11152894|19524989+4844000|4847.5|-0.090| 0.076| 32.311| 4.115|RC      | 1.0015| 1.031| 0.078|10.351| 0.023| 2.422| 0.010| 1.31e-03| 0.008| 3.748| 0.351|                |  0|KCat|Sloan|Simbad|298.20787|+48.73333
298.2607917|+48.7241667|11153026|19530259+4843270|4937.8|-0.211| 0.033| 37.593| 4.336|RC      | 0.9935| 1.399| 0.076|11.126| 0.022| 2.491| 0.010| 1.43e-03| 0.008| 3.378| 0.302|                |  0|KCat|Sloan|Simbad|298.26079|+48.72417
282.6379167|+48.8816944|11175619|18503310+4852541|4744.9|-0.333| 0.227| 27.998| 3.816|RC      | 0.9935| 0.908| 0.080|10.490| 0.024| 2.355| 0.010| 1.11e-03| 0.008| 3.832| 0.012|                |  0|KCat|Sloan|Simbad|282.63792|+48.88169
284.2700833|+48.8951111|11177727|18570482+4853424|4566.3|-0.098| 0.061| 31.334| 3.778|RGB     | 1.0417| 1.034| 0.042|10.684| 0.016| 2.395| 0.007| 1.20e-03| 0.008| 3.969| 0.087|                |  1|KCat|Sloan|Simbad|284.27008|+48.89511
284.2707083|+48.8746111|11177729|18570497+4852286|4899.4|-0.117| 0.036| 33.189| 4.089|RC      | 0.9964| 1.190| 0.078|10.940| 0.023| 2.435| 0.010| 1.28e-03| 0.008| 3.591| 0.133|                |  0|KCat|Sloan|Simbad|284.27071|+48.87461
286.0684167|+48.8372778|11180468|19041642+4850142|4669.2| 0.222|-0.020| 50.789| 5.058|RGB     | 1.0332| 1.465| 0.040| 9.931| 0.015| 2.610| 0.007| 2.11e-03| 0.007| 3.519| 0.132|                |  1|KCat|Sloan|Simbad|286.06842|+48.83728
286.2366667|+48.8985000|11180779|19045680+4853546|4752.2| 0.073| 0.000| 79.994| 7.574|RGB     | 1.0315| 1.177| 0.038| 7.061| 0.014| 2.811| 0.007| 4.71e-03| 0.007| 3.804| 0.120|                |  0|KCat|Sloan|Simbad|286.23667|+48.89850
286.3675417|+48.8055556|11180994|19052821+4848200|4729.2| 0.122|-0.011| 68.278| 6.510|RGB     | 1.0317| 1.330| 0.039| 8.136| 0.014| 2.741| 0.007| 3.48e-03| 0.007| 3.634| 0.147|                |  1|KCat|Sloan|Simbad|286.36754|+48.80556
286.9555417|+48.8235556|11181828|19074933+4849248|4790.5|-0.921| 0.206| 33.588| 4.141|RGB     | 1.0390| 0.959| 0.042| 9.816| 0.016| 2.436| 0.007| 1.43e-03| 0.007| 3.864| 0.076|                |  1|KCat|Sloan|Simbad|286.95554|+48.82356
286.9950000|+48.8470278|11181891|19075880+4850493|4939.8|-0.164| 0.035| 33.785| 4.139|RC      | 0.9968| 1.208| 0.077|10.902| 0.023| 2.445| 0.010| 1.31e-03| 0.008| 3.573| 0.260|                |  1|KCat|Sloan|Simbad|286.99500|+48.84703
287.5925417|+48.8864444|11182706|19102221+4853112|4707.7|-0.295| 0.101| 38.669| 4.441|RGB     | 1.0387| 1.079| 0.041| 9.747| 0.015| 2.493| 0.007| 1.64e-03| 0.007| 3.840| 0.100|                |  1|KCat|Sloan|Simbad|287.59254|+48.88644
287.9750417|+48.8305556|11183305|19115401+4849500|4404.4|-0.063| 0.052| 17.176| 2.390|RGB     | 1.0469| 0.988| 0.043|14.232| 0.016| 2.126| 0.007| 4.83e-04| 0.008| 4.038| 0.127|                |  0|KCat|Sloan|Simbad|287.97504|+48.83056
290.5336667|+48.8345278|11188067|19220808+4850043|4696.7| 0.216| 0.033| 38.491| 4.289|RC      | 1.0029| 1.402| 0.075|11.143| 0.022| 2.491| 0.010| 1.43e-03| 0.008| 3.478| 0.168|                |  1|KCat|Sloan|Simbad|290.53367|+48.83453
290.5972917|+48.8996111|11188192|19222335+4853586|4787.4|-0.031| 0.154|218.397|16.892|RGB     | 1.0171| 1.035| 0.028| 4.001| 0.009| 3.249| 0.007| 2.28e-02| 0.006| 3.981| 0.000|                |  0|KCat|Sloan|Simbad|290.59729|+48.89961
290.7657083|+48.8976667|11188479|19230377+4853516|4385.6|-0.103| 0.158| 18.688| 2.544|RGB     | 1.0469| 0.986| 0.043|13.642| 0.016| 2.162| 0.007| 5.48e-04| 0.008| 4.043| 0.128|                |  1|KCat|Sloan|Simbad|290.76571|+48.89767
291.2204583|+48.8415556|11189239|19245291+4850296|4644.9| 0.175| 0.086|105.193| 9.426|RGB     | 1.0295| 1.087| 0.036| 5.951| 0.013| 2.925| 0.007| 7.27e-03| 0.007| 3.967| 0.101|                |  0|KCat|Sloan|Simbad|291.22046|+48.84156
291.3208333|+48.8518611|11189432|19251700+4851067|4624.7| 0.043| 0.022| 52.160| 5.442|RGB     | 1.0364| 1.153| 0.040| 8.715| 0.015| 2.619| 0.007| 2.46e-03| 0.007| 3.834| 0.095|                |  1|KCat|Sloan|Simbad|291.32083|+48.85186
291.4399167|+48.8902222|11189648|19254558+4853248|4820.6|-0.150| 0.028| 33.928| 4.221|RC      | 0.9986| 1.083| 0.077|10.365| 0.023| 2.441| 0.010| 1.37e-03| 0.008| 3.683| 0.090|                |  0|KCat|Sloan|Simbad|291.43992|+48.89022
291.6855833|+48.8625000|11190108|19264454+4851450|4478.4|-0.269| 0.143| 23.564| 3.070|RGB     | 1.0439| 0.972| 0.043|11.999| 0.016| 2.267| 0.007| 7.93e-04| 0.008| 3.996| 0.109|                |  0|KCat|Sloan|Simbad|291.68558|+48.86250
291.7927500|+48.8679722|11190322|19271026+4852047|4581.0| 0.239|-0.005| 54.263| 5.481|RGB     | 1.0355| 1.248| 0.040| 8.910| 0.015| 2.634| 0.007| 2.49e-03| 0.007| 3.767| 0.129|                |  1|KCat|Sloan|Simbad|291.79275|+48.86797
291.8526250|+48.8898611|11190431|19272463+4853235|4335.2|-0.084| 0.065| 12.336| 1.857|RGB     | 1.0483| 0.976| 0.044|16.757| 0.016| 1.979| 0.007| 2.93e-04| 0.008| 4.056| 0.128|                |  0|KCat|Sloan|Simbad|291.85262|+48.88986
292.0304167|+48.8040000|11190768|19280730+4848144|4831.3| 0.140| 0.008|230.594|17.412|RGB     | 1.0169| 1.095| 0.028| 3.996| 0.009| 3.274| 0.007| 2.42e-02| 0.006| 3.935| 0.012|                |  1|KCat|Sloan|Simbad|292.03042|+48.80400
292.3802083|+48.8070278|11191444|19293125+4848253|4502.8| 0.035| 0.030| 26.660| 3.271|RGB(S)  | 1.0422| 1.108| 0.042|12.033| 0.016| 2.322| 0.007| 8.97e-04| 0.008| 3.896| 0.072|                |  1|KCat|Sloan|Simbad|292.38021|+48.80703
292.4348750|+48.8117222|11191557|19294437+4848422|4972.3| 0.017|-0.013| 70.228| 6.266|RC      | 1.0003| 2.057| 0.061| 9.851| 0.015| 2.764| 0.008| 3.03e-03| 0.008| 3.058| 0.080|                |  1|KCat|Sloan|Simbad|292.43487|+48.81172
292.7196250|+48.8519722|11192141|19305271+4851071|4258.2| 0.140| 0.003|  8.909| 1.432|RGB     | 1.0479| 1.014| 0.044|20.187| 0.017| 1.834| 0.007| 1.74e-04| 0.008| 4.058| 0.238|                |  0|KCat|Sloan|Simbad|292.71962|+48.85197
293.6557917|+48.8807778|11193975|19343739+4852508|4367.7| 0.269| 0.044| 26.548| 3.205|RGB     | 1.0433| 1.130| 0.042|12.266| 0.016| 2.314| 0.007| 8.63e-04| 0.008| 3.926| 0.189|                |  0|KCat|Sloan|Simbad|293.65579|+48.88078
294.6619167|+48.8942500|11196317|19383886+4853393|4902.0| 0.109|-0.003|224.766|16.415|RGB     | 1.0169| 1.312| 0.028| 4.414| 0.009| 3.266| 0.007| 2.15e-02| 0.006| 3.642| 0.146|                |  0|KCat|Sloan|Simbad|294.66192|+48.89425
294.9522083|+48.8425833|11196963|19394853+4850333|4632.2|-0.195| 0.174| 22.911| 3.235|RGB(S)  | 1.0190| 0.840| 0.043|11.219| 0.016| 2.262| 0.007| 8.39e-04| 0.008| 4.239| 0.050|Ageold          |  1|KCat|Sloan|Simbad|294.95221|+48.84258
295.0241667|+48.8921111|11197101|19400580+4853316|4807.5|-0.268| 0.133| 29.240| 3.939|RC      | 0.9967| 0.917| 0.080|10.281| 0.024| 2.376| 0.010| 1.19e-03| 0.008| 3.837| 0.011|                |  1|KCat|Sloan|Simbad|295.02417|+48.89211
295.1817917|+48.8822222|11197457|19404363+4852560|4812.6| 0.053| 0.019| 40.138| 4.483|RC      | 1.0016| 1.389| 0.074|10.796| 0.022| 2.514| 0.010| 1.56e-03| 0.008| 3.449| 0.193|                |  1|KCat|Sloan|Simbad|295.18179|+48.88222
295.4074583|+48.8371389|11198005|19413779+4850137|4698.1| 0.047| 0.013| 55.886| 5.717|RGB     | 1.0356| 1.196| 0.040| 8.542| 0.015| 2.653| 0.007| 2.71e-03| 0.007| 3.780| 0.200|                |  0|KCat|Sloan|Simbad|295.40746|+48.83714
295.8195417|+48.8735556|11199046|19431669+4852248|4572.2| 0.276| 0.028| 58.003| 5.843|RGB     | 1.0362| 1.173| 0.040| 8.361| 0.015| 2.663| 0.007| 2.83e-03| 0.007| 3.870| 0.212|                |  0|KCat|Sloan|Simbad|295.81954|+48.87356
295.8431667|+48.8030556|11199105|19432236+4848110|4507.4| 0.358| 0.046| 30.677| 3.808|RC      | 1.0050| 1.065| 0.079|10.990| 0.024| 2.383| 0.010| 1.13e-03| 0.008| 3.801| 0.103|                |  1|KCat|Sloan|Simbad|295.84317|+48.80306
295.8632083|+48.8893056|11199150|19432717+4853215|4305.0|-0.388| 0.225|  9.302| 1.503|RGB     | 1.0460| 0.972| 0.044|19.292| 0.017| 1.855| 0.007| 1.91e-04| 0.008| 3.955| 0.162|                |  0|KCat|Sloan|Simbad|295.86321|+48.88931
296.1016250|+48.8831389|11199783|19442439+4852593|4809.8| 0.111| 0.007| 45.669| 4.709|RC      | 0.9981| 1.703| 0.072|11.209| 0.020| 2.570| 0.009| 1.71e-03| 0.008| 3.237| 0.207|                |  1|KCat|Sloan|Simbad|296.10162|+48.88314
296.4202500|+48.8719722|11200573|19454086+4852191|4727.4| 0.043| 0.015| 33.448| 4.051|RC      | 1.0008| 1.177| 0.078|10.934| 0.023| 2.431| 0.010| 1.27e-03| 0.008| 3.646| 0.200|                |  1|KCat|Sloan|Simbad|296.42025|+48.87197
297.8627083|+48.8028333|11204531|19512705+4848102|4763.9|-0.158|-0.001| 41.552| 4.228|RGB     | 1.0290| 1.721| 0.041|11.841| 0.015| 2.527| 0.007| 1.46e-03| 0.007| 3.174| 0.209|                |  1|KCat|Sloan|Simbad|297.86271|+48.80283
282.5654583|+48.9053889|11228549|18501571+4854194|4813.8|-0.752| 0.219| 54.981| 5.962|RGB     | 1.0335| 1.007| 0.040| 7.854| 0.015| 2.651| 0.007| 2.93e-03| 0.007| 3.807| 0.046|                |  0|KCat|Sloan|Simbad|282.56546|+48.90539
284.0419583|+48.9080556|11230630|18561007+4854290|4814.3|-0.108| 0.064| 30.589| 3.898|RC      | 0.9980| 1.092| 0.079|10.963| 0.024| 2.396| 0.010| 1.17e-03| 0.008| 3.680| 0.133|                |  1|KCat|Sloan|Simbad|284.04196|+48.90806
284.0974583|+48.9735278|11230715|18562339+4858247|4957.9|-0.548| 0.238|185.056|15.447|RGB     | 1.0175| 0.948| 0.029| 4.123| 0.010| 3.184| 0.007| 1.91e-02| 0.006| 3.964| 0.006|                |  0|KCat|Sloan|Simbad|284.09746|+48.97353
284.4763750|+48.9459444|11231255|18575433+4856454|4884.6| 0.165| 0.000|173.507|13.020|RGB     | 1.0185| 1.508| 0.030| 5.390| 0.010| 3.153| 0.007| 1.36e-02| 0.006| 3.445| 0.129|                |  0|KCat|Sloan|Simbad|284.47637|+48.94594
284.6860000|+48.9520833|11231549|18584464+4857075|4581.7| 0.026| 0.013| 29.870| 3.452|RGB     | 1.0376| 1.314| 0.042|12.322| 0.016| 2.375| 0.007| 9.90e-04| 0.008| 3.640| 0.121|                |  1|KCat|Sloan|Simbad|284.68600|+48.95208
284.7078333|+48.9775278|11231584|18584988+4858391|4620.4| 0.113| 0.002| 32.030| 3.897|RC      | 1.0002| 1.169| 0.078|11.199| 0.023| 2.407| 0.010| 1.17e-03| 0.008| 3.666| 0.050|                |  0|KCat|Sloan|Simbad|284.70783|+48.97753
285.2210833|+48.9370556|11232325|19005306+4856134|4621.2| 0.225| 0.004| 60.068| 5.919|RGB     | 1.0348| 1.265| 0.039| 8.507| 0.014| 2.680| 0.007| 2.90e-03| 0.007| 3.743| 0.101|                |  1|KCat|Sloan|Simbad|285.22108|+48.93706
286.5179583|+48.9463889|11234533|19060431+4856470|5138.7|-0.751| 0.230| 29.717| 4.336|RC      | 0.9784| 0.780| 0.079| 9.251| 0.024| 2.398| 0.010| 1.39e-03| 0.008| 3.924| 0.189|                |  0|KCat|Sloan|Simbad|286.51796|+48.94639
286.5779583|+48.9377778|11234625|19061871+4856160|4822.0|-0.089| 0.041| 33.864| 4.135|RC      | 0.9967| 1.179| 0.077|10.823| 0.023| 2.441| 0.010| 1.31e-03| 0.008| 3.608| 0.153|                |  1|KCat|Sloan|Simbad|286.57796|+48.93778
286.7574167|+48.9914722|11234897|19070178+4859293|5101.4| 0.123|-0.059| 60.122| 5.178|RC(S)   | 1.0000| 2.880| 0.065|12.519| 0.017| 2.702| 0.009| 2.07e-03| 0.008| 2.638| 0.131|                |  1|KCat|Sloan|Simbad|286.75742|+48.99147
286.8352083|+48.9939167|11235008|19072045+4859381|4857.8|-0.258| 0.115| 31.121| 4.078|RC      | 0.9945| 0.986| 0.079|10.308| 0.024| 2.406| 0.010| 1.27e-03| 0.008| 3.763| 0.166|                |  0|KCat|Sloan|Simbad|286.83521|+48.99392
287.2017917|+48.9348889|11235573|19084843+4856056|4275.8|-0.274| 0.189|  9.568| 1.463|RGB     | 1.0404| 1.194| 0.044|21.115| 0.017| 1.866| 0.007| 1.79e-04| 0.008| 3.681| 0.053|                |  0|KCat|Sloan|Simbad|287.20179|+48.93489
287.2610000|+48.9096944|11235672|19090264+4854349|5053.7| 0.108|-0.030| 73.340| 5.969|RC      | 1.0000| 2.919| 0.059|11.439| 0.014| 2.787| 0.008| 2.75e-03| 0.008| 2.592| 0.031|                |  1|KCat|Sloan|Simbad|287.26100|+48.90969
287.3642917|+48.9671111|11235816|19092743+4858016|4750.8| 0.058| 0.047| 33.465| 4.117|RC      | 1.0016| 1.110| 0.078|10.605| 0.023| 2.432| 0.010| 1.31e-03| 0.008| 3.704| 0.202|                |  1|KCat|Sloan|Simbad|287.36429|+48.96711
287.8475000|+48.9836667|11236571|19112340+4859012|4765.2| 0.194| 0.047|190.812|15.053|RGB     | 1.0197| 1.076| 0.029| 4.370| 0.010| 3.189| 0.007| 1.82e-02| 0.006| 3.981| 0.149|                |  1|KCat|Sloan|Simbad|287.84750|+48.98367
290.3870833|+48.9728889|11241473|19213290+4858224|4742.7|-0.116| 0.064| 68.681| 6.864|RGB     | 1.0335| 1.092| 0.039| 7.346| 0.014| 2.744| 0.007| 3.89e-03| 0.007| 3.852| 0.172|                |  0|KCat|Sloan|Simbad|290.38708|+48.97289
290.4906667|+48.9881389|11241658|19215776+4859173|4587.9| 0.179| 0.055| 79.631| 7.556|RGB     | 1.0336| 1.103| 0.038| 6.912| 0.014| 2.801| 0.007| 4.71e-03| 0.007| 3.943| 0.167|                |  0|KCat|Sloan|Simbad|290.49067|+48.98814
290.6457500|+48.9983889|11241927|19223498+4859542|4482.0| 0.146| 0.018| 26.277| 2.956|RGB     | 1.0346| 1.628| 0.042|14.704| 0.016| 2.315| 0.007| 7.22e-04| 0.008| 3.341| 0.097|                |  1|KCat|Sloan|Simbad|290.64575|+48.99839
290.8316250|+48.9405556|11242268|19231959+4856260|4956.0|-0.315| 0.073| 29.465| 4.349|RC(S)   | 0.9724| 0.730| 0.080| 9.067| 0.024| 2.386| 0.010| 1.38e-03| 0.008| 4.024| 0.169|                |  0|KCat|Sloan|Simbad|290.83162|+48.94056
291.0757083|+48.9795278|11242689|19241817+4858463|4542.2| 0.217| 0.004| 47.261| 5.055|RGB     | 1.0381| 1.114| 0.041| 9.042| 0.015| 2.573| 0.007| 2.13e-03| 0.007| 3.932| 0.190|                |  0|KCat|Sloan|Simbad|291.07571|+48.97953
291.2116250|+48.9009167|11242934|19245079+4854033|4676.0| 0.125| 0.021| 31.878| 3.796|RC      | 0.9954| 1.328| 0.078|11.933| 0.023| 2.408| 0.010| 1.10e-03| 0.008| 3.522| 0.131|                |  1|KCat|Sloan|Simbad|291.21162|+48.90092
291.4456667|+48.9660000|11243349|19254696+4857576|4570.5| 0.106|-0.194| 46.431| 4.746|RGB     | 1.0342| 1.393| 0.041|10.183| 0.015| 2.566| 0.007| 1.86e-03| 0.007| 3.552| 0.071|                |  0|KCat|Sloan|Simbad|291.44567|+48.96600
291.6410000|+48.9265278|11243761|19263384+4855355|4251.8|-0.149| 0.084|  9.780| 1.531|RGB     | 1.0451| 1.034| 0.044|19.470| 0.017| 1.874| 0.007| 1.98e-04| 0.008| 3.931| 0.073|                |  1|KCat|Sloan|Simbad|291.64100|+48.92653
292.2184167|+48.9110833|11244855|19285242+4854399|4890.8|-0.126| 0.017| 36.874| 4.249|RC      | 0.9910| 1.427| 0.076|11.370| 0.022| 2.481| 0.010| 1.37e-03| 0.008| 3.379| 0.173|                |  1|KCat|Sloan|Simbad|292.21842|+48.91108
292.2667500|+48.9653611|11244968|19290402+4857553|4630.5|-0.019|-0.009| 23.642| 2.713|RGB     | 1.0307| 1.782| 0.043|16.087| 0.016| 2.276| 0.007| 6.04e-04| 0.008| 3.158| 0.174|                |  1|KCat|Sloan|Simbad|292.26675|+48.96536
292.4032917|+48.9730833|11245234|19293679+4858231|4734.1| 0.068| 0.015| 32.392| 4.072|RC      | 1.0027| 1.042| 0.078|10.451| 0.023| 2.417| 0.010| 1.29e-03| 0.008| 3.768| 0.199|                |  1|KCat|Sloan|Simbad|292.40329|+48.97308
292.4401667|+48.9259167|11245307|19294564+4855333|4579.5| 0.096|-0.014| 33.920| 3.705|RGB     | 1.0350| 1.462| 0.042|12.200| 0.016| 2.430| 0.007| 1.14e-03| 0.007| 3.487| 0.154|                |  1|KCat|Sloan|Simbad|292.44017|+48.92592
292.4607500|+48.9657778|11245339|19295058+4857568|4780.7| 0.167|-0.006| 43.179| 4.593|RC      | 0.9979| 1.577| 0.073|11.111| 0.021| 2.544| 0.009| 1.62e-03| 0.008| 3.322| 0.277|                |  1|KCat|Sloan|Simbad|292.46075|+48.96578
292.8550417|+48.9390278|11246127|19312521+4856205|4947.8|-0.372| 0.089| 31.946| 4.110|RC      | 0.9955| 1.058| 0.078|10.491| 0.023| 2.421| 0.010| 1.29e-03| 0.008| 3.664| 0.158|                |  0|KCat|Sloan|Simbad|292.85504|+48.93903
293.3015000|+48.9126944|11247049|19331236+4854457|4794.6| 0.071| 0.025| 33.923| 3.933|RC      | 0.9992| 1.421| 0.077|11.891| 0.023| 2.440| 0.010| 1.19e-03| 0.008| 3.432| 0.159|                |  1|KCat|Sloan|Simbad|293.30150|+48.91269
293.4942500|+48.9066389|11247419|19335862+4854239|4457.1| 0.349|-0.006| 22.684| 2.889|RGB     | 1.0453| 1.093| 0.043|12.984| 0.016| 2.250| 0.007| 7.04e-04| 0.008| 3.992| 0.206|                |  0|KCat|Sloan|Simbad|293.49425|+48.90664
293.5975417|+48.9212778|11247648|19342341+4855166|4665.0|-0.286| 0.085| 28.446| 3.440|RGB     | 1.0381| 1.179| 0.042|11.907| 0.016| 2.358| 0.007| 9.85e-04| 0.008| 3.702| 0.196|                |  0|KCat|Sloan|Simbad|293.59754|+48.92128
294.5745833|+48.9625833|11249981|19381790+4857453|4645.7| 0.315| 0.007| 67.744| 6.268|RGB     | 1.0314| 1.474| 0.039| 8.636| 0.014| 2.734| 0.007| 3.23e-03| 0.007| 3.527| 0.166|                |  0|KCat|Sloan|Simbad|294.57458|+48.96258
294.6358333|+48.9578611|11250139|19383260+4857283|4607.0|-0.313| 0.144| 39.812| 4.604|RGB     | 1.0401| 0.981| 0.041| 9.211| 0.015| 2.501| 0.007| 1.77e-03| 0.007| 3.976| 0.035|                |  1|KCat|Sloan|Simbad|294.63583|+48.95786
294.6435417|+48.9163056|11250152|19383445+4854587|4648.2|-0.144| 0.040| 30.334| 3.575|RGB     | 1.0380| 1.220| 0.042|11.739| 0.016| 2.385| 0.007| 1.06e-03| 0.008| 3.684| 0.241|                |  1|KCat|Sloan|Simbad|294.64354|+48.91631
294.7206667|+48.9714444|11250341|19385296+4858172|4651.2|-0.118| 0.055| 47.202| 5.121|RGB     | 1.0373| 1.095| 0.041| 8.917| 0.015| 2.577| 0.007| 2.18e-03| 0.007| 3.847| 0.567|                |  1|KCat|Sloan|Simbad|294.72067|+48.97144
294.7894167|+48.9877222|11250488|19390946+4859158|4624.0|-0.090| 0.058| 24.396| 2.878|RGB     | 1.0352| 1.515| 0.043|14.609| 0.016| 2.289| 0.007| 6.85e-04| 0.008| 3.393| 0.161|                |  1|KCat|Sloan|Simbad|294.78942|+48.98772
294.9355833|+48.9326944|11250788|19394454+4855577|5018.8|-0.134|-0.020|       |      |REJECT  |       |      |      |      |      |      |      |         |      |      |      |No Seis         |  0|KCat|Sloan|Simbad|294.93558|+48.93269
295.0680000|+48.9584722|11251077|19401632+4857305|4835.8|-0.077| 0.026| 69.734| 6.594|RGB     | 1.0293| 1.405| 0.039| 8.229| 0.014| 2.755| 0.007| 3.56e-03| 0.007| 3.503| 0.242|                |  0|KCat|Sloan|Simbad|295.06800|+48.95847
295.0757917|+48.9382222|11251096|19401819+4856176|4672.2|-0.356| 0.058| 25.792| 3.282|RGB     | 1.0409| 1.051| 0.042|11.805| 0.016| 2.316| 0.007| 9.01e-04| 0.008| 3.841| 0.238|                |  0|KCat|Sloan|Simbad|295.07579|+48.93822
295.0936250|+48.9002778|11251136|19402247+4854010|4602.5| 0.095| 0.001| 29.397| 3.227|RGB(S)  | 1.0329| 1.680| 0.042|14.030| 0.016| 2.369| 0.007| 8.58e-04| 0.008| 3.276| 0.153|                |  1|KCat|Sloan|Simbad|295.09362|+48.90028
295.2637917|+48.9100833|11251546|19410331+4854363|4617.2|-0.105| 0.168| 56.312| 5.901|RGB     | 1.0375| 1.043| 0.040| 7.979| 0.015| 2.652| 0.007| 2.89e-03| 0.007| 3.960| 0.090|                |  0|KCat|Sloan|Simbad|295.26379|+48.91008
295.2972917|+48.9105278|11251622|19411135+4854379|4735.7| 0.153| 0.088| 78.206| 6.989|RGB     | 1.0281| 1.529| 0.038| 8.147| 0.014| 2.800| 0.007| 3.99e-03| 0.007| 3.434| 0.165|                |  0|KCat|Sloan|Simbad|295.29729|+48.91053
295.3954167|+48.9655833|11251837|19413490+4857561|4568.5| 0.242| 0.025| 28.129| 3.428|AMB     | 1.0257| 1.179| 0.295|12.031| 0.070| 2.348| 0.010| 9.54e-04| 0.010| 3.789| 0.164|                |  1|KCat|Sloan|Simbad|295.39542|+48.96558
295.5614583|+48.9110278|11252233|19421475+4854397|4681.9| 0.130| 0.009| 31.550| 3.721|RC      | 1.0027| 1.357| 0.079|12.119| 0.024| 2.404| 0.010| 1.08e-03| 0.008| 3.498| 0.201|                |  1|KCat|Sloan|Simbad|295.56146|+48.91103
295.6336667|+48.9413889|11252437|19423208+4856290|4616.7| 0.155| 0.021| 26.394| 3.425|RC      | 1.0039| 1.080| 0.081|11.860| 0.025| 2.323| 0.010| 9.13e-04| 0.008| 3.759| 0.191|                |  1|KCat|Sloan|Simbad|295.63367|+48.94139
295.7280833|+48.9227500|11252706|19425474+4855219|4835.3|-0.020| 0.006| 41.580| 4.529|RC      | 0.9969| 1.521| 0.074|11.088| 0.021| 2.530| 0.010| 1.57e-03| 0.008| 3.324| 0.162|                |  1|KCat|Sloan|Simbad|295.72808|+48.92275
295.8618333|+48.9391667|11253076|19432684+4856210|4761.9|-0.321| 0.191| 28.187| 3.812|RC      | 0.9970| 0.922| 0.080|10.527| 0.024| 2.358| 0.010| 1.11e-03| 0.008| 3.815| 0.006|                |  0|KCat|Sloan|Simbad|295.86183|+48.93917
284.1118333|+49.0927222|11284131|18562684+4905338|4802.6|-0.149| 0.100| 30.983| 4.070|RC      | 0.9974| 0.953| 0.079|10.183| 0.024| 2.401| 0.010| 1.27e-03| 0.008| 3.821| 0.100|                |  0|KCat|Sloan|Simbad|284.11183|+49.09272
284.5602083|+49.0181944|11284760|18581445+4901055|4785.3| 0.074| 0.029| 34.770| 4.157|RC      | 1.0018| 1.209| 0.077|10.839| 0.023| 2.451| 0.010| 1.34e-03| 0.008| 3.616| 0.165|                |  1|KCat|Sloan|Simbad|284.56021|+49.01819
284.5878333|+49.0266389|11284798|18582108+4901359|4234.4| 0.076| 0.025|  9.590| 1.465|RGB     | 1.0441| 1.160| 0.044|20.841| 0.017| 1.865| 0.007| 1.81e-04| 0.008| 3.829| 0.128|                |  1|KCat|Sloan|Simbad|284.58783|+49.02664
285.2329167|+49.0966944|11285650|19005590+4905481|4630.8| 0.354| 0.031| 93.662| 8.442|RGB     | 1.0313| 1.178| 0.037| 6.573| 0.013| 2.874| 0.007| 5.85e-03| 0.007| 3.876| 0.130|                |  1|KCat|Sloan|Simbad|285.23292|+49.09669
286.0773333|+49.0618889|11287012|19041856+4903428|4934.4|-0.157| 0.019| 92.601| 8.398|RGB     | 1.0263| 1.304| 0.037| 6.844| 0.013| 2.883| 0.007| 5.74e-03| 0.007| 3.583| 0.129|                |  0|KCat|Sloan|Simbad|286.07733|+49.06189
286.4917500|+49.0198056|11287679|19055802+4901113|5026.0|-0.166| 0.032| 45.565| 4.598|RC      | 1.0014| 1.960| 0.072|11.907| 0.020| 2.579| 0.009| 1.64e-03| 0.008| 3.063| 0.228|                |  1|KCat|Sloan|Simbad|286.49175|+49.01981
286.6554167|+49.0302500|11287896|19063730+4901489|4840.7| 0.026| 0.011| 34.323| 4.110|RC      | 1.0000| 1.248| 0.077|11.050| 0.023| 2.447| 0.010| 1.30e-03| 0.008| 3.579| 0.202|                |  1|KCat|Sloan|Simbad|286.65542|+49.03025
286.6745000|+49.0863611|11287936|19064188+4905109|4671.5| 0.055| 0.007| 51.500| 5.338|RGB     | 1.0355| 1.221| 0.040| 9.004| 0.015| 2.616| 0.007| 2.36e-03| 0.007| 3.747| 0.080|                |  1|KCat|Sloan|Simbad|286.67450|+49.08636
286.6862500|+49.0083333|11287949|19064470+4900300|4815.7| 0.106|-0.014| 90.896| 8.140|RGB     | 1.0278| 1.339| 0.037| 7.044| 0.013| 2.869| 0.007| 5.40e-03| 0.007| 3.618| 0.149|                |  1|KCat|Sloan|Simbad|286.68625|+49.00833
287.2265000|+49.0593889|11288779|19085436+4903338|4435.4|-0.520| 0.231| 13.633| 2.056|RGB     | 1.0463| 0.914| 0.044|15.339| 0.016| 2.027| 0.007| 3.57e-04| 0.008| 4.020| 0.000|                |  0|KCat|Sloan|Simbad|287.22650|+49.05939
287.2937083|+49.0641111|11288888|19091049+4903508|4549.0|-0.099|-0.001| 15.252| 2.004|RGB     | 1.0355| 1.534| 0.043|18.669| 0.016| 2.082| 0.007| 3.32e-04| 0.008| 3.350| 0.028|                |  0|KCat|Sloan|Simbad|287.29371|+49.06411
287.4680417|+49.0279444|11289128|19095233+4901406|5027.5|-0.794| 0.275| 29.119| 4.094|RC      | 0.9803| 0.887| 0.080|10.020| 0.024| 2.384| 0.010| 1.24e-03| 0.008| 3.800| 0.151|                |  1|KCat|Sloan|Simbad|287.46804|+49.02794
287.6169167|+49.0495278|11289335|19102806+4902583|4687.1| 0.224| 0.008| 35.646| 4.175|RC      | 1.0023| 1.239| 0.077|10.893| 0.023| 2.457| 0.010| 1.35e-03| 0.008| 3.620| 0.169|                |  1|KCat|Sloan|Simbad|287.61692|+49.04953
287.7284167|+49.0000833|11289515|19105482+4900003|4684.9|-0.010| 0.101| 28.891| 3.595|RC(S)   | 1.0005| 1.207| 0.080|11.944| 0.024| 2.365| 0.010| 9.99e-04| 0.008| 3.592| 0.083|                |  0|KCat|Sloan|Simbad|287.72842|+49.00008
287.8316250|+49.0263333|11289675|19111959+4901348|4675.8|-0.678| 0.193| 26.059| 3.420|RGB     | 1.0420| 0.917| 0.042|10.968| 0.016| 2.320| 0.007| 9.81e-04| 0.008| 3.964| 0.128|                |  1|KCat|Sloan|Simbad|287.83162|+49.02633
287.8936250|+49.0998611|11289759|19113447+4905595|4727.3| 0.158| 0.019| 32.255| 3.987|RC      | 1.0013| 1.123| 0.078|10.877| 0.023| 2.415| 0.010| 1.23e-03| 0.008| 3.715| 0.203|                |  1|KCat|Sloan|Simbad|287.89362|+49.09986
287.9399167|+49.0088056|11289822|19114558+4900317|4561.1| 0.418| 0.021| 71.292| 6.744|RGB     | 1.0347| 1.231| 0.038| 7.728| 0.014| 2.752| 0.007| 3.76e-03| 0.007| 3.817| 0.171|                |  1|KCat|Sloan|Simbad|287.93992|+49.00881
288.0389583|+49.0390278|11289990|19120935+4902205|4751.8|-0.045|-0.014| 35.440| 4.114|RC      | 0.9949| 1.358| 0.077|11.399| 0.023| 2.457| 0.010| 1.29e-03| 0.008| 3.460| 0.297|                |  1|KCat|Sloan|Simbad|288.03896|+49.03903
290.0970417|+49.0228333|11293804|19202329+4901222|4534.1| 0.044| 0.030| 34.160| 3.931|RGB     | 1.0397| 1.140| 0.042|10.763| 0.016| 2.431| 0.007| 1.29e-03| 0.007| 3.851| 0.197|                |  1|KCat|Sloan|Simbad|290.09704|+49.02283
290.3443333|+49.0305556|11294218|19212264+4901500|4423.3| 0.035| 0.025| 18.841| 2.423|RGB     | 1.0411| 1.270| 0.043|15.389| 0.016| 2.167| 0.007| 4.91e-04| 0.008| 3.691| 0.102|                |  1|KCat|Sloan|Simbad|290.34433|+49.03056
290.4592500|+49.0258333|11294409|19215022+4901330|4702.0| 0.069| 0.018| 31.973| 3.969|RC      | 1.0010| 1.106| 0.078|10.858| 0.023| 2.410| 0.010| 1.22e-03| 0.008| 3.713| 0.155|                |  1|KCat|Sloan|Simbad|290.45925|+49.02583
290.8143333|+49.0740278|11295008|19231544+4904265|4494.9|-0.253| 0.078| 13.122| 1.883|RGB     | 1.0405| 1.208| 0.044|17.909| 0.016| 2.014| 0.007| 2.96e-04| 0.008| 3.664| 0.193|                |  0|KCat|Sloan|Simbad|290.81433|+49.07403
290.9902917|+49.0495000|11295350|19235767+4902582|4796.1|-0.100| 0.059| 25.451| 3.284|RC      | 1.0168| 1.151| 0.081|12.353| 0.025| 2.316| 0.010| 8.61e-04| 0.008| 3.622| 0.227|                |  1|KCat|Sloan|Simbad|290.99029|+49.04950
291.1836667|+49.0845833|11295720|19244408+4905045|4718.4| 0.019| 0.021| 53.444| 5.402|RGB     | 1.0339| 1.329| 0.040| 9.198| 0.015| 2.634| 0.007| 2.41e-03| 0.007| 3.618| 0.234|                |  1|KCat|Sloan|Simbad|291.18367|+49.08458
291.2466250|+49.0779167|11295851|19245919+4904405|5051.4| 0.016|-0.025| 94.734| 7.550|RC      | 0.9928| 2.527| 0.050| 9.365| 0.010| 2.898| 0.007| 4.34e-03| 0.008| 2.779| 0.007|                |  1|KCat|Sloan|Simbad|291.24662|+49.07792
291.3871667|+49.0837778|11296084|19253292+4905016|4465.4|-0.540| 0.223| 16.743| 2.341|RGB     | 1.0421| 1.035| 0.043|14.700| 0.016| 2.118| 0.007| 4.60e-04| 0.008| 3.828| 0.030|                |  0|KCat|Sloan|Simbad|291.38717|+49.08378
291.4575417|+49.0284444|11296211|19254981+4901424|4583.7|-0.436| 0.220| 33.505| 4.025|RGB     | 1.0401| 0.994| 0.042|10.117| 0.016| 2.425| 0.007| 1.35e-03| 0.007| 3.918| 0.015|                |  1|KCat|Sloan|Simbad|291.45754|+49.02844
291.7746667|+49.0533333|11296805|19270592+4903120|4849.1|-0.087| 0.023| 30.821| 3.734|RC      | 1.0006| 1.326| 0.079|12.015| 0.024| 2.401| 0.010| 1.08e-03| 0.008| 3.476| 0.202|                |  0|KCat|Sloan|Simbad|291.77467|+49.05333
292.1772083|+49.0621111|11297585|19284253+4903436|5089.3|-0.035|-0.012| 34.092| 3.318|RC(S)   | 1.0000| 3.103| 0.077|17.268| 0.023| 2.455| 0.010| 8.50e-04| 0.008| 2.571| 0.296|SeisUnc         |  0|KCat|Sloan|Simbad|292.17721|+49.06211
292.5718333|+49.0328333|11298371|19301724+4901582|4683.8| 0.165| 0.014| 35.850| 4.182|RC      | 1.0024| 1.250| 0.076|10.911| 0.023| 2.459| 0.010| 1.36e-03| 0.008| 3.597| 0.082|                |  1|KCat|Sloan|Simbad|292.57183|+49.03283
292.6747083|+49.0877222|11298561|19304193+4905158|4740.8| 0.117| 0.000| 37.521| 4.271|RC      | 1.0002| 1.354| 0.076|11.068| 0.022| 2.482| 0.010| 1.41e-03| 0.008| 3.498| 0.171|                |  1|KCat|Sloan|Simbad|292.67471|+49.08772
292.7561667|+49.0518056|11298714|19310148+4903065|4578.2| 0.399| 0.035| 62.196| 5.909|RGB     | 1.0338| 1.399| 0.039| 8.815| 0.014| 2.694| 0.007| 2.88e-03| 0.007| 3.623| 0.132|                |  1|KCat|Sloan|Simbad|292.75617|+49.05181
292.7886250|+49.0231667|11298776|19310927+4901234|4592.0|-0.118| 0.028| 39.961| 4.541|RGB     | 1.0390| 1.047| 0.041| 9.506| 0.015| 2.502| 0.007| 1.72e-03| 0.007| 3.910| 0.000|                |  1|KCat|Sloan|Simbad|292.78862|+49.02317
292.8285417|+49.0368056|11298877|19311885+4902125|4541.6|-0.575| 0.253| 14.671| 2.052|RGB     | 1.0377| 1.229| 0.043|17.042| 0.016| 2.064| 0.007| 3.50e-04| 0.008| 3.557| 0.051|                |  0|KCat|Sloan|Simbad|292.82854|+49.03681
293.1235417|+49.0980278|11299484|19322965+4905529|4647.5| 0.074| 0.021| 47.496| 5.044|RGB     | 1.0371| 1.185| 0.041| 9.248| 0.015| 2.580| 0.007| 2.11e-03| 0.007| 3.797| 0.191|                |  0|KCat|Sloan|Simbad|293.12354|+49.09803
293.2157500|+49.0413611|11299667|19325178+4902289|4648.9|-0.217| 0.106| 46.853| 5.112|RGB     | 1.0376| 1.077| 0.041| 8.876| 0.015| 2.574| 0.007| 2.17e-03| 0.007| 3.862| 0.107|                |  0|KCat|Sloan|Simbad|293.21575|+49.04136
293.3552917|+49.0900000|11299941|19332527+4905240|4603.8| 0.337| 0.052| 28.092| 4.060|RC      | 0.9930| 0.685| 0.080| 9.165| 0.024| 2.350| 0.010| 1.26e-03| 0.008| 4.163| 0.089|Ageold          |  1|KCat|Sloan|Simbad|293.35529|+49.09000
294.6278750|+49.0196944|11302791|19383069+4901109|4710.4| 0.287| 0.002| 43.683| 4.600|RC      | 1.0018| 1.563| 0.073|11.037| 0.021| 2.546| 0.009| 1.64e-03| 0.008| 3.351| 0.149|                |  0|KCat|Sloan|Simbad|294.62787|+49.01969
294.8974583|+49.0066944|11303425|19393539+4900241|4641.8|-0.098| 0.022| 48.968| 5.301|RGB     | 1.0378| 1.060| 0.040| 8.616| 0.015| 2.593| 0.007| 2.34e-03| 0.007| 3.920| 0.119|                |  0|KCat|Sloan|Simbad|294.89746|+49.00669
295.3420833|+49.0822778|11304421|19412210+4904562|4594.9|-0.112| 0.049| 19.507| 2.504|RGB     | 1.0387| 1.321| 0.043|15.280| 0.016| 2.191| 0.007| 5.22e-04| 0.008| 3.568| 0.268|                |  0|KCat|Sloan|Simbad|295.34208|+49.08228
295.6727083|+49.0120000|11305250|19424145+4900432|5043.1|-0.035| 0.026| 92.557| 7.534|RC      | 0.9899| 2.399| 0.051| 9.236| 0.011| 2.887| 0.008| 4.29e-03| 0.008| 2.864| 0.159|                |  1|KCat|Sloan|Simbad|295.67271|+49.01200
295.7267917|+49.0396667|11305377|19425443+4902228|4514.3|-0.166| 0.010| 10.343| 1.622|RGB     | 1.0447| 1.065| 0.044|18.923| 0.017| 1.911| 0.007| 2.22e-04| 0.008| 3.888| 0.228|                |  0|KCat|Sloan|Simbad|295.72679|+49.03967
295.7530417|+49.0556389|11305448|19430073+4903203|4806.4|-0.370| 0.201| 25.720| 3.307|RC      | 1.0082| 1.199| 0.081|12.534| 0.025| 2.321| 0.010| 8.58e-04| 0.008| 3.531| 0.152|                |  0|KCat|Sloan|Simbad|295.75304|+49.05564
295.8810833|+49.0015556|11305776|19433146+4900056|4575.7|-0.131| 0.010| 16.317| 2.108|RGB     | 1.0351| 1.552| 0.043|18.125| 0.016| 2.112| 0.007| 3.68e-04| 0.008| 3.332| 0.237|                |  0|KCat|Sloan|Simbad|295.88108|+49.00156
295.9396250|+49.0158889|11305937|19434551+4900572|4245.0| 0.207| 0.012|  8.543| 1.333|RGB     | 1.0435| 1.203| 0.044|22.470| 0.017| 1.815| 0.007| 1.49e-04| 0.008| 3.813| 0.234|                |  0|KCat|Sloan|Simbad|295.93962|+49.01589
296.5415417|+49.0160278|11307599|19460997+4900577|4904.8|-0.271| 0.050| 35.491| 4.214|RC      | 0.9937| 1.305| 0.077|11.078| 0.023| 2.465| 0.010| 1.35e-03| 0.008| 3.460| 0.210|                |  1|KCat|Sloan|Simbad|296.54154|+49.01603
296.6409583|+49.0238056|11307875|19463383+4901257|5000.0| 0.124| 0.010|       |      |REJECT  |       |      |      |      |      |      |      |         |      |      |      |No Seis         |  0|KCat|Sloan|Simbad|296.64096|+49.02381
296.7750000|+49.0231111|11308295|19470600+4901232|5015.7|-0.066| 0.013|213.490|15.589|RGB     | 1.0170| 1.430| 0.028| 4.702| 0.009| 3.249| 0.007| 1.94e-02| 0.006| 3.464| 0.048|                |  0|KCat|Sloan|Simbad|296.77500|+49.02311
296.9136250|+49.0122500|11308660|19473927+4900441|4713.2| 0.151| 0.010| 36.488| 4.300|RC      | 1.0015| 1.195| 0.076|10.560| 0.022| 2.468| 0.010| 1.43e-03| 0.008| 3.644| 0.236|                |  1|KCat|Sloan|Simbad|296.91362|+49.01225
296.9638333|+49.0593333|11308784|19475132+4903336|4766.8|-0.161| 0.047| 61.616| 6.162|RGB     | 1.0326| 1.228| 0.039| 8.213| 0.014| 2.698| 0.007| 3.13e-03| 0.007| 3.672| 0.229|                |  1|KCat|Sloan|Simbad|296.96383|+49.05933
297.1327917|+49.0671389|11309182|19483187+4904017|4913.5|-0.117|-0.003|159.916|13.173|RGB     | 1.0200| 1.130| 0.031| 4.853| 0.011| 3.119| 0.007| 1.39e-02| 0.007| 3.793| 0.281|                |  0|KCat|Sloan|Simbad|297.13279|+49.06714
297.2195000|+49.0645556|11309403|19485268+4903524|4800.7|-0.310| 0.063| 43.767| 4.880|RGB     | 1.0367| 1.113| 0.041| 9.259| 0.015| 2.551| 0.007| 1.98e-03| 0.007| 3.770| 0.317|                |  0|KCat|Sloan|Simbad|297.21950|+49.06456
283.7612500|+49.1162778|11336656|18550270+4906586|4666.2|-0.065| 0.047| 31.430| 3.724|RGB     | 1.0397| 1.152| 0.042|11.197| 0.016| 2.401| 0.007| 1.16e-03| 0.008| 3.803| 0.202|                |  0|KCat|Sloan|Simbad|283.76125|+49.11628
284.5322083|+49.1959722|11337714|18580773+4911455|4712.8| 0.236|-0.015| 38.361| 4.245|RC      | 0.9991| 1.476| 0.075|11.443| 0.022| 2.490| 0.010| 1.39e-03| 0.008| 3.421| 0.085|                |  1|KCat|Sloan|Simbad|284.53221|+49.19597
284.6201667|+49.1051944|11337843|18582884+4906187|4715.8|-0.170| 0.051| 25.534| 3.029|RGB     | 1.0352| 1.458| 0.042|13.937| 0.016| 2.313| 0.007| 7.59e-04| 0.008| 3.425| 0.102|                |  0|KCat|Sloan|Simbad|284.62017|+49.10519
284.6458333|+49.1057778|11337883|18583500+4906208|4900.2| 0.039|-0.012|148.646|11.618|RGB     | 1.0197| 1.496| 0.032| 5.795| 0.011| 3.087| 0.007| 1.08e-02| 0.007| 3.432| 0.026|                |  1|KCat|Sloan|Simbad|284.64583|+49.10578
284.9163750|+49.1717500|11338267|18593993+4910183|4740.1|-0.245| 0.166| 25.277| 3.460|RC      | 1.0144| 0.908| 0.081|11.041| 0.025| 2.310| 0.010| 9.51e-04| 0.008| 3.847| 0.048|                |  1|KCat|Sloan|Simbad|284.91637|+49.17175
285.3916667|+49.1418611|11339000|19013400+4908307|4835.6| 0.047| 0.014| 38.531| 4.280|RC      | 0.9895| 1.563| 0.075|11.676| 0.022| 2.497| 0.010| 1.38e-03| 0.008| 3.312| 0.149|                |  1|KCat|Sloan|Simbad|285.39167|+49.14186
285.5360417|+49.1169167|11339247|19020865+4907009|4312.8| 0.068| 0.012| 10.012| 1.487|RGB     | 1.0406| 1.296| 0.044|21.463| 0.017| 1.887| 0.007| 1.85e-04| 0.008| 3.660| 0.213|SeisUnc         |  0|KCat|Sloan|Simbad|285.53604|+49.11692
287.1154583|+49.1240278|11341723|19082771+4907265|4850.1|-0.373| 0.175| 28.482| 3.874|RC      | 0.9936| 0.930| 0.080|10.466| 0.024| 2.367| 0.010| 1.14e-03| 0.008| 3.805| 0.119|                |  1|KCat|Sloan|Simbad|287.11546|+49.12403
287.5203333|+49.1122222|11342308|19100488+4906440|4746.1| 0.005| 0.032| 65.847| 6.576|RGB     | 1.0342| 1.141| 0.039| 7.667| 0.014| 2.726| 0.007| 3.57e-03| 0.007| 3.838| 0.010|                |  1|KCat|Sloan|Simbad|287.52033|+49.11222
287.7525833|+49.1146944|11342694|19110062+4906529|4623.0| 0.285| 0.006| 74.587| 7.108|RGB     | 1.0340| 1.169| 0.038| 7.338| 0.014| 2.775| 0.007| 4.17e-03| 0.007| 3.877| 0.151|                |  1|KCat|Sloan|Simbad|287.75258|+49.11469
287.8262083|+49.1889722|11342804|19111829+4911203|4696.7|-0.015| 0.016| 61.070| 6.221|RGB     | 1.0356| 1.113| 0.039| 7.882| 0.014| 2.691| 0.007| 3.20e-03| 0.007| 3.854| 0.149|                |  1|KCat|Sloan|Simbad|287.82621|+49.18897
290.7575417|+49.1039444|11348417|19230181+4906142|4614.1| 0.230| 0.004| 73.468| 7.074|RGB     | 1.0344| 1.134| 0.038| 7.286| 0.014| 2.768| 0.007| 4.13e-03| 0.007| 3.909| 0.158|                |  0|KCat|Sloan|Simbad|290.75754|+49.10394
291.1001250|+49.1909167|11349014|19242403+4911273|4823.4|-0.462| 0.267| 29.255| 4.025|RC      | 0.9903| 0.869| 0.080| 9.994| 0.024| 2.377| 0.010| 1.23e-03| 0.008| 3.861| 0.000|                |  1|KCat|Sloan|Simbad|291.10012|+49.19092
291.1812917|+49.1573333|11349180|19244351+4909264|4996.8|-0.356| 0.086|209.140|16.595|RGB     | 1.0168| 1.042| 0.028| 4.058| 0.009| 3.239| 0.007| 2.20e-02| 0.006| 3.849| 0.130|                |  0|KCat|Sloan|Simbad|291.18129|+49.15733
291.3663750|+49.1558333|11349490|19252793+4909210|4850.5| 0.002| 0.023|131.418|11.082|RGB     | 1.0231| 1.213| 0.033| 5.565| 0.012| 3.031| 0.007| 9.93e-03| 0.007| 3.728| 0.116|                |  1|KCat|Sloan|Simbad|291.36637|+49.15583
291.9680000|+49.1153056|11350634|19275232+4906551|4942.3| 0.175|-0.008|       |      |REJECT  |       |      |      |      |      |      |      |         |      |      |      |No Seis         |  0|KCat|Sloan|Simbad|291.96800|+49.11531
292.1352500|+49.1565833|11350954|19283246+4909237|4706.3|-0.108| 0.029| 20.942| 2.453|RGB     | 1.0291| 1.909| 0.043|17.619| 0.016| 2.227| 0.007| 4.92e-04| 0.008| 3.038| 0.213|                |  1|KCat|Sloan|Simbad|292.13525|+49.15658
292.2304167|+49.1911389|11351140|19285530+4911281|4879.3|-0.241| 0.069| 32.216| 4.105|RC      | 0.9965| 1.064| 0.078|10.513| 0.023| 2.422| 0.010| 1.29e-03| 0.008| 3.685| 0.080|                |  1|KCat|Sloan|Simbad|292.23042|+49.19114
292.4131250|+49.1636111|11351480|19293915+4909490|4680.7|-0.203| 0.057| 36.067| 4.135|RGB     | 1.0379| 1.158| 0.042|10.472| 0.015| 2.462| 0.007| 1.42e-03| 0.007| 3.733| 0.127|                |  1|KCat|Sloan|Simbad|292.41312|+49.16361
292.5588333|+49.1833611|11351748|19301412+4911001|4957.8|-0.246| 0.061|       |      |REJECT  |       |      |      |      |      |      |      |         |      |      |      |No Seis         |  0|KCat|Sloan|Simbad|292.55883|+49.18336
293.0266667|+49.1075556|11352644|19320640+4906272|4676.9|-0.292| 0.161| 19.307| 2.813|RGB     | 1.0296| 0.855| 0.043|12.303| 0.016| 2.190| 0.007| 6.48e-04| 0.008| 4.188| 0.099|Ageold          |  0|KCat|Sloan|Simbad|293.02667|+49.10756
293.0791667|+49.1799167|11352756|19321900+4910477|4609.1| 0.072| 0.115| 28.615| 3.723|RC      | 0.9988| 1.002| 0.080|10.979| 0.024| 2.358| 0.010| 1.07e-03| 0.008| 3.810| 0.075|                |  1|KCat|Sloan|Simbad|293.07917|+49.17992
293.2944167|+49.1656944|11353223|19331066+4909565|4597.5| 0.225|-0.002| 51.721| 5.221|RGB     | 1.0348| 1.323| 0.040| 9.390| 0.015| 2.614| 0.007| 2.25e-03| 0.007| 3.674| 0.152|                |  0|KCat|Sloan|Simbad|293.29442|+49.16569
293.3386250|+49.1341944|11353313|19332127+4908031|4965.4|-0.374| 0.064|125.477|10.702|RGB     | 1.0209| 1.268| 0.034| 5.790| 0.012| 3.016| 0.007| 9.22e-03| 0.007| 3.558| 0.050|                |  1|KCat|Sloan|Simbad|293.33862|+49.13419
294.5285000|+49.1013889|11355933|19380684+4906050|4778.1| 0.162|-0.001| 39.819| 4.340|RC      | 0.9995| 1.540| 0.075|11.434| 0.022| 2.509| 0.010| 1.45e-03| 0.008| 3.355| 0.233|                |  1|KCat|Sloan|Simbad|294.52850|+49.10139
294.9275833|+49.1962778|11356839|19394262+4911466|4395.9|-0.140| 0.025| 10.928| 1.645|RGB     | 1.0431| 1.146| 0.044|19.230| 0.017| 1.929| 0.007| 2.27e-04| 0.008| 3.775| 0.150|                |  0|KCat|Sloan|Simbad|294.92758|+49.19628
295.0092500|+49.1295278|11357004|19400222+4907463|4607.7|-0.165| 0.045| 25.871| 3.142|RGB     | 1.0382| 1.251| 0.042|12.900| 0.016| 2.314| 0.007| 8.22e-04| 0.008| 3.648| 0.148|                |  1|KCat|Sloan|Simbad|295.00925|+49.12953
295.3177917|+49.1665556|11357686|19411627+4909596|4566.5| 0.030| 0.117| 55.824| 5.840|RGB     | 1.0375| 1.041| 0.040| 8.032| 0.015| 2.646| 0.007| 2.83e-03| 0.007| 3.993| 0.073|                |  1|KCat|Sloan|Simbad|295.31779|+49.16656
295.4317083|+49.1289167|11357931|19414361+4907441|4841.1|-0.074| 0.037| 35.669| 4.178|RC      | 0.9990| 1.317| 0.077|11.135| 0.023| 2.464| 0.010| 1.34e-03| 0.008| 3.496| 0.163|                |  1|KCat|Sloan|Simbad|295.43171|+49.12892
295.7144167|+49.1983889|11358607|19425146+4911542|4873.2|-0.188| 0.045| 33.695| 4.112|RC      | 0.9927| 1.225| 0.078|11.033| 0.023| 2.441| 0.010| 1.29e-03| 0.008| 3.535| 0.198|                |  1|KCat|Sloan|Simbad|295.71442|+49.19839
295.7468750|+49.1917500|11358669|19425925+4911303|4755.8| 0.183| 0.008| 97.232| 8.438|RGB     | 1.0270| 1.398| 0.036| 6.980| 0.013| 2.896| 0.007| 5.80e-03| 0.007| 3.575| 0.098|                |  1|KCat|Sloan|Simbad|295.74687|+49.19175
295.7572083|+49.1818889|11358698|19430173+4910548|4428.2|-0.131| 0.159| 21.977| 2.928|RGB     | 1.0467| 0.927| 0.043|12.171| 0.016| 2.234| 0.007| 7.25e-04| 0.008| 4.133| 0.113|                |  0|KCat|Sloan|Simbad|295.75721|+49.18189
295.7735417|+49.1250833|11358755|19430565+4907303|4630.5| 0.036| 0.010| 36.363| 4.005|RGB     | 1.0362| 1.336| 0.042|11.230| 0.015| 2.463| 0.007| 1.33e-03| 0.007| 3.616| 0.209|                |  1|KCat|Sloan|Simbad|295.77354|+49.12508
295.7940417|+49.1530278|11358810|19431057+4909109|5102.9|-0.412| 0.107| 36.218| 4.338|RC      | 0.9887| 1.338| 0.076|10.994| 0.022| 2.482| 0.010| 1.42e-03| 0.008| 3.387| 0.316|                |  0|KCat|Sloan|Simbad|295.79404|+49.15303
295.9347917|+49.1200278|11359175|19434435+4907121|4799.1| 0.042| 0.019| 34.703| 4.191|RC      | 1.0023| 1.166| 0.077|10.647| 0.023| 2.450| 0.010| 1.36e-03| 0.008| 3.651| 0.166|                |  1|KCat|Sloan|Simbad|295.93479|+49.12003
296.5754583|+49.1011111|11360886|19461811+4906040|4857.3|-0.042| 0.006| 45.900| 4.255|RC(S)   | 1.0067| 2.542| 0.072|13.626| 0.020| 2.574| 0.009| 1.42e-03| 0.008| 2.751| 0.172|                |  1|KCat|Sloan|Simbad|296.57546|+49.10111
296.6400000|+49.1960556|11361055|19463360+4911458|4608.3|-0.179| 0.171| 20.238| 2.956|RGB     | 1.0174| 0.829| 0.043|11.874| 0.016| 2.207| 0.007| 6.98e-04| 0.008| 4.243| 0.183|Ageold          |  0|KCat|Sloan|Simbad|296.64000|+49.19606
296.8998333|+49.1174722|11361765|19473596+4907029|4891.6|-0.234| 0.058|102.751| 9.202|RGB     | 1.0253| 1.224| 0.036| 6.309| 0.013| 2.926| 0.007| 6.87e-03| 0.007| 3.640| 0.133|                |  1|KCat|Sloan|Simbad|296.89983|+49.11747
297.3407500|+49.1944722|11362947|19492178+4911401|5094.7|-0.121|-0.007| 71.598| 6.317|RC      | 1.0079| 2.124| 0.060| 9.855| 0.015| 2.778| 0.008| 3.13e-03| 0.008| 3.015| 0.281|                |  1|KCat|Sloan|Simbad|297.34075|+49.19447
284.8998333|+49.2165833|11391047|18593596+4912597|4930.4|-0.117| 0.051|219.418|16.881|RGB     | 1.0168| 1.102| 0.028| 4.087| 0.009| 3.257| 0.007| 2.27e-02| 0.006| 3.834| 0.006|                |  0|KCat|Sloan|Simbad|284.89983|+49.21658
285.1338750|+49.2590833|11391391|19003213+4915327|4978.0| 0.086|-0.014|       |      |REJECT  |       |      |      |      |      |      |      |         |      |      |      |No Seis         |  0|KCat|Sloan|Simbad|285.13387|+49.25908
285.2005000|+49.2540278|11391496|19004812+4915145|4437.0|-0.283| 0.178| 19.031| 2.573|RGB     | 1.0444| 1.022| 0.043|13.726| 0.016| 2.172| 0.007| 5.58e-04| 0.008| 3.918| 0.048|                |  0|KCat|Sloan|Simbad|285.20050|+49.25403
285.3596667|+49.2362778|11391750|19012632+4914106|4828.7|-0.066| 0.024| 86.036| 7.987|RGB     | 1.0289| 1.225| 0.037| 6.919| 0.013| 2.846| 0.007| 5.21e-03| 0.007| 3.707| 0.088|                |  1|KCat|Sloan|Simbad|285.35967|+49.23628
286.8908333|+49.2676389|11394085|19073380+4916035|4751.3| 0.096| 0.028| 33.717| 4.053|RC      | 1.0005| 1.214| 0.077|11.049| 0.023| 2.436| 0.010| 1.27e-03| 0.008| 3.622| 0.225|                |  0|KCat|Sloan|Simbad|286.89083|+49.26764
286.9347917|+49.2616111|11394192|19074435+4915418|4973.5|-0.551| 0.234| 23.365| 3.476|RC      | 1.0011| 0.798| 0.082|10.637| 0.025| 2.286| 0.010| 9.35e-04| 0.008| 3.922| 0.170|                |  0|KCat|Sloan|Simbad|286.93479|+49.26161
287.1461667|+49.2608889|11394497|19083508+4915392|4270.2|-0.135| 0.155|  6.333| 1.174|RGB     | 1.0278| 0.875| 0.044|22.228| 0.017| 1.686| 0.007| 1.12e-04| 0.008| 4.210| 0.079|Ageold          |  1|KCat|Sloan|Simbad|287.14617|+49.26089
287.4166250|+49.2275556|11394905|19093999+4913392|4866.7|-0.414| 0.181| 38.561| 4.428|RC      | 0.9927| 1.363| 0.075|10.880| 0.022| 2.499| 0.010| 1.49e-03| 0.008| 3.365| 0.051|                |  1|KCat|Sloan|Simbad|287.41662|+49.22756
287.6009167|+49.2711944|11395200|19102422+4916163|4936.0|-0.409| 0.239| 29.893| 4.147|RC      | 0.9892| 0.856| 0.079| 9.757| 0.024| 2.392| 0.010| 1.30e-03| 0.008| 3.874| 0.154|                |  1|KCat|Sloan|Simbad|287.60092|+49.27119
287.7577917|+49.2429167|11395438|19110187+4914345|4783.2| 0.021| 0.029| 33.562| 4.183|RC      | 1.0015| 1.062| 0.078|10.338| 0.023| 2.435| 0.010| 1.35e-03| 0.008| 3.747| 0.172|                |  1|KCat|Sloan|Simbad|287.75779|+49.24292
288.0016667|+49.2652778|11395816|19120040+4915550|4889.8|-0.198| 0.007| 33.203| 4.075|RC      | 0.9992| 1.190| 0.078|10.945| 0.023| 2.435| 0.010| 1.28e-03| 0.008| 3.562| 0.173|                |  1|KCat|Sloan|Simbad|288.00167|+49.26528
290.7798333|+49.2762778|11400880|19230716+4916346|4741.9|-0.004| 0.003| 51.710| 5.235|RGB     | 1.0331| 1.379| 0.040| 9.514| 0.015| 2.621| 0.007| 2.26e-03| 0.007| 3.534| 0.133|                |  0|KCat|Sloan|Simbad|290.77983|+49.27628
290.8647917|+49.2343056|11401029|19232755+4914035|4622.2|-0.042| 0.080| 54.461| 5.709|RGB     | 1.0367| 1.081| 0.040| 8.260| 0.015| 2.638| 0.007| 2.71e-03| 0.007| 3.901| 0.072|                |  0|KCat|Sloan|Simbad|290.86479|+49.23431
291.0989583|+49.2228056|11401466|19242375+4913221|4821.2|-0.103| 0.004| 34.856| 4.113|RC      | 1.0035| 1.277| 0.077|11.104| 0.023| 2.453| 0.010| 1.32e-03| 0.008| 3.506| 0.154|                |  1|KCat|Sloan|Simbad|291.09896|+49.22281
291.3406667|+49.2767778|11401925|19252176+4916364|4507.5|-0.061| 0.045| 22.144| 2.816|RGB     | 1.0420| 1.159| 0.043|13.494| 0.016| 2.242| 0.007| 6.65e-04| 0.008| 3.794| 0.169|                |  0|KCat|Sloan|Simbad|291.34067|+49.27678
291.5765000|+49.2383333|11402359|19261836+4914180|4922.5|-0.366| 0.083| 30.663| 4.088|RC      | 0.9927| 0.959| 0.079|10.208| 0.024| 2.402| 0.010| 1.27e-03| 0.008| 3.773| 0.159|                |  0|KCat|Sloan|Simbad|291.57650|+49.23833
291.9900833|+49.2016389|11403129|19275762+4912059|4775.8| 0.389| 0.003| 42.745| 4.164|RC      | 1.0068| 2.181| 0.073|13.135| 0.021| 2.540| 0.009| 1.36e-03| 0.008| 3.069| 0.237|                |  1|KCat|Sloan|Simbad|291.99008|+49.20164
292.1376250|+49.2231111|11403437|19283303+4913232|4770.7| 0.032| 0.019| 33.919| 4.175|RC      | 1.0021| 1.097| 0.077|10.461| 0.023| 2.439| 0.010| 1.35e-03| 0.008| 3.715| 0.157|                |  1|KCat|Sloan|Simbad|292.13762|+49.22311
292.3847500|+49.2769444|11403918|19293234+4916370|4601.3| 0.251| 0.012| 72.515| 6.970|RGB     | 1.0344| 1.151| 0.038| 7.396| 0.014| 2.761| 0.007| 4.01e-03| 0.007| 3.892| 0.192|                |  1|KCat|Sloan|Simbad|292.38475|+49.27694
292.8997500|+49.2663889|11404925|19313594+4915590|4679.6| 0.163| 0.008| 32.532| 4.070|RC      | 1.0039| 1.034| 0.078|10.422| 0.023| 2.417| 0.010| 1.29e-03| 0.008| 3.796| 0.194|                |  1|KCat|Sloan|Simbad|292.89975|+49.26639
294.2829583|+49.2129722|11407805|19370791+4912467|4804.7| 0.368| 0.014|162.521|12.639|RGB     | 1.0213| 1.346| 0.031| 5.285| 0.011| 3.121| 0.007| 1.29e-02| 0.007| 3.671| 0.133|                |  0|KCat|Sloan|Simbad|294.28296|+49.21297
294.6749583|+49.2128889|11408704|19384199+4912464|4696.4| 0.124| 0.041| 26.446| 3.920|RC(S)   | 0.9906| 0.684| 0.081| 9.393| 0.025| 2.328| 0.010| 1.16e-03| 0.008| 4.143| 0.141|                |  1|KCat|Sloan|Simbad|294.67496|+49.21289
295.0556250|+49.2494722|11409529|19401335+4914581|4598.8| 0.403| 0.028| 35.499| 4.086|RC      | 1.0052| 1.282| 0.077|11.155| 0.023| 2.451| 0.010| 1.30e-03| 0.008| 3.606| 0.238|                |  1|KCat|Sloan|Simbad|295.05562|+49.24947
295.2121250|+49.2547500|11409827|19405091+4915171|4390.0| 0.372| 0.031| 16.260| 2.257|RGB(S)  | 1.0482| 1.044| 0.043|15.046| 0.016| 2.102| 0.007| 4.32e-04| 0.008| 4.068| 0.208|SeisUnc         |  0|KCat|Sloan|Simbad|295.21212|+49.25475
295.3843333|+49.2329722|11410217|19413224+4913587|4956.0| 0.146|-0.024|228.232|15.948|RGB     | 1.0165| 1.570| 0.028| 4.779| 0.009| 3.275| 0.007| 2.03e-02| 0.006| 3.371| 0.047|                |  1|KCat|Sloan|Simbad|295.38433|+49.23297
295.4901250|+49.2162222|11410478|19415763+4912584|4464.0| 0.272| 0.011| 24.942| 2.881|RGB     | 1.0370| 1.518| 0.043|14.592| 0.016| 2.291| 0.007| 6.89e-04| 0.008| 3.475| 0.195|                |  0|KCat|Sloan|Simbad|295.49012|+49.21622
295.5136667|+49.2847222|11410549|19420328+4917050|4791.5| 0.133| 0.003| 36.624| 4.120|RC      | 1.0028| 1.462| 0.076|11.609| 0.022| 2.473| 0.010| 1.32e-03| 0.008| 3.408| 0.211|                |  1|KCat|Sloan|Simbad|295.51367|+49.28472
295.5481250|+49.2690833|11410622|19421155+4916087|5024.9|-0.149| 0.000|150.139|12.157|RGB     | 1.0195| 1.336| 0.032| 5.415| 0.011| 3.096| 0.007| 1.19e-02| 0.007| 3.542| 0.169|                |  1|KCat|Sloan|Simbad|295.54812|+49.26908
295.6457917|+49.2854722|11410886|19423499+4917077|4791.2| 0.246|-0.006|126.567|10.396|RGB     | 1.0239| 1.369| 0.034| 6.043| 0.012| 3.012| 0.007| 8.75e-03| 0.007| 3.622| 0.170|                |  0|KCat|Sloan|Simbad|295.64579|+49.28547
295.6798750|+49.2295556|11410978|19424317+4913464|4784.7|-0.056| 0.047| 32.066| 4.051|RC      | 1.0007| 1.057| 0.078|10.551| 0.023| 2.415| 0.010| 1.27e-03| 0.008| 3.733| 0.166|                |  0|KCat|Sloan|Simbad|295.67987|+49.22956
295.7481250|+49.2065556|11411163|19425955+4912236|4705.0|-0.125| 0.015| 49.754| 5.165|RGB     | 1.0344| 1.275| 0.040| 9.345| 0.015| 2.602| 0.007| 2.20e-03| 0.007| 3.617| 0.070|                |  0|KCat|Sloan|Simbad|295.74812|+49.20656
296.1440833|+49.2452222|11412190|19443458+4914428|4875.6|-0.221| 0.058| 32.513| 4.135|RC      | 0.9976| 1.056| 0.078|10.427| 0.023| 2.425| 0.010| 1.31e-03| 0.008| 3.692| 0.194|                |  1|KCat|Sloan|Simbad|296.14408|+49.24522
296.5104583|+49.2170556|11413138|19460251+4913014|4567.5| 0.202| 0.064| 47.039| 4.652|RGB     | 1.0325| 1.579| 0.041|10.772| 0.015| 2.572| 0.007| 1.78e-03| 0.007| 3.403| 0.166|                |  1|KCat|Sloan|Simbad|296.51046|+49.21706
296.5190833|+49.2667778|11413158|19460458+4916004|4969.8| 0.069|-0.013| 58.088| 5.017|RC      | 1.0000| 2.835| 0.066|12.719| 0.017| 2.682| 0.009| 1.94e-03| 0.008| 2.631| 0.339|                |  1|KCat|Sloan|Simbad|296.51908|+49.26678
296.6053750|+49.2109167|11413393|19462529+4912393|4776.6|-0.369| 0.202| 69.898| 6.775|RGB     | 1.0295| 1.245| 0.039| 7.761| 0.014| 2.753| 0.007| 3.76e-03| 0.007| 3.587| 0.090|                |  0|KCat|Sloan|Simbad|296.60537|+49.21092
297.0903333|+49.2843611|11414700|19482168+4917037|4819.7|-0.018| 0.006| 37.356| 4.284|RC      | 0.9990| 1.359| 0.076|11.065| 0.022| 2.483| 0.010| 1.41e-03| 0.008| 3.461| 0.376|                |  1|KCat|Sloan|Simbad|297.09033|+49.28436
297.2172500|+49.2621667|11415061|19485214+4915438|4358.2|-0.098| 0.029|  7.843| 1.237|RGB     | 1.0374| 1.338| 0.044|24.575| 0.017| 1.784| 0.007| 1.27e-04| 0.008| 3.554| 0.428|                |  0|KCat|Sloan|Simbad|297.21725|+49.26217
297.3356667|+49.2831944|11415370|19492056+4916595|4828.5|-0.052|-0.001| 38.522| 4.326|RC      | 0.9985| 1.440| 0.075|11.212| 0.022| 2.497| 0.010| 1.44e-03| 0.008| 3.388| 0.370|                |  1|KCat|Sloan|Simbad|297.33567|+49.28319
297.4924167|+49.2161944|11415780|19495818+4912583|4563.5| 0.295| 0.016| 48.590| 5.036|RGB     | 1.0363| 1.246| 0.040| 9.420| 0.015| 2.586| 0.007| 2.10e-03| 0.007| 3.780| 0.348|                |  0|KCat|Sloan|Simbad|297.49242|+49.21619
297.5775417|+49.2794167|11415994|19501861+4916459|4792.0|-0.290| 0.186| 27.635| 3.708|RC      | 1.0093| 0.933| 0.080|10.673| 0.024| 2.351| 0.010| 1.08e-03| 0.008| 3.812| 0.379|                |  1|KCat|Sloan|Simbad|297.57754|+49.27942
283.7235833|+49.3904167|11441797|18545366+4923255|4737.4|-0.138| 0.021| 57.399| 5.825|RGB     | 1.0338| 1.226| 0.040| 8.515| 0.015| 2.666| 0.007| 2.80e-03| 0.007| 3.674| 0.141|                |  1|KCat|Sloan|Simbad|283.72358|+49.39042
284.0152500|+49.3464444|11442227|18560366+4920472|4663.2| 0.090| 0.011| 27.288| 3.416|RC(S)   | 1.0109| 1.190| 0.081|12.214| 0.025| 2.340| 0.010| 9.21e-04| 0.008| 3.639| 0.081|                |  1|KCat|Sloan|Simbad|284.01525|+49.34644
284.5011250|+49.3535000|11442897|18580027+4921126|4998.1|-0.297| 0.046|118.536|10.222|RGB     | 1.0219| 1.292| 0.035| 6.003| 0.012| 2.993| 0.007| 8.43e-03| 0.007| 3.545| 0.071|                |  0|KCat|Sloan|Simbad|284.50112|+49.35350
284.6811667|+49.3907500|11443139|18584348+4923267|4982.0|-0.659| 0.273| 26.772| 3.290|RC(S)   | 0.9945| 1.539| 0.081|13.794| 0.025| 2.346| 0.010| 8.27e-04| 0.008| 3.198| 0.006|                |  0|KCat|Sloan|Simbad|284.68117|+49.39075
284.8252500|+49.3599722|11443382|18591806+4921359|4774.5|-0.233| 0.058| 24.331| 3.352|RC      | 1.0109| 0.943| 0.082|11.446| 0.025| 2.295| 0.010| 8.86e-04| 0.008| 3.810| 0.079|                |  0|KCat|Sloan|Simbad|284.82525|+49.35997
284.9545833|+49.3095000|11443558|18594910+4918342|4363.5| 0.167| 0.018| 15.586| 2.130|RGB(S)  | 1.0441| 1.167| 0.043|16.277| 0.016| 2.082| 0.007| 3.82e-04| 0.008| 3.849| 0.349|                |  0|KCat|Sloan|Simbad|284.95458|+49.30950
285.4325000|+49.3850556|11444313|19014380+4923062|4749.5| 0.025| 0.005| 33.489| 4.005|RC      | 0.9866| 1.319| 0.078|11.557| 0.023| 2.433| 0.010| 1.20e-03| 0.008| 3.514| 0.131|                |  1|KCat|Sloan|Simbad|285.43250|+49.38506
286.1560833|+49.3856944|11445495|19043746+4923085|4972.9|-0.804| 0.244|205.608|16.901|RGB     | 1.0164| 0.915| 0.028| 3.840| 0.009| 3.231| 0.007| 2.28e-02| 0.006| 3.946| 0.000|                |  0|KCat|Sloan|Simbad|286.15608|+49.38569
286.5860417|+49.3804722|11446151|19062065+4922497|4758.2| 0.069| 0.017| 33.289| 4.098|RC      | 1.0015| 1.116| 0.078|10.656| 0.023| 2.430| 0.010| 1.30e-03| 0.008| 3.699| 0.153|                |  1|KCat|Sloan|Simbad|286.58604|+49.38047
286.6727917|+49.3313611|11446280|19064147+4919529|4261.1|-0.140| 0.136|  9.926| 1.585|RGB     | 1.0483| 0.933| 0.044|18.347| 0.017| 1.881| 0.007| 2.13e-04| 0.008| 4.090| 0.070|                |  0|KCat|Sloan|Simbad|286.67279|+49.33136
286.9845417|+49.3911389|11446691|19075629+4923281|4708.6|-0.158| 0.135| 28.093| 3.796|RC      | 0.9984| 0.908| 0.080|10.491| 0.024| 2.354| 0.010| 1.11e-03| 0.008| 3.868| 0.030|                |  1|KCat|Sloan|Simbad|286.98454|+49.39114
289.1484167|+49.3867222|11450315|19163562+4923122|4952.9| 0.087| 0.019| 33.201| 4.887|RC      | 0.9744| 0.649| 0.078| 8.055| 0.023| 2.438| 0.010| 1.75e-03| 0.008| 4.171| 0.130|Ageold          |  0|KCat|Sloan|Simbad|289.14842|+49.38672
290.7377917|+49.3118056|11453225|19225707+4918425|4742.7| 0.131| 0.013| 90.951| 8.364|RGB     | 1.0304| 1.164| 0.037| 6.591| 0.013| 2.866| 0.007| 5.74e-03| 0.007| 3.840| 0.101|                |  0|KCat|Sloan|Simbad|290.73779|+49.31181
290.9769583|+49.3793333|11453627|19235447+4922456|4701.2| 0.023| 0.082| 30.924| 3.993|RC      | 1.0030| 0.969| 0.079|10.335| 0.024| 2.396| 0.010| 1.24e-03| 0.008| 3.842| 0.135|                |  1|KCat|Sloan|Simbad|290.97696|+49.37933
291.0253333|+49.3814722|11453721|19240608+4922533|4607.1|-0.157| 0.118| 59.912| 6.150|RGB     | 1.0358| 1.068| 0.039| 7.832| 0.014| 2.679| 0.007| 3.13e-03| 0.007| 3.885| 0.000|                |  0|KCat|Sloan|Simbad|291.02533|+49.38147
291.1302500|+49.3544722|11453905|19243126+4921161|4525.4|-0.151| 0.013| 16.634| 2.320|RGB     | 1.0445| 1.062| 0.043|14.893| 0.016| 2.118| 0.007| 4.53e-04| 0.008| 3.892| 0.169|                |  1|KCat|Sloan|Simbad|291.13025|+49.35447
291.3361667|+49.3565556|11454275|19252068+4921236|      |      |      | 38.046| 4.212|Bad Teff|       |      |      |      |      |      |      |         |      |      |      |No Seis         |  0|KCat|Sloan|Simbad|291.33617|+49.35656
291.8617083|+49.3740556|11455176|19272681+4922266|4874.6|-0.194| 0.023| 36.044| 4.200|RC      | 1.0017| 1.330| 0.076|11.113| 0.022| 2.470| 0.010| 1.37e-03| 0.008| 3.441| 0.129|                |  1|KCat|Sloan|Simbad|291.86171|+49.37406
292.2496250|+49.3583889|11455925|19285991+4921302|4782.1|-0.169| 0.052| 30.376| 3.942|RC      | 0.9921| 1.036| 0.079|10.734| 0.024| 2.392| 0.010| 1.18e-03| 0.008| 3.737| 0.079|                |  1|KCat|Sloan|Simbad|292.24962|+49.35839
292.4237917|+49.3410278|11456246|19294171+4920277|4697.9| 0.212| 0.012| 31.329| 3.386|RC      | 1.0065| 1.918| 0.079|14.448| 0.024| 2.401| 0.010| 8.97e-04| 0.008| 3.150| 0.190|                |  0|KCat|Sloan|Simbad|292.42379|+49.34103
292.5354167|+49.3576667|11456449|19300850+4921276|4851.5| 0.082|-0.012|112.926| 9.360|RGB     | 1.0232| 1.512| 0.035| 6.703| 0.012| 2.965| 0.007| 7.08e-03| 0.007| 3.421| 0.130|                |  1|KCat|Sloan|Simbad|292.53542|+49.35767
292.7840833|+49.3376389|11456927|19310818+4920155|4638.2|-0.140| 0.172| 24.426| 3.448|RC      | 1.0068| 0.829| 0.082|10.790| 0.025| 2.290| 0.010| 9.30e-04| 0.008| 3.956| 0.117|                |  0|KCat|Sloan|Simbad|292.78408|+49.33764
293.1159167|+49.3950833|11457554|19322782+4923423|4588.0| 0.164| 0.080| 75.948| 7.385|RGB     | 1.0353| 1.041| 0.038| 6.878| 0.014| 2.781| 0.007| 4.51e-03| 0.007| 4.031| 0.108|                |  0|KCat|Sloan|Simbad|293.11592|+49.39508
293.1989583|+49.3746389|11457734|19324775+4922287|4926.1| 0.088| 0.023| 53.198| 4.962|RC      | 1.0038| 2.211| 0.068|11.762| 0.019| 2.642| 0.009| 1.92e-03| 0.008| 3.016| 0.188|                |  0|KCat|Sloan|Simbad|293.19896|+49.37464
294.3896667|+49.3753611|11460287|19373352+4922313|4781.0| 0.054| 0.013| 92.502| 8.185|RGB     | 1.0271| 1.370| 0.037| 7.074| 0.013| 2.875| 0.007| 5.46e-03| 0.007| 3.572| 0.104|                |  0|KCat|Sloan|Simbad|294.38967|+49.37536
294.7688750|+49.3548611|11461138|19390453+4921175|4577.6| 0.358| 0.036| 32.741| 3.897|RC      | 1.0053| 1.206| 0.078|11.279| 0.023| 2.415| 0.010| 1.18e-03| 0.008| 3.674| 0.163|                |  1|KCat|Sloan|Simbad|294.76887|+49.35486
295.1698750|+49.3763889|11462100|19404077+4922350|4265.2| 0.151| 0.040| 12.452| 1.798|RGB     | 1.0453| 1.128| 0.044|18.002| 0.016| 1.980| 0.007| 2.73e-04| 0.008| 3.898| 0.131|                |  0|KCat|Sloan|Simbad|295.16987|+49.37639
295.2367083|+49.3420000|11462235|19405681+4920312|4720.0|-0.094| 0.013| 46.178| 4.988|RGB     | 1.0363| 1.169| 0.041| 9.281| 0.015| 2.571| 0.007| 2.06e-03| 0.007| 3.764| 0.208|                |  0|KCat|Sloan|Simbad|295.23671|+49.34200
295.4237917|+49.3051944|11462629|19414171+4918187|5034.4| 0.179|-0.033| 98.426| 7.756|RC(S)   | 0.9946| 2.515| 0.048| 9.174| 0.010| 2.913| 0.007| 4.59e-03| 0.008| 2.829| 0.101|                |  0|KCat|Sloan|Simbad|295.42379|+49.30519
295.5685417|+49.3188611|11462972|19421645+4919079|4779.7| 0.158| 0.013| 42.977| 4.489|RC      | 1.0014| 1.680| 0.073|11.495| 0.021| 2.542| 0.009| 1.56e-03| 0.008| 3.261| 0.102|                |  1|KCat|Sloan|Simbad|295.56854|+49.31886
295.7422500|+49.3062500|11463411|19425814+4918225|5045.0|-0.068| 0.037| 51.058| 4.634|RC      | 1.0000| 2.703| 0.069|13.198| 0.019| 2.629| 0.009| 1.66e-03| 0.008| 2.624| 0.128|                |  1|KCat|Sloan|Simbad|295.74225|+49.30625
295.7640417|+49.3874722|11463450|19430337+4923149|4581.6| 0.532| 0.040| 38.813| 4.160|RC      | 1.0036| 1.561| 0.075|11.781| 0.022| 2.489| 0.010| 1.35e-03| 0.008| 3.384| 0.264|                |  1|KCat|Sloan|Simbad|295.76404|+49.38747
296.6840833|+49.3377222|11465784|19464418+4920158|4789.8| 0.000|-0.007| 35.212| 4.230|RC      | 1.0008| 1.178| 0.077|10.627| 0.023| 2.456| 0.010| 1.38e-03| 0.008| 3.617| 0.260|                |  1|KCat|Sloan|Simbad|296.68408|+49.33772
296.7501667|+49.3209722|11465942|19470004+4919155|5052.3| 0.190|-0.019| 99.923| 7.765|RC(S)   | 0.9971| 2.606| 0.048| 9.260| 0.009| 2.921| 0.007| 4.63e-03| 0.008| 2.766| 0.238|                |  0|KCat|Sloan|Simbad|296.75017|+49.32097
296.8323333|+49.3670000|11466172|19471976+4922012|4561.9|-0.141| 0.071| 24.500| 3.036|RGB     | 1.0396| 1.194| 0.043|12.986| 0.016| 2.288| 0.007| 7.69e-04| 0.008| 3.715| 0.284|                |  0|KCat|Sloan|Simbad|296.83233|+49.36700
297.5899583|+49.3813333|11468149|19502159+4922528|4767.3|-0.327| 0.049| 46.571| 5.200|RGB     | 1.0379| 1.024| 0.041| 8.627| 0.015| 2.577| 0.007| 2.25e-03| 0.007| 3.881| 0.346|                |  0|KCat|Sloan|Simbad|297.58996|+49.38133
297.6755833|+49.3464167|11468340|19504214+4920471|4850.6|-0.027| 0.025| 41.456| 4.561|RC      | 0.9999| 1.455| 0.074|10.850| 0.021| 2.530| 0.010| 1.61e-03| 0.008| 3.371| 0.371|                |  1|KCat|Sloan|Simbad|297.67558|+49.34642
284.0516250|+49.4259444|11494169|18561239+4925334|4693.7|-0.111| 0.048| 40.248| 4.311|RGB     | 1.0340| 1.388| 0.041|10.847| 0.015| 2.510| 0.007| 1.53e-03| 0.007| 3.496| 0.102|                |  1|KCat|Sloan|Simbad|284.05162|+49.42594
284.1530000|+49.4187500|11494312|18563672+4925075|4751.7| 0.147| 0.014| 38.202| 4.273|RC      | 0.9958| 1.457| 0.075|11.369| 0.022| 2.490| 0.010| 1.40e-03| 0.008| 3.419| 0.241|                |  1|KCat|Sloan|Simbad|284.15300|+49.41875
284.7331250|+49.4948056|11495084|18585595+4929413|4691.2|-0.042| 0.153| 28.635| 3.873|RC      | 0.9975| 0.886| 0.080|10.273| 0.024| 2.362| 0.010| 1.15e-03| 0.008| 3.908| 0.068|                |  1|KCat|Sloan|Simbad|284.73312|+49.49481
285.6751667|+49.4480000|11496497|19024204+4926528|4914.2| 0.171|-0.006|182.484|13.840|RGB     | 1.0184| 1.387| 0.030| 5.033| 0.010| 3.176| 0.007| 1.53e-02| 0.006| 3.576| 0.147|                |  1|KCat|Sloan|Simbad|285.67517|+49.44800
285.7138750|+49.4905833|11496569|19025133+4929261|4786.6| 0.100|-0.007| 66.619| 6.150|RGB     | 1.0287| 1.598| 0.039| 9.001| 0.014| 2.733| 0.007| 3.09e-03| 0.007| 3.347| 0.000|                |  1|KCat|Sloan|Simbad|285.71387|+49.49058
285.7146667|+49.4444167|11496573|19025152+4926399|5026.3| 0.034|-0.007|       |      |REJECT  |       |      |      |      |      |      |      |         |      |      |      |No Seis         |  0|KCat|Sloan|Simbad|285.71467|+49.44442
286.2060833|+49.4900556|11497421|19044946+4929242|4749.7|-0.133| 0.096| 29.565| 3.815|RGB(S)  | 1.0364| 0.905| 0.042|10.189| 0.016| 2.378| 0.007| 1.21e-03| 0.008| 4.144| 0.098|                |  1|KCat|Sloan|Simbad|286.20608|+49.49006
286.6033333|+49.4564167|11498043|19062480+4927231|4739.9|-0.790| 0.274| 33.101| 4.112|RGB     | 1.0407| 0.922| 0.042| 9.726| 0.016| 2.427| 0.007| 1.41e-03| 0.008| 3.935| 0.030|                |  1|KCat|Sloan|Simbad|286.60333|+49.45642
286.6494583|+49.4603056|11498101|19063587+4927371|4752.0| 0.116| 0.028| 37.674| 4.128|RC      | 1.0016| 1.568| 0.076|11.876| 0.022| 2.484| 0.010| 1.32e-03| 0.008| 3.320| 0.209|                |  1|KCat|Sloan|Simbad|286.64946|+49.46031
286.7028333|+49.4426111|11498178|19064868+4926334|4928.6|-0.019|-0.015|201.672|15.240|RGB     | 1.0173| 1.284| 0.028| 4.604| 0.009| 3.220| 0.007| 1.86e-02| 0.006| 3.628| 0.000|                |  0|KCat|Sloan|Simbad|286.70283|+49.44261
286.7945000|+49.4104722|11498298|19071068+4924377|4923.9|-0.146| 0.005| 42.235| 4.530|RC      | 0.9983| 1.627| 0.073|11.327| 0.021| 2.541| 0.010| 1.58e-03| 0.008| 3.229| 0.128|                |  1|KCat|Sloan|Simbad|286.79450|+49.41047
289.0453750|+49.4384444|11502092|19161089+4926184|5038.3| 0.016| 0.014| 32.553| 2.475|RC(S)   |       |      |      |      |      | 2.433| 0.010|         |      |      | 0.228|No Fdnu         |  0|KCat|Sloan|Simbad|289.04537|+49.43844
289.2416250|+49.4243611|11502538|19165799+4925277|4907.0|-0.103| 0.030| 37.596| 4.330|RC      | 0.9961| 1.380| 0.076|11.067| 0.022| 2.490| 0.010| 1.44e-03| 0.008| 3.417| 0.132|                |  0|KCat|Sloan|Simbad|289.24162|+49.42436
289.4655833|+49.4872500|11502920|19175174+4929141|4785.5|-0.175| 0.076| 28.420| 3.785|RC      | 0.9860| 1.024| 0.080|11.032| 0.024| 2.363| 0.010| 1.08e-03| 0.008| 3.748| 0.108|                |  0|KCat|Sloan|Simbad|289.46558|+49.48725
291.1018333|+49.4861944|11505872|19242444+4929103|4748.0|-0.093| 0.110| 29.784| 3.866|RC      | 0.9886| 1.059| 0.079|10.980| 0.024| 2.382| 0.010| 1.13e-03| 0.008| 3.717| 0.378|                |  0|KCat|Sloan|Simbad|291.10183|+49.48619
291.2898333|+49.4783889|11506212|19250956+4928422|4532.4| 0.192| 0.007| 38.557| 4.256|RGB(S)  | 1.0388| 1.196| 0.041|10.378| 0.015| 2.484| 0.007| 1.51e-03| 0.007| 3.821| 0.135|                |  1|KCat|Sloan|Simbad|291.28983|+49.47839
292.3801250|+49.4281111|11508336|19293123+4925412|4965.5|-0.585| 0.211| 30.741| 3.802|RC      | 0.9939| 1.304| 0.079|11.860| 0.024| 2.405| 0.010| 1.10e-03| 0.008| 3.395| 0.132|                |  0|KCat|Sloan|Simbad|292.38012|+49.42811
292.7140000|+49.4999444|11508970|19305136+4929598|4841.8|-0.103| 0.024| 34.456| 3.949|RC      | 1.0016| 1.472| 0.077|11.976| 0.023| 2.449| 0.010| 1.21e-03| 0.008| 3.340| 0.090|                |  1|KCat|Sloan|Simbad|292.71400|+49.49994
292.8357083|+49.4280278|11509207|19312057+4925409|4637.9|-0.245| 0.162| 51.617| 5.629|RGB     | 1.0386| 0.972| 0.040| 8.037| 0.015| 2.615| 0.007| 2.64e-03| 0.007| 4.003| 0.023|                |  1|KCat|Sloan|Simbad|292.83571|+49.42803
292.8679167|+49.4588056|11509277|19312830+4927317|4811.4| 0.206|-0.027| 44.820| 4.590|RC      | 1.0081| 1.713| 0.072|11.348| 0.020| 2.562| 0.009| 1.65e-03| 0.008| 3.252| 0.174|                |  1|KCat|Sloan|Simbad|292.86792|+49.45881
293.0362500|+49.4471389|11509608|19320870+4926497|4732.6|-0.765| 0.224| 33.348| 4.060|RGB     | 1.0395| 0.995| 0.042|10.069| 0.016| 2.430| 0.007| 1.37e-03| 0.007| 3.824| 0.070|                |  1|KCat|Sloan|Simbad|293.03625|+49.44714
293.1202917|+49.4765833|11509792|19322887+4928357|4668.6|-0.102| 0.103| 20.040| 2.795|RGB     | 1.0472| 0.915| 0.043|12.495| 0.016| 2.206| 0.007| 6.61e-04| 0.008| 4.157| 0.132|Ageold          |  1|KCat|Sloan|Simbad|293.12029|+49.47658
294.1577500|+49.4529722|11512096|19363786+4927107|4834.9|-0.358| 0.197| 30.933| 4.030|RC      | 0.9913| 1.022| 0.079|10.535| 0.024| 2.402| 0.010| 1.23e-03| 0.008| 3.706| 0.077|                |  1|KCat|Sloan|Simbad|294.15775|+49.45297
294.9162500|+49.4020278|11513798|19393990+4924073|4642.3| 0.291| 0.012| 90.425| 8.328|RGB     | 1.0322| 1.120| 0.037| 6.518| 0.013| 2.859| 0.007| 5.70e-03| 0.007| 3.943| 0.025|                |  1|KCat|Sloan|Simbad|294.91625|+49.40203
295.1542083|+49.4053611|11514322|19403701+4924193|4727.6| 0.164|-0.009| 60.827| 5.742|RGB     | 1.0304| 1.560| 0.039| 9.337| 0.014| 2.691| 0.007| 2.70e-03| 0.007| 3.402| 0.157|                |  1|KCat|Sloan|Simbad|295.15421|+49.40536
295.6089167|+49.4601111|11515377|19422614+4927364|4968.4|-0.086| 0.006|191.649|14.738|RGB     | 1.0176| 1.274| 0.029| 4.695| 0.010| 3.200| 0.007| 1.74e-02| 0.006| 3.635| 0.038|                |  1|KCat|Sloan|Simbad|295.60892|+49.46011
295.6282500|+49.4980278|11515424|19423078+4929529|4932.2| 0.179|-0.029|153.051|11.619|RGB     | 1.0182| 1.657| 0.032| 6.003| 0.011| 3.101| 0.007| 1.08e-02| 0.007| 3.301| 0.172|                |  0|KCat|Sloan|Simbad|295.62825|+49.49803
295.6598333|+49.4437778|11515497|19423836+4926376|4609.2|-0.068| 0.128| 60.081| 6.251|RGB     | 1.0375| 1.003| 0.039| 7.580| 0.014| 2.680| 0.007| 3.25e-03| 0.007| 4.020| 0.071|                |  0|KCat|Sloan|Simbad|295.65983|+49.44378
296.3469167|+49.4400278|11517291|19452326+4926241|4451.6|-0.227| 0.078| 15.619| 2.249|RGB     | 1.0461| 0.965| 0.043|14.714| 0.016| 2.087| 0.007| 4.27e-04| 0.008| 4.005| 0.191|                |  0|KCat|Sloan|Simbad|296.34692|+49.44003
296.4300417|+49.4981944|11517524|19454321+4929535|4751.8| 0.241| 0.006|102.568| 8.819|RGB     | 1.0268| 1.374| 0.036| 6.739| 0.013| 2.919| 0.007| 6.33e-03| 0.007| 3.616| 0.122|                |  1|KCat|Sloan|Simbad|296.43004|+49.49819
296.8010417|+49.4075556|11518492|19471225+4924272|4671.8| 0.124| 0.020| 52.222| 5.353|RGB     | 1.0350| 1.262| 0.040| 9.088| 0.015| 2.622| 0.007| 2.37e-03| 0.007| 3.718| 0.264|                |  1|KCat|Sloan|Simbad|296.80104|+49.40756
296.8774583|+49.4023889|11518690|19473059+4924086|4701.3| 0.075| 0.011| 30.948| 3.881|RC      | 0.9989| 1.105| 0.079|11.033| 0.024| 2.396| 0.010| 1.16e-03| 0.008| 3.714| 0.158|                |  0|KCat|Sloan|Simbad|296.87746|+49.40239
297.0186667|+49.4055278|11519087|19480448+4924199|5129.0| 0.010|-0.033| 79.239| 6.714|RC(S)   | 0.9992| 2.359| 0.057| 9.855| 0.013| 2.823| 0.008| 3.47e-03| 0.008| 2.913| 0.380|                |  0|KCat|Sloan|Simbad|297.01867|+49.40553
297.1372500|+49.4064167|11519405|19483294+4924231|4948.8|-0.243| 0.018|133.779|11.158|RGB     | 1.0206| 1.296| 0.033| 5.672| 0.012| 3.043| 0.007| 1.00e-02| 0.007| 3.556| 0.261|                |  0|KCat|Sloan|Simbad|297.13725|+49.40642
297.1590000|+49.4443889|11519450|19483816+4926398|4829.0|-0.103| 0.029| 72.507| 6.818|RGB     | 1.0287| 1.382| 0.038| 8.005| 0.014| 2.772| 0.007| 3.80e-03| 0.007| 3.499| 0.373|                |  1|KCat|Sloan|Simbad|297.15900|+49.44439
297.2622917|+49.4036944|11519735|19490295+4924133|4436.0| 0.307| 0.016| 28.196| 3.244|RGB     | 1.0392| 1.340| 0.042|12.913| 0.016| 2.343| 0.007| 8.77e-04| 0.008| 3.677| 0.373|                |  1|KCat|Sloan|Simbad|297.26229|+49.40369
297.3526250|+49.4010833|11519991|19492463+4924039|5079.8|-0.089|-0.016| 99.838| 8.233|RC      | 0.9964| 2.080| 0.048| 8.264| 0.010| 2.922| 0.007| 5.20e-03| 0.008| 2.973| 0.170|                |  1|KCat|Sloan|Simbad|297.35262|+49.40108
297.5674583|+49.4897222|11520578|19501619+4929230|4705.7| 0.321| 0.014|110.496| 9.481|RGB     | 1.0274| 1.265| 0.035| 6.244| 0.012| 2.949| 0.007| 7.33e-03| 0.007| 3.759| 0.320|                |  0|KCat|Sloan|Simbad|297.56746|+49.48972
297.5949583|+49.4618611|11520642|19502279+4927427|5071.5|-0.246| 0.043| 92.260| 7.879|RGB     | 1.0188| 1.786| 0.037| 7.969| 0.013| 2.887| 0.007| 4.97e-03| 0.007| 3.092| 0.367|                |  0|KCat|Sloan|Simbad|297.59496|+49.46186
297.7116250|+49.4562778|11520923|19505079+4927226|4798.5|-0.166| 0.039| 23.444| 3.142|RC      | 1.0164| 1.076| 0.082|12.445| 0.025| 2.280| 0.010| 7.87e-04| 0.008| 3.692| 0.416|                |  0|KCat|Sloan|Simbad|297.71162|+49.45628
297.8137083|+49.4074167|11521155|19511529+4924267|4890.1|-0.022| 0.021| 40.162| 4.479|RC      | 0.9994| 1.443| 0.074|10.955| 0.022| 2.518| 0.010| 1.55e-03| 0.008| 3.387| 0.374|                |  1|KCat|Sloan|Simbad|297.81371|+49.40742
297.8279167|+49.4308889|11521197|19511870+4925512|4828.6|-0.033| 0.004| 67.383| 6.176|RGB(S)  | 1.0267| 1.660| 0.039| 9.102| 0.014| 2.740| 0.007| 3.10e-03| 0.007| 3.254| 0.301|                |  1|KCat|Sloan|Simbad|297.82792|+49.43089
297.8911250|+49.4586944|11521352|19513387+4927313|4894.1|-0.178| 0.003|105.513| 9.177|RGB     | 1.0239| 1.349| 0.036| 6.534| 0.013| 2.938| 0.007| 6.82e-03| 0.007| 3.528| 0.182|                |  1|KCat|Sloan|Simbad|297.89112|+49.45869
284.2755417|+49.5385278|11546913|18570613+4932187|5018.3|-0.111| 0.018|176.260|13.275|RGB     | 1.0173| 1.530| 0.030| 5.352| 0.010| 3.166| 0.007| 1.41e-02| 0.006| 3.333| 0.006|                |  1|KCat|Sloan|Simbad|284.27554|+49.53853
284.6602500|+49.5376944|11547411|18583846+4932157|4850.8| 0.137| 0.021|108.539| 9.536|RGB     | 1.0269| 1.228| 0.035| 6.162| 0.013| 2.948| 0.007| 7.40e-03| 0.007| 3.760| 0.021|                |  0|KCat|Sloan|Simbad|284.66025|+49.53769
285.7109167|+49.5418056|11548940|19025062+4932305|4732.3|-0.126| 0.038| 23.996| 3.120|RC      | 1.0053| 1.215| 0.082|13.116| 0.025| 2.287| 0.010| 7.60e-04| 0.008| 3.562| 0.086|                |  1|KCat|Sloan|Simbad|285.71092|+49.54181
286.7495417|+49.5400833|11550492|19065989+4932243|4737.6| 0.055| 0.003| 93.425| 8.638|RGB     | 1.0303| 1.108| 0.037| 6.346| 0.013| 2.878| 0.007| 6.12e-03| 0.007| 3.893| 0.030|                |  1|KCat|Sloan|Simbad|286.74954|+49.54008
289.4137083|+49.5916111|11554793|19173929+4935298|4743.6|-0.097| 0.164| 32.744| 3.869|RC      | 1.0000| 1.338| 0.078|11.776| 0.023| 2.423| 0.010| 1.16e-03| 0.008| 3.452| 0.169|                |  0|KCat|Sloan|Simbad|289.41371|+49.59161
289.6575000|+49.5992500|11555266|19183780+4935573|4705.9| 0.375| 0.001|135.974|11.289|RGB     | 1.0255| 1.181| 0.033| 5.439| 0.012| 3.039| 0.007| 1.04e-02| 0.007| 3.873| 0.153|                |  0|KCat|Sloan|Simbad|289.65750|+49.59925
291.2057500|+49.5029722|11557992|19244938+4930107|4638.0| 0.111| 0.024| 57.912| 5.863|RGB     | 1.0355| 1.181| 0.040| 8.364| 0.015| 2.665| 0.007| 2.85e-03| 0.007| 3.817| 0.167|                |  0|KCat|Sloan|Simbad|291.20575|+49.50297
291.9175417|+49.5683056|11559187|19274021+4934059|4677.4| 0.178|-0.016| 70.416| 6.644|RGB     | 1.0319| 1.321| 0.039| 8.008| 0.014| 2.752| 0.007| 3.63e-03| 0.007| 3.659| 0.127|                |  0|KCat|Sloan|Simbad|291.91754|+49.56831
291.9301667|+49.5015833|11559206|19274324+4930057|4652.3| 0.361| 0.032| 82.845| 7.423|RGB     | 1.0304| 1.378| 0.037| 7.550| 0.014| 2.821| 0.007| 4.52e-03| 0.007| 3.639| 0.171|                |  0|KCat|Sloan|Simbad|291.93017|+49.50158
292.0705833|+49.5333889|11559478|19281694+4932002|4944.8|-0.295| 0.069| 37.251| 4.083|RC      | 1.0019| 1.678| 0.076|12.236| 0.022| 2.488| 0.010| 1.29e-03| 0.008| 3.163| 0.087|                |  1|KCat|Sloan|Simbad|292.07058|+49.53339
292.1023333|+49.5741111|11559552|19282456+4934268|4836.8|-0.394| 0.217| 27.705| 3.871|RC      | 0.9929| 0.857| 0.080|10.195| 0.024| 2.354| 0.010| 1.14e-03| 0.008| 3.879| 0.089|                |  0|KCat|Sloan|Simbad|292.10233|+49.57411
292.1512917|+49.5916389|11559645|19283631+4935299|4704.9|-0.176| 0.036| 26.629| 3.091|RGB     | 1.0337| 1.529| 0.042|13.986| 0.016| 2.331| 0.007| 7.88e-04| 0.008| 3.352| 0.165|                |  1|KCat|Sloan|Simbad|292.15129|+49.59164
292.2390000|+49.5832222|11559818|19285736+4934596|4529.2| 0.512| 0.006| 38.048| 3.688|RGB     | 1.0249| 2.150| 0.041|14.006| 0.015| 2.478| 0.007| 1.10e-03| 0.007| 3.004| 0.150|                |  1|KCat|Sloan|Simbad|292.23900|+49.58322
292.3709583|+49.5370278|11560054|19292903+4932133|4761.2|-0.260| 0.186| 29.141| 3.953|RC      | 0.9953| 0.887| 0.080|10.155| 0.024| 2.373| 0.010| 1.20e-03| 0.008| 3.874| 0.080|                |  0|KCat|Sloan|Simbad|292.37096|+49.53703
292.5866667|+49.5678333|11560465|19302080+4934042|4566.9|-0.020| 0.146| 58.865| 6.076|RGB     | 1.0369| 1.044| 0.040| 7.833| 0.015| 2.669| 0.007| 3.07e-03| 0.007| 3.987| 0.082|                |  1|KCat|Sloan|Simbad|292.58667|+49.56783
292.7819583|+49.5532778|11560861|19310767+4933118|4557.6| 0.029| 0.096| 46.675| 5.125|RGB     | 1.0392| 1.016| 0.041| 8.682| 0.015| 2.568| 0.007| 2.19e-03| 0.007| 4.025| 0.214|                |  0|KCat|Sloan|Simbad|292.78196|+49.55328
292.8332083|+49.5680556|11560939|19311997+4934050|4913.8| 0.057|-0.010|159.579|12.395|RGB     | 1.0192| 1.437| 0.031| 5.479| 0.011| 3.118| 0.007| 1.23e-02| 0.007| 3.493| 0.130|                |  1|KCat|Sloan|Simbad|292.83321|+49.56806
293.0684583|+49.5292222|11561379|19321643+4931452|4839.0|-0.214| 0.049| 90.616| 8.598|RGB     | 1.0292| 1.068| 0.037| 6.292| 0.013| 2.869| 0.007| 6.05e-03| 0.007| 3.852| 0.090|                |  1|KCat|Sloan|Simbad|293.06846|+49.52922
294.2175417|+49.5998333|11563791|19365221+4935594|4928.6|-1.265| 0.355| 42.288| 5.010|RGB     | 1.0340| 0.950| 0.041| 8.645| 0.015| 2.542| 0.007| 2.07e-03| 0.007| 3.839| 0.162|                |  1|KCat|Sloan|Simbad|294.21754|+49.59983
294.3235833|+49.5268056|11564024|19371766+4931365|4881.1| 0.223| 0.009|180.126|13.297|RGB     | 1.0180| 1.552| 0.030| 5.368| 0.010| 3.169| 0.007| 1.42e-02| 0.006| 3.414| 0.161|                |  0|KCat|Sloan|Simbad|294.32358|+49.52681
294.4360833|+49.5076944|11564307|19374466+4930277|4810.4| 0.013| 0.013| 36.119| 4.130|RC      | 0.9969| 1.431| 0.076|11.552| 0.022| 2.468| 0.010| 1.31e-03| 0.008| 3.408| 0.148|                |  1|KCat|Sloan|Simbad|294.43608|+49.50769
294.4847083|+49.5678889|11564401|19375633+4934044|4920.1|-0.166| 0.064|115.093|10.014|RGB     | 1.0239| 1.244| 0.035| 6.002| 0.012| 2.976| 0.007| 8.12e-03| 0.007| 3.649| 0.194|                |  0|KCat|Sloan|Simbad|294.48471|+49.56789
294.6458750|+49.5514444|11564787|19383501+4933052|4582.9| 0.342| 0.004| 28.270| 3.527|RC      | 1.0167| 1.109| 0.080|11.635| 0.024| 2.351| 0.010| 9.93e-04| 0.008| 3.758| 0.241|                |  1|KCat|Sloan|Simbad|294.64587|+49.55144
295.2002917|+49.5637222|11566038|19404807+4933494|5067.1|-1.558| 0.246| 31.269| 3.963|RGB(S)  | 1.0332| 1.026| 0.042|10.379| 0.016| 2.417| 0.007| 1.29e-03| 0.008| 3.700| 0.169|                |  0|KCat|Sloan|Simbad|295.20029|+49.56372
295.2258750|+49.5188611|11566089|19405421+4931079|4651.3|-0.108| 0.181| 24.823| 3.382|RC      | 1.0121| 0.924| 0.082|11.292| 0.025| 2.298| 0.010| 9.05e-04| 0.008| 3.850| 0.123|                |  0|KCat|Sloan|Simbad|295.22587|+49.51886
295.3101667|+49.5548333|11566273|19411444+4933174|4717.2| 0.143|-0.003| 57.980| 5.820|RGB     | 1.0348| 1.255| 0.040| 8.582| 0.015| 2.670| 0.007| 2.80e-03| 0.007| 3.733| 0.268|                |  0|KCat|Sloan|Simbad|295.31017|+49.55483
295.3902500|+49.5246667|11566466|19413366+4931288|4888.3|-0.074| 0.017|138.806|11.703|RGB     | 1.0222| 1.167| 0.033| 5.301| 0.011| 3.056| 0.007| 1.10e-02| 0.007| 3.778| 0.072|                |  0|KCat|Sloan|Simbad|295.39025|+49.52467
295.7710000|+49.5161389|11567392|19430504+4930581|5010.1|-0.187| 0.054|211.197|16.411|RGB     | 1.0169| 1.126| 0.028| 4.195| 0.009| 3.244| 0.007| 2.15e-02| 0.006| 3.797| 0.165|                |  0|KCat|Sloan|Simbad|295.77100|+49.51614
295.8413333|+49.5315278|11567563|19432192+4931535|4680.4| 0.108| 0.003| 42.229| 4.385|RGB     | 1.0338| 1.493| 0.041|10.989| 0.015| 2.530| 0.007| 1.59e-03| 0.007| 3.458| 0.158|                |  1|KCat|Sloan|Simbad|295.84133|+49.53153
295.8481667|+49.5694722|11567572|19432356+4934101|4815.1| 0.303| 0.008| 56.930| 5.252|RC      | 1.0107| 2.030| 0.067|10.958| 0.018| 2.666| 0.009| 2.18e-03| 0.008| 3.118| 0.193|                |  1|KCat|Sloan|Simbad|295.84817|+49.56947
296.2572917|+49.5317222|11568605|19450175+4931542|4661.2| 0.173|-0.019| 49.322| 4.886|RGB     | 1.0326| 1.541| 0.040|10.341| 0.015| 2.597| 0.007| 1.97e-03| 0.007| 3.429| 0.197|                |  1|KCat|Sloan|Simbad|296.25729|+49.53172
296.6827917|+49.5725000|11569659|19464387+4934210|4868.1|-0.246| 0.062| 31.419| 4.072|RC      | 0.9931| 1.030| 0.079|10.478| 0.024| 2.410| 0.010| 1.26e-03| 0.008| 3.720| 0.202|                |  1|KCat|Sloan|Simbad|296.68279|+49.57250
297.6345000|+49.5063333|11572172|19503228+4930228|4687.0|-0.060| 0.143| 31.251| 3.983|RC      | 0.9994| 1.020| 0.079|10.555| 0.024| 2.400| 0.010| 1.22e-03| 0.008| 3.771| 0.231|                |  1|KCat|Sloan|Simbad|297.63450|+49.50633
283.9389583|+49.6423611|11597759|18554535+4938325|4718.0|-0.129| 0.074| 29.104| 3.748|RC      | 0.9946| 1.081| 0.080|11.243| 0.024| 2.370| 0.010| 1.07e-03| 0.008| 3.688| 0.100|                |  1|KCat|Sloan|Simbad|283.93896|+49.64236
284.1812083|+49.6363611|11598116|18564349+4938109|4508.0|-0.186| 0.065| 18.057| 2.499|RGB     | 1.0457| 0.999| 0.043|13.875| 0.016| 2.153| 0.007| 5.27e-04| 0.008| 3.988| 0.097|                |  1|KCat|Sloan|Simbad|284.18121|+49.63636
284.3235417|+49.6774167|11598312|18571765+4940387|4903.5|-0.145| 0.013| 47.748| 4.841|RC      | 1.0011| 1.772| 0.071|11.127| 0.020| 2.594| 0.009| 1.81e-03| 0.008| 3.150| 0.074|                |  1|KCat|Sloan|Simbad|284.32354|+49.67742
284.4367917|+49.6999722|11598459|18574483+4941599|4883.7|-0.562| 0.215|124.411|11.273|RGB     | 1.0231| 0.971| 0.034| 5.109| 0.012| 3.009| 0.007| 1.03e-02| 0.007| 3.903| 0.008|                |  0|KCat|Sloan|Simbad|284.43679|+49.69997
285.0455000|+49.6380278|11599342|19001092+4938169|4899.5|-0.056| 0.028|128.988|10.736|RGB     | 1.0220| 1.328| 0.034| 5.862| 0.012| 3.025| 0.007| 9.29e-03| 0.007| 3.586| 0.005|                |  1|KCat|Sloan|Simbad|285.04550|+49.63803
285.6217500|+49.6597778|11600208|19022922+4939352|4957.2|-0.360| 0.082| 29.644| 4.153|RC      | 0.9891| 0.835| 0.079| 9.668| 0.024| 2.389| 0.010| 1.30e-03| 0.008| 3.909| 0.068|                |  1|KCat|Sloan|Simbad|285.62175|+49.65978
285.6565833|+49.6285000|11600255|19023758+4937426|4940.7|-0.397| 0.053|100.262| 9.266|RGB     | 1.0253| 1.123| 0.036| 6.103| 0.013| 2.917| 0.007| 6.97e-03| 0.007| 3.734| 0.050|                |  1|KCat|Sloan|Simbad|285.65658|+49.62850
285.8872083|+49.6877778|11600604|19033293+4941160|4998.1|-0.305| 0.033|102.763| 8.926|RGB     | 1.0223| 1.446| 0.036| 6.820| 0.013| 2.931| 0.007| 6.43e-03| 0.007| 3.368| 0.127|                |  1|KCat|Sloan|Simbad|285.88721|+49.68778
286.2127917|+49.6650278|11601202|19045107+4939541|4504.3|-0.243| 0.055| 13.672| 1.829|RGB     | 1.0337| 1.580| 0.044|20.057| 0.016| 2.032| 0.007| 2.76e-04| 0.008| 3.279| 0.152|                |  0|KCat|Sloan|Simbad|286.21279|+49.66503
286.3230417|+49.6019444|11601378|19051753+4936070|4767.6| 0.105|-0.001| 36.563| 4.281|RC      | 1.0008| 1.248| 0.076|10.748| 0.022| 2.472| 0.010| 1.42e-03| 0.008| 3.585| 0.169|                |  1|KCat|Sloan|Simbad|286.32304|+49.60194
286.4327917|+49.6605833|11601529|19054387+4939381|4488.8| 0.141| 0.094| 32.185| 3.649|RGB(S)  | 1.0386| 1.271| 0.042|11.736| 0.016| 2.403| 0.007| 1.11e-03| 0.008| 3.720| 0.127|                |  1|KCat|Sloan|Simbad|286.43279|+49.66058
287.3188750|+49.6427778|11602793|19091653+4938340|4936.6|-0.114| 0.021|122.306|10.409|RGB     | 1.0228| 1.292| 0.034| 5.926| 0.012| 3.004| 0.007| 8.75e-03| 0.007| 3.592| 0.098|                |  1|KCat|Sloan|Simbad|287.31887|+49.64278
288.7213750|+49.6948889|11605089|19145313+4941416|4867.4|-0.106| 0.011| 33.994| 4.085|RC      | 1.0034| 1.235| 0.077|11.033| 0.023| 2.444| 0.010| 1.30e-03| 0.008| 3.545| 0.190|                |  0|KCat|Sloan|Simbad|288.72137|+49.69489
288.8651667|+49.6042500|11605355|19152764+4936153|4743.6|-0.120| 0.016| 45.356| 4.882|RGB     | 1.0353| 1.222| 0.041| 9.559| 0.015| 2.564| 0.007| 1.97e-03| 0.007| 3.682| 0.227|                |  0|KCat|Sloan|Simbad|288.86517|+49.60425
289.4765417|+49.6284167|11606451|19175437+4937423|4779.0| 0.207| 0.012| 88.451| 7.810|RGB     | 1.0278| 1.440| 0.037| 7.418| 0.013| 2.856| 0.007| 4.97e-03| 0.007| 3.538| 0.190|                |  0|KCat|Sloan|Simbad|289.47654|+49.62842
289.7724167|+49.6165556|11607019|19190538+4936596|4647.7| 0.035| 0.012| 47.935| 5.218|RGB     | 1.0391| 1.056| 0.040| 8.690| 0.015| 2.584| 0.007| 2.27e-03| 0.007| 3.970| 0.201|                |  0|KCat|Sloan|Simbad|289.77242|+49.61656
289.8882917|+49.6744722|11607216|19193319+4940281|4558.2| 0.283| 0.008| 55.338| 5.695|RGB     | 1.0380| 1.117| 0.040| 8.357| 0.015| 2.642| 0.007| 2.70e-03| 0.007| 3.947| 0.216|                |  0|KCat|Sloan|Simbad|289.88829|+49.67447
292.3611667|+49.6745556|11611663|19292668+4940284|4820.8|-0.235| 0.088| 26.520| 3.650|RC      | 1.0020| 0.912| 0.081|10.761| 0.025| 2.335| 0.010| 1.03e-03| 0.008| 3.842| 0.229|                |  0|KCat|Sloan|Simbad|292.36117|+49.67456
292.6150000|+49.6963333|11612171|19302760+4941468|4740.8| 0.239|-0.003| 36.374| 3.971|RC      | 1.0163| 1.549| 0.076|12.021| 0.022| 2.468| 0.010| 1.26e-03| 0.008| 3.362| 0.241|                |  1|KCat|Sloan|Simbad|292.61500|+49.69633
292.6321667|+49.6217222|11612200|19303172+4937182|4876.0|-0.267| 0.071| 31.452| 3.978|RC      | 0.9965| 1.122| 0.079|10.925| 0.024| 2.411| 0.010| 1.21e-03| 0.008| 3.632| 0.168|                |  1|KCat|Sloan|Simbad|292.63217|+49.62172
292.7011250|+49.6632222|11612320|19304827+4939476|4252.4|-0.131| 0.162|  9.508| 1.508|RGB     | 1.0464| 1.005| 0.044|19.461| 0.017| 1.862| 0.007| 1.92e-04| 0.008| 3.997| 0.209|                |  1|KCat|Sloan|Simbad|292.70112|+49.66322
292.8569167|+49.6391667|11612603|19312566+4938210|4686.3| 0.070| 0.029| 85.570| 8.098|RGB     | 1.0320| 1.077| 0.037| 6.555| 0.013| 2.837| 0.007| 5.39e-03| 0.007| 3.942| 0.073|                |  1|KCat|Sloan|Simbad|292.85692|+49.63917
293.9655833|+49.6602222|11614827|19355174+4939368|4916.4|-0.357| 0.080| 34.467| 4.190|RC      | 0.9917| 1.237| 0.077|10.938| 0.023| 2.453| 0.010| 1.33e-03| 0.008| 3.499| 0.173|                |  1|KCat|Sloan|Simbad|293.96558|+49.66022
294.1414167|+49.6430556|11615224|19363394+4938350|4700.8| 0.015| 0.024| 29.968| 4.047|RC      | 0.9982| 0.852| 0.079| 9.842| 0.024| 2.382| 0.010| 1.26e-03| 0.008| 3.959| 0.126|                |  1|KCat|Sloan|Simbad|294.14142|+49.64306
294.2616250|+49.6820556|11615498|19370279+4940554|4978.6| 0.086|-0.007| 67.292| 6.125|RC      | 1.0015| 1.977| 0.062| 9.863| 0.015| 2.746| 0.009| 2.91e-03| 0.008| 3.090| 0.009|                |  1|KCat|Sloan|Simbad|294.26162|+49.68206
294.3158333|+49.6128611|11615617|19371580+4936463|5004.7| 0.238|-0.071|102.894| 8.167|RC      | 0.9941| 2.320| 0.047| 8.631| 0.009| 2.931| 0.007| 5.09e-03| 0.008| 2.969| 0.082|                |  1|KCat|Sloan|Simbad|294.31583|+49.61286
294.4453333|+49.6186944|11615890|19374688+4937073|4917.8| 0.071|-0.004|170.653|13.180|RGB     | 1.0188| 1.378| 0.030| 5.188| 0.010| 3.147| 0.007| 1.39e-02| 0.006| 3.557| 0.197|                |  1|KCat|Sloan|Simbad|294.44533|+49.61869
294.5292083|+49.6585556|11616096|19380701+4939308|4564.2|-0.181| 0.051| 16.286| 2.225|RGB     | 1.0411| 1.209| 0.043|16.025| 0.016| 2.111| 0.007| 4.14e-04| 0.008| 3.696| 0.221|                |  0|KCat|Sloan|Simbad|294.52921|+49.65856
294.9324167|+49.6257222|11617014|19394378+4937326|4751.7| 0.174| 0.002| 37.673| 4.199|RC      | 0.9952| 1.501| 0.076|11.621| 0.022| 2.484| 0.010| 1.35e-03| 0.008| 3.386| 0.211|                |  0|KCat|Sloan|Simbad|294.93242|+49.62572
295.1319167|+49.6444722|11617501|19403166+4938401|4615.4|-0.004| 0.033| 42.890| 4.725|RGB     | 1.0387| 1.115| 0.041| 9.456| 0.015| 2.534| 0.007| 1.86e-03| 0.007| 3.851| 0.161|                |  1|KCat|Sloan|Simbad|295.13192|+49.64447
295.1877500|+49.6759167|11617622|19404506+4940333|4674.6| 0.127| 0.021| 32.264| 3.909|RC      | 1.0038| 1.184| 0.078|11.198| 0.023| 2.413| 0.010| 1.19e-03| 0.008| 3.657| 0.166|                |  1|KCat|Sloan|Simbad|295.18775|+49.67592
295.2413333|+49.6460556|11617751|19405792+4938458|4559.1| 0.061| 0.006| 14.023| 1.919|RGB     | 1.0390| 1.406| 0.043|18.625| 0.016| 2.046| 0.007| 3.07e-04| 0.008| 3.539| 0.216|                |  0|KCat|Sloan|Simbad|295.24133|+49.64606
295.2706667|+49.6341111|11617824|19410496+4938028|4608.0|-0.309| 0.074| 19.865| 2.494|RGB     | 1.0354| 1.442| 0.043|15.805| 0.016| 2.199| 0.007| 5.15e-04| 0.008| 3.386| 0.131|                |  0|KCat|Sloan|Simbad|295.27067|+49.63411
295.3016667|+49.6095556|11617894|19411240+4936344|4859.9| 0.354| 0.013| 12.442| 1.890|RGB     | 1.0472| 1.111| 0.044|17.300| 0.016| 2.008| 0.007| 3.03e-04| 0.008| 3.967| 0.292|                |  0|KCat|Sloan|Simbad|295.30167|+49.60956
295.3736667|+49.6376389|11618043|19412968+4938155|4079.2| 0.381|-0.010|  5.907| 1.126|RGB     | 0.9928| 0.898| 0.044|23.585| 0.017| 1.646| 0.007| 9.65e-05| 0.008| 4.247| 0.160|Ageold          |  1|KCat|Sloan|Simbad|295.37367|+49.63764
295.5556667|+49.6665278|11618522|19421336+4939595|4865.4| 0.189|-0.020| 57.652| 5.424|RC      | 1.0027| 1.943| 0.066|10.624| 0.018| 2.674| 0.009| 2.28e-03| 0.008| 3.137| 0.140|                |  1|KCat|Sloan|Simbad|295.55567|+49.66653
296.0040833|+49.6684167|11619724|19440098+4940063|4721.5| 0.035| 0.019| 23.062| 2.485|RGB     | 1.0153| 2.566| 0.043|19.452| 0.016| 2.269| 0.007| 4.92e-04| 0.008| 2.723| 0.242|                |  1|KCat|Sloan|Simbad|296.00408|+49.66842
296.4200000|+49.6822222|11620833|19454080+4940560|4910.2| 0.322| 0.039|       |      |REJECT  |       |      |      |      |      |      |      |         |      |      |      |No Seis         |  0|KCat|Sloan|Simbad|296.42000|+49.68222
296.6652917|+49.6517778|11621486|19463967+4939064|4753.9|-0.271| 0.048| 36.427| 4.045|RGB     | 1.0345| 1.351| 0.041|11.212| 0.015| 2.469| 0.007| 1.35e-03| 0.007| 3.504| 0.232|                |  1|KCat|Sloan|Simbad|296.66529|+49.65178
296.9106667|+49.6686667|11622144|19473856+4940072|4852.2| 0.125| 0.015| 40.595| 4.284|RC      | 1.0091| 1.692| 0.074|11.825| 0.021| 2.521| 0.010| 1.44e-03| 0.008| 3.246| 0.298|                |  1|KCat|Sloan|Simbad|296.91067|+49.66867
297.2487083|+49.6456389|11623012|19485969+4938443|4856.2|-0.099|-0.001| 35.948| 4.227|RC      | 0.9974| 1.301| 0.076|11.015| 0.023| 2.468| 0.010| 1.37e-03| 0.008| 3.490| 0.341|                |  1|KCat|Sloan|Simbad|297.24871|+49.64564
297.3190417|+49.6876944|11623195|19491657+4941157|4805.9| 0.009|-0.013| 35.854| 4.291|RC      | 1.0005| 1.182| 0.076|10.540| 0.023| 2.465| 0.010| 1.42e-03| 0.008| 3.616| 0.452|                |  1|KCat|Sloan|Simbad|297.31904|+49.68769
297.3639167|+49.6928333|11623314|19492734+4941342|4234.6|-0.059| 0.012|  6.085| 1.043|RGB     | 1.0413| 1.166| 0.044|26.227| 0.017| 1.667| 0.007| 9.11e-05| 0.008| 3.780| 0.589|SeisUnc         |  0|KCat|Sloan|Simbad|297.36392|+49.69283
284.1105000|+49.7605833|11649294|18562652+4945381|4753.1| 0.100| 0.004| 33.245| 4.110|RC      | 1.0017| 1.096| 0.078|10.570| 0.023| 2.430| 0.010| 1.31e-03| 0.008| 3.724| 0.077|                |  1|KCat|Sloan|Simbad|284.11050|+49.76058
284.4996250|+49.7913889|11649869|18575991+4947290|4870.6|-0.634| 0.235| 17.243| 2.791|RGB     | 1.0104| 0.721| 0.043|11.829| 0.016| 2.150| 0.007| 6.14e-04| 0.008| 4.244| 0.108|Ageold          |  1|KCat|Sloan|Simbad|284.49962|+49.79139
284.6201250|+49.7141111|11650039|18582883+4942508|4570.8|-0.486| 0.055| 18.696| 2.537|RGB     | 1.0412| 1.084| 0.043|14.156| 0.016| 2.171| 0.007| 5.39e-04| 0.008| 3.768| 0.010|                |  1|KCat|Sloan|Simbad|284.62012|+49.71411
284.6227917|+49.7613889|11650041|18582947+4945410|4388.7|-0.643| 0.216|  8.835| 1.425|RGB     | 1.0403| 1.086| 0.044|20.825| 0.017| 1.837| 0.007| 1.70e-04| 0.008| 3.718| 0.086|SeisUnc         |  0|KCat|Sloan|Simbad|284.62279|+49.76139
284.7395417|+49.7026389|11650219|18585749+4942095|4845.0|-0.128| 0.045| 31.427| 4.008|RC      | 0.9967| 1.074| 0.079|10.713| 0.024| 2.409| 0.010| 1.23e-03| 0.008| 3.696| 0.130|                |  1|KCat|Sloan|Simbad|284.73954|+49.70264
285.1229167|+49.7570833|11650784|19002950+4945255|4778.1| 0.025| 0.011| 28.421| 3.870|RC      | 1.0023| 0.875| 0.080|10.204| 0.024| 2.363| 0.010| 1.16e-03| 0.008| 3.940| 0.101|                |  0|KCat|Sloan|Simbad|285.12292|+49.75708
285.4861667|+49.7269167|11651361|19015668+4943369|4708.2|-0.369| 0.081| 40.119| 4.571|RGB     | 1.0377| 1.078| 0.041| 9.564| 0.015| 2.509| 0.007| 1.74e-03| 0.007| 3.805| 0.032|                |  0|KCat|Sloan|Simbad|285.48617|+49.72692
285.5532917|+49.7681944|11651457|19021279+4946055|5139.5|-0.920| 0.235| 32.480| 4.570|RC(S)   | 0.9760| 0.834| 0.078| 9.147| 0.023| 2.436| 0.010| 1.54e-03| 0.008| 3.852| 0.000|SeisUnc         |  0|KCat|Sloan|Simbad|285.55329|+49.76819
285.7593333|+49.7968333|11651776|19030224+4947486|4520.9| 0.016| 0.054| 27.807| 3.320|RGB     | 1.0403| 1.200| 0.042|12.249| 0.016| 2.341| 0.007| 9.21e-04| 0.008| 3.773| 0.150|                |  1|KCat|Sloan|Simbad|285.75933|+49.79683
286.5750000|+49.7322500|11653073|19061800+4943561|4788.2| 0.019| 0.010| 37.144| 4.255|RC      | 0.9946| 1.385| 0.076|11.219| 0.022| 2.479| 0.010| 1.38e-03| 0.008| 3.451| 0.099|                |  1|KCat|Sloan|Simbad|286.57500|+49.73225
286.7086250|+49.7111667|11653236|19065007+4942402|4389.4|-0.261| 0.088|  9.632| 1.549|RGB     | 1.0456| 0.987| 0.044|19.015| 0.017| 1.874| 0.007| 2.02e-04| 0.008| 3.968| 0.099|                |  0|KCat|Sloan|Simbad|286.70862|+49.71117
287.5134167|+49.7603611|11654305|19100322+4945373|4668.9| 0.095| 0.017| 52.057| 5.307|RGB     | 1.0345| 1.295| 0.040| 9.222| 0.015| 2.620| 0.007| 2.33e-03| 0.007| 3.674| 0.129|                |  1|KCat|Sloan|Simbad|287.51342|+49.76036
291.8694583|+49.7459167|11661782|19272867+4944453|4839.7|-0.231| 0.009| 60.413| 5.787|RGB     | 1.0281| 1.549| 0.039| 9.281| 0.014| 2.693| 0.007| 2.73e-03| 0.007| 3.298| 0.047|                |  1|KCat|Sloan|Simbad|291.86946|+49.74592
292.0336667|+49.7410278|11662090|19280808+4944277|4694.5|-0.086| 0.017| 45.051| 4.896|RGB     | 1.0371| 1.156| 0.041| 9.357| 0.015| 2.559| 0.007| 1.99e-03| 0.007| 3.795| 0.215|                |  0|KCat|Sloan|Simbad|292.03367|+49.74103
292.5888333|+49.7614444|11663151|19302132+4945412|4923.7|-0.199| 0.052| 35.267| 4.238|RC      | 0.9952| 1.252| 0.077|10.874| 0.023| 2.463| 0.010| 1.37e-03| 0.008| 3.510| 0.225|                |  0|KCat|Sloan|Simbad|292.58883|+49.76144
292.6727083|+49.7210000|11663297|19304145+4943156|4561.1| 0.416| 0.018| 60.529| 5.939|RGB     | 1.0354| 1.249| 0.039| 8.451| 0.014| 2.681| 0.007| 2.92e-03| 0.007| 3.796| 0.263|                |  0|KCat|Sloan|Simbad|292.67271|+49.72100
292.7216250|+49.7100556|11663387|19305319+4942362|4682.5| 0.120| 0.002| 32.843| 4.065|RC      | 1.0034| 1.073| 0.078|10.561| 0.023| 2.421| 0.010| 1.29e-03| 0.008| 3.750| 0.189|                |  1|KCat|Sloan|Simbad|292.72162|+49.71006
293.9165417|+49.7481944|11665692|19353997+4944535|4843.0| 0.338| 0.015| 68.126| 5.963|RC      | 1.0057| 2.154| 0.062|10.303| 0.015| 2.745| 0.008| 2.78e-03| 0.008| 3.076| 0.102|                |  1|KCat|Sloan|Simbad|293.91654|+49.74819
294.3117083|+49.7744444|11666557|19371481+4946280|4449.3| 0.077| 0.085| 31.323| 3.708|RGB(S)  | 1.0423| 1.068| 0.042|10.930| 0.016| 2.389| 0.007| 1.15e-03| 0.008| 3.967| 0.132|                |  1|KCat|Sloan|Simbad|294.31171|+49.77444
294.8002083|+49.7734722|11667630|19391205+4946245|4973.4|-0.222| 0.054| 99.752| 8.962|RGB     | 1.0249| 1.279| 0.036| 6.517| 0.013| 2.917| 0.007| 6.51e-03| 0.007| 3.576| 0.175|                |  0|KCat|Sloan|Simbad|294.80021|+49.77347
294.8592500|+49.7761667|11667775|19392622+4946342|4190.8| 0.204|-0.020|  5.631| 1.029|RGB     | 1.0407| 0.964| 0.044|24.864| 0.017| 1.631| 0.007| 8.85e-05| 0.008| 4.146| 0.234|Ageold          |  0|KCat|Sloan|Simbad|294.85925|+49.77617
294.8698750|+49.7413889|11667799|19392877+4944290|4694.7| 0.219|-0.002| 50.420| 4.808|RGB     | 1.0287| 1.801| 0.040|11.037| 0.015| 2.608| 0.007| 1.89e-03| 0.007| 3.201| 0.161|                |  1|KCat|Sloan|Simbad|294.86987|+49.74139
294.9248333|+49.7976111|11667928|19394196+4947514|4739.3|-0.129| 0.092| 30.768| 3.906|RC      | 0.9959| 1.085| 0.079|10.940| 0.024| 2.395| 0.010| 1.17e-03| 0.008| 3.687| 0.049|                |  1|KCat|Sloan|Simbad|294.92483|+49.79761
294.9848333|+49.7645000|11668036|19395636+4945522|4849.6| 0.050|-0.017| 41.714| 4.493|RC      | 0.9977| 1.586| 0.074|11.297| 0.021| 2.533| 0.010| 1.55e-03| 0.008| 3.299| 0.125|                |  1|KCat|Sloan|Simbad|294.98483|+49.76450
295.0920417|+49.7511667|11668246|19402209+4945042|4680.9| 0.261|-0.011| 40.403| 4.294|RC(S)   | 1.0079| 1.575| 0.074|11.537| 0.021| 2.511| 0.010| 1.45e-03| 0.008| 3.348| 0.168|                |  1|KCat|Sloan|Simbad|295.09204|+49.75117
295.5157917|+49.7255556|11669113|19420379+4943320|4480.1|-0.026| 0.079| 23.956| 2.938|RGB     | 1.0397| 1.238| 0.043|13.433| 0.016| 2.274| 0.007| 7.20e-04| 0.008| 3.693| 0.109|                |  1|KCat|Sloan|Simbad|295.51579|+49.72556
295.7380000|+49.7182778|11669622|19425712+4943058|4904.6|-0.218| 0.056| 33.721| 4.047|RC      | 0.9943| 1.313| 0.077|11.398| 0.023| 2.443| 0.010| 1.25e-03| 0.008| 3.454| 0.142|                |  1|KCat|Sloan|Simbad|295.73800|+49.71828
296.2663333|+49.7705278|11670968|19450392+4946139|4657.5|-0.454| 0.223| 45.479| 5.094|RGB     | 1.0383| 0.999| 0.041| 8.672| 0.015| 2.561| 0.007| 2.16e-03| 0.007| 3.894| 0.087|                |  1|KCat|Sloan|Simbad|296.26633|+49.77053
296.3025000|+49.7959167|11671068|19451260+4947453|4552.6|-0.015| 0.153| 44.111| 4.884|RGB     | 1.0394| 1.038| 0.041| 9.027| 0.015| 2.543| 0.007| 1.99e-03| 0.007| 3.995| 0.155|                |  0|KCat|Sloan|Simbad|296.30250|+49.79592
296.5241250|+49.7010833|11671621|19460579+4942039|4619.8| 0.149|-0.001| 54.825| 5.649|RGB     | 1.0365| 1.151| 0.040| 8.497| 0.015| 2.641| 0.007| 2.65e-03| 0.007| 3.866| 0.238|                |  0|KCat|Sloan|Simbad|296.52412|+49.70108
297.3991667|+49.7766667|11673900|19493580+4946360|4838.1| 0.051| 0.009| 43.466| 4.600|RC      | 1.0005| 1.611| 0.073|11.157| 0.021| 2.550| 0.009| 1.63e-03| 0.008| 3.285| 0.525|                |  1|KCat|Sloan|Simbad|297.39917|+49.77667
297.7269167|+49.7580000|11674666|19505446+4945288|4893.3|-0.165| 0.046| 32.669| 3.987|RC      | 1.0043| 1.214| 0.078|11.143| 0.023| 2.428| 0.010| 1.24e-03| 0.008| 3.567| 0.530|                |  1|KCat|Sloan|Simbad|297.72692|+49.75800
297.7367500|+49.7068611|11674692|19505682+4942247|5004.9| 0.252| 0.010| 84.633| 6.996|RC      | 1.0043| 2.302| 0.054| 9.479| 0.012| 2.847| 0.008| 3.81e-03| 0.008| 3.002| 0.490|                |  1|KCat|Sloan|Simbad|297.73675|+49.70686
285.6532083|+49.8124722|11702195|19023677+4948449|4618.0|-0.287| 0.184| 51.922| 5.648|RGB     | 1.0387| 0.970| 0.040| 8.014| 0.015| 2.617| 0.007| 2.66e-03| 0.007| 4.002| 0.000|                |  1|KCat|Sloan|Simbad|285.65321|+49.81247
285.8256250|+49.8352778|11702480|19031815+4950070|4602.5| 0.174|-0.002| 36.863| 3.881|RGB     | 1.0334| 1.581| 0.041|12.154| 0.015| 2.467| 0.007| 1.24e-03| 0.007| 3.388| 0.151|                |  0|KCat|Sloan|Simbad|285.82562|+49.83528
286.3478750|+49.8552222|11703230|19052349+4951188|4812.6|-0.093| 0.060| 32.871| 4.089|RC      | 0.9994| 1.112| 0.078|10.674| 0.023| 2.427| 0.010| 1.29e-03| 0.008| 3.670| 0.084|                |  1|KCat|Sloan|Simbad|286.34787|+49.85522
286.6966667|+49.8273056|11703724|19064720+4949383|4742.9| 0.411|-0.012|179.628|13.871|RGB     | 1.0210| 1.230| 0.030| 4.821| 0.010| 3.162| 0.007| 1.55e-02| 0.006| 3.812| 0.099|                |  0|KCat|Sloan|Simbad|286.69667|+49.82731
286.9878750|+49.8176389|11704163|19075709+4949035|4692.1| 0.005| 0.011| 46.182| 4.784|RGB     | 1.0341| 1.381| 0.041|10.102| 0.015| 2.570| 0.007| 1.89e-03| 0.007| 3.540| 0.099|                |  1|KCat|Sloan|Simbad|286.98787|+49.81764
290.1849167|+49.8035278|11709871|19204438+4948127|4850.1|-0.240| 0.074| 32.137| 4.055|RC      | 0.9961| 1.101| 0.078|10.721| 0.023| 2.419| 0.010| 1.26e-03| 0.008| 3.645| 0.133|                |  0|KCat|Sloan|Simbad|290.18492|+49.80353
293.7288333|+49.8596667|11716326|19345492+4951348|4829.8| 0.146| 0.023|220.514|16.966|RGB     | 1.0174| 1.060| 0.028| 4.020| 0.009| 3.255| 0.007| 2.30e-02| 0.006| 3.990| 0.049|                |  1|KCat|Sloan|Simbad|293.72883|+49.85967
293.7463333|+49.8343889|11716362|19345912+4950038|4678.3|-0.474| 0.202| 43.275| 4.951|RGB     | 1.0395| 0.966| 0.041| 8.734| 0.015| 2.541| 0.007| 2.04e-03| 0.007| 3.941| 0.071|                |  0|KCat|Sloan|Simbad|293.74633|+49.83439
293.7640833|+49.8929722|11716402|19350338+4953347|4683.6| 0.080| 0.000| 56.136| 5.652|RGB     | 1.0346| 1.268| 0.040| 8.781| 0.015| 2.654| 0.007| 2.64e-03| 0.007| 3.694| 0.272|                |  0|KCat|Sloan|Simbad|293.76408|+49.89297
294.4194583|+49.8951667|11717920|19374067+4953426|4670.0|-0.604| 0.211| 22.710| 2.810|RGB     | 1.0342| 1.371| 0.043|14.366| 0.016| 2.260| 0.007| 6.52e-04| 0.008| 3.405| 0.088|                |  0|KCat|Sloan|Simbad|294.41946|+49.89517
295.5581667|+49.8280000|11720493|19421396+4949408|4765.4|-0.046| 0.005| 34.072| 4.063|RC      | 1.0034| 1.232| 0.077|11.063| 0.023| 2.441| 0.010| 1.28e-03| 0.008| 3.574| 0.098|                |  1|KCat|Sloan|Simbad|295.55817|+49.82800
295.8610833|+49.8175000|11721291|19432666+4949030|4896.4|-0.116| 0.041| 38.361| 4.328|RC      | 0.9998| 1.443| 0.075|11.208| 0.022| 2.498| 0.010| 1.45e-03| 0.008| 3.365| 0.172|                |  0|KCat|Sloan|Simbad|295.86108|+49.81750
295.8937500|+49.8708333|11721374|19433450+4952150|4621.2| 0.156| 0.018| 60.037| 5.953|RGB     | 1.0350| 1.233| 0.039| 8.402| 0.014| 2.680| 0.007| 2.93e-03| 0.007| 3.762| 0.051|                |  1|KCat|Sloan|Simbad|295.89375|+49.87083
295.9217083|+49.8164444|11721438|19434121+4948592|4975.6| 0.173|-0.038|108.205| 8.541|RC      | 0.9956| 2.224| 0.047| 8.251| 0.009| 2.952| 0.007| 5.58e-03| 0.008| 2.993| 0.080|                |  1|KCat|Sloan|Simbad|295.92171|+49.81644
296.3392917|+49.8966667|11722424|19452143+4953480|4531.7| 0.131| 0.013| 23.474| 2.750|RGB     | 1.0356| 1.567| 0.043|15.225| 0.016| 2.268| 0.007| 6.26e-04| 0.008| 3.393| 0.195|                |  1|KCat|Sloan|Simbad|296.33929|+49.89667
296.9069167|+49.8222222|11723893|19473766+4949200|4682.2| 0.215| 0.007| 84.112| 7.877|RGB     | 1.0323| 1.140| 0.037| 6.804| 0.013| 2.829| 0.007| 5.10e-03| 0.007| 3.895| 0.239|                |  0|KCat|Sloan|Simbad|296.90692|+49.82222
297.0100833|+49.8383056|11724179|19480242+4950179|4613.8| 0.063| 0.060| 62.587| 6.448|RGB     | 1.0374| 1.003| 0.039| 7.425| 0.014| 2.698| 0.007| 3.45e-03| 0.007| 4.063| 0.218|                |  0|KCat|Sloan|Simbad|297.01008|+49.83831
297.5409583|+49.8662778|11725564|19500983+4951586|4983.6| 0.145|-0.040|107.565| 8.330|RGB     | 1.0071| 2.311| 0.035| 8.433| 0.013| 2.950| 0.007| 5.43e-03| 0.007| 2.863| 0.347|                |  0|KCat|Sloan|Simbad|297.54096|+49.86628
284.8387083|+49.9008333|11751835|18592129+4954030|4663.6| 0.188| 0.013| 27.824| 3.298|RC      | 1.0108| 1.452| 0.080|13.362| 0.024| 2.348| 0.010| 8.58e-04| 0.008| 3.428| 0.167|                |  0|KCat|Sloan|Simbad|284.83871|+49.90083
285.0411250|+49.9817500|11752118|19000987+4958543|4542.4|-0.132| 0.169| 37.864| 4.355|RGB     | 1.0401| 1.032| 0.041| 9.723| 0.015| 2.476| 0.007| 1.58e-03| 0.007| 3.957| 0.053|                |  1|KCat|Sloan|Simbad|285.04112|+49.98175
285.2030000|+49.9373889|11752358|19004872+4956146|4945.9|-0.732| 0.157| 64.357| 6.595|RGB     | 1.0288| 1.143| 0.039| 7.684| 0.014| 2.725| 0.007| 3.55e-03| 0.007| 3.621| 0.058|                |  1|KCat|Sloan|Simbad|285.20300|+49.93739
285.2350000|+49.9237222|11752396|19005640+4955254|4720.0|-0.134| 0.011| 35.321| 3.991|RGB     | 1.0356| 1.280| 0.042|11.104| 0.015| 2.454| 0.007| 1.32e-03| 0.007| 3.611| 0.130|                |  1|KCat|Sloan|Simbad|285.23500|+49.92372
285.6567917|+49.9086111|11753010|19023763+4954310|4305.5| 0.201| 0.010| 14.945| 2.060|RGB     | 1.0451| 1.147| 0.043|16.530| 0.016| 2.061| 0.007| 3.58e-04| 0.008| 3.887| 0.098|                |  1|KCat|Sloan|Simbad|285.65679|+49.90861
285.7667083|+49.9150278|11753166|19030401+4954541|4896.7| 0.069| 0.022|207.124|24.764|RGB     |       |      |      |      |      | 3.231| 0.007|         |      |      | 0.091|No Fdnu         |  0|KCat|Sloan|Simbad|285.76671|+49.91503
285.8007083|+49.9080833|11753211|19031217+4954291|4915.2|-0.124| 0.023| 35.135| 4.114|RC      | 0.9895| 1.424| 0.077|11.621| 0.023| 2.461| 0.010| 1.28e-03| 0.008| 3.384| 0.171|                |  1|KCat|Sloan|Simbad|285.80071|+49.90808
285.9524583|+49.9721389|11753439|19034859+4958197|4608.5| 0.004| 0.074| 53.137| 5.636|RGB     | 1.0378| 1.048| 0.040| 8.241| 0.015| 2.627| 0.007| 2.64e-03| 0.007| 3.983| 0.101|                |  1|KCat|Sloan|Simbad|285.95246|+49.97214
286.1384167|+49.9033611|11753722|19043322+4954121|4620.0|-0.254| 0.147| 47.808| 5.296|RGB     | 1.0384| 0.981| 0.041| 8.399| 0.015| 2.581| 0.007| 2.34e-03| 0.007| 3.986| 0.035|                |  1|KCat|Sloan|Simbad|286.13842|+49.90336
286.3616667|+49.9325000|11754056|19052680+4955570|4714.6| 0.171|-0.006| 33.821| 4.170|RC      | 1.0035| 1.068| 0.077|10.365| 0.023| 2.435| 0.010| 1.35e-03| 0.008| 3.764| 0.146|                |  1|KCat|Sloan|Simbad|286.36167|+49.93250
288.3886250|+49.9230000|11757076|19133327+4955228|4749.7| 0.120| 0.115| 38.326| 4.100|RC      | 1.0023| 1.690| 0.075|12.227| 0.022| 2.491| 0.010| 1.30e-03| 0.008| 3.247| 0.193|                |  0|KCat|Sloan|Simbad|288.38862|+49.92300
288.4652500|+49.9422500|11757206|19135166+4956321|4481.7| 0.443| 0.029| 30.297| 3.589|RC      | 1.0014| 1.307| 0.079|12.271| 0.024| 2.377| 0.010| 9.97e-04| 0.008| 3.593| 0.201|                |  0|KCat|Sloan|Simbad|288.46525|+49.94225
288.5253750|+49.9313056|11757305|19140609+4955527|4469.9| 0.395| 0.000| 23.939| 3.003|RC      | 1.0176| 1.229| 0.082|13.393| 0.025| 2.274| 0.010| 7.21e-04| 0.008| 3.655| 0.199|                |  0|KCat|Sloan|Simbad|288.52537|+49.93131
288.6207083|+49.9457778|11757466|19142897+4956448|4663.8| 0.007| 0.004| 40.973| 4.422|RGB     | 1.0358| 1.302| 0.041|10.426| 0.015| 2.516| 0.007| 1.62e-03| 0.007| 3.620| 0.167|                |  0|KCat|Sloan|Simbad|288.62071|+49.94578
288.8760833|+49.9153889|11757910|19153026+4954554|4636.3|-0.230| 0.042| 27.640| 3.376|RGB     | 1.0389| 1.152| 0.042|11.958| 0.016| 2.344| 0.007| 9.50e-04| 0.008| 3.736| 0.128|                |  0|KCat|Sloan|Simbad|288.87608|+49.91539
289.6055000|+49.9295556|11759220|19182532+4955464|4434.5| 0.169| 0.027| 26.146| 3.171|RGB     | 1.0421| 1.158| 0.042|12.467| 0.016| 2.310| 0.007| 8.43e-04| 0.008| 3.862| 0.180|                |  0|KCat|Sloan|Simbad|289.60550|+49.92956
289.7538333|+49.9957778|11759478|19190092+4959448|4576.2| 0.200| 0.011| 52.038| 5.451|RGB     | 1.0383| 1.111| 0.040| 8.588| 0.015| 2.616| 0.007| 2.47e-03| 0.007| 3.933| 0.242|                |  0|KCat|Sloan|Simbad|289.75383|+49.99578
289.9560000|+49.9601667|11759860|19194944+4957366|4886.0|-0.104| 0.004| 40.021| 4.466|RC      | 1.0026| 1.424| 0.075|10.904| 0.022| 2.516| 0.010| 1.55e-03| 0.008| 3.383| 0.149|                |  0|KCat|Sloan|Simbad|289.95600|+49.96017
290.6205833|+49.9575278|11760969|19222894+4957271|4342.9| 0.139| 0.002|  9.171| 1.450|RGB     | 1.0460| 1.090| 0.044|20.527| 0.017| 1.851| 0.007| 1.78e-04| 0.008| 3.945| 0.132|SeisUnc         |  0|KCat|Sloan|Simbad|290.62058|+49.95753
293.8952917|+49.9190556|11767058|19353487+4955086|4947.2|-0.071| 0.000| 54.576| 5.369|RC      | 0.9994| 1.784| 0.068|10.420| 0.018| 2.654| 0.009| 2.22e-03| 0.008| 3.158| 0.085|                |  1|KCat|Sloan|Simbad|293.89529|+49.91906
294.5665833|+49.9086389|11768570|19381598+4954311|4773.5| 0.013| 0.009| 35.454| 4.184|RC      | 1.0009| 1.250| 0.077|10.919| 0.023| 2.458| 0.010| 1.35e-03| 0.008| 3.566| 0.134|                |  1|KCat|Sloan|Simbad|294.56658|+49.90864
294.8329167|+49.9503611|11769182|19391990+4957013|4620.9| 0.134| 0.008| 43.248| 4.596|RGB     | 1.0357| 1.293| 0.041|10.139| 0.015| 2.538| 0.007| 1.75e-03| 0.007| 3.680| 0.053|                |  1|KCat|Sloan|Simbad|294.83292|+49.95036
295.0290833|+49.9298333|11769563|19400698+4955474|4875.6|-0.188| 0.042| 83.973| 7.786|RGB     | 1.0276| 1.286| 0.037| 7.160| 0.013| 2.838| 0.007| 4.94e-03| 0.007| 3.600| 0.089|                |  1|KCat|Sloan|Simbad|295.02908|+49.92983
295.1529167|+49.9061389|11769823|19403670+4954221|4602.1| 0.034| 0.087| 20.727| 2.873|RGB     | 1.0358| 0.927| 0.043|12.409| 0.016| 2.217| 0.007| 6.84e-04| 0.008| 4.170| 0.235|Ageold          |  0|KCat|Sloan|Simbad|295.15292|+49.90614
295.5734167|+49.9181667|11770790|19421762+4955054|4432.0| 0.226|-0.014| 11.087| 1.397|RGB     | 1.0198| 2.550| 0.044|28.415| 0.017| 1.937| 0.007| 1.57e-04| 0.008| 2.759| 0.194|                |  0|KCat|Sloan|Simbad|295.57342|+49.91817
295.9037917|+49.9605278|11771561|19433691+4957379|4955.3|-0.040| 0.011|183.910|14.365|RGB     | 1.0181| 1.240| 0.029| 4.731| 0.010| 3.182| 0.007| 1.65e-02| 0.006| 3.682| 0.127|                |  0|KCat|Sloan|Simbad|295.90379|+49.96053
296.4353333|+49.9823611|11772905|19454448+4958565|4877.2|-0.136| 0.016| 75.443| 7.024|RGB     | 1.0278| 1.408| 0.038| 7.902| 0.014| 2.791| 0.007| 4.02e-03| 0.007| 3.469| 0.082|                |  0|KCat|Sloan|Simbad|296.43533|+49.98236
296.5380417|+49.9200833|11773146|19460913+4955123|4131.0|-0.121| 0.038|  3.895| 0.762|RGB     | 1.0372| 1.052| 0.044|31.331| 0.017| 1.468| 0.007| 4.82e-05| 0.008| 3.896| 0.271|SeisUnc         |  1|KCat|Sloan|Simbad|296.53804|+49.92008
296.7356250|+49.9417500|11773616|19465655+4956303|4406.3| 0.352|-0.009| 27.437| 3.229|RGB     | 1.0414| 1.235| 0.042|12.587| 0.016| 2.330| 0.007| 8.73e-04| 0.008| 3.807| 0.290|                |  1|KCat|Sloan|Simbad|296.73562|+49.94175
296.7514583|+49.9591667|11773657|19470035+4957330|4801.0|-0.070| 0.040| 32.637| 4.082|RC      | 1.0007| 1.086| 0.078|10.595| 0.023| 2.424| 0.010| 1.29e-03| 0.008| 3.705| 0.297|                |  0|KCat|Sloan|Simbad|296.75146|+49.95917
296.9442917|+49.9736389|11774110|19474663+4958251|4680.9| 0.201| 0.023| 34.958| 4.027|RC      | 0.9938| 1.394| 0.077|11.670| 0.023| 2.448| 0.010| 1.24e-03| 0.008| 3.482| 0.346|                |  1|KCat|Sloan|Simbad|296.94429|+49.97364
297.1148333|+49.9500833|11774570|19482756+4957003|4578.3| 0.198|-0.004| 53.474| 5.595|RGB     | 1.0384| 1.087| 0.040| 8.379| 0.015| 2.628| 0.007| 2.61e-03| 0.007| 3.969| 0.298|                |  0|KCat|Sloan|Simbad|297.11483|+49.95008
297.3143333|+49.9980556|11775041|19491544+4959530|4976.3|-0.502| 0.069| 34.462| 4.220|RC      | 0.9938| 1.214| 0.077|10.802| 0.023| 2.455| 0.010| 1.36e-03| 0.008| 3.482| 0.472|                |  1|KCat|Sloan|Simbad|297.31433|+49.99806
297.4744167|+49.9800833|11775398|19495386+4958483|4696.7| 0.096| 0.047| 32.128| 4.063|RC      | 1.0033| 1.010| 0.078|10.356| 0.023| 2.412| 0.010| 1.28e-03| 0.008| 3.806| 0.048|                |  1|KCat|Sloan|Simbad|297.47442|+49.98008
297.5212917|+49.9792778|11775511|19500511+4958454|4651.9|-0.208| 0.085| 47.484| 5.279|RGB     | 1.0390| 0.981| 0.041| 8.413| 0.015| 2.580| 0.007| 2.32e-03| 0.007| 4.019| 0.050|                |  1|KCat|Sloan|Simbad|297.52129|+49.97928
284.6223750|+50.0304722|11802037|18582937+5001497|5010.1|-0.425| 0.101| 30.042| 3.911|RC      | 0.9997| 1.076| 0.079|10.874| 0.024| 2.397| 0.010| 1.18e-03| 0.008| 3.632| 0.201|                |  1|KCat|Sloan|Simbad|284.62237|+50.03047
284.6562500|+50.0204444|11802109|18583750+5001136|4780.6|-0.047| 0.046| 28.993| 3.890|RC      | 0.9990| 0.924| 0.080|10.377| 0.024| 2.371| 0.010| 1.17e-03| 0.008| 3.872| 0.169|                |  0|KCat|Sloan|Simbad|284.65625|+50.02044
285.0435000|+50.0643611|11802617|19001044+5003517|4485.8|-0.267| 0.089| 13.166| 1.977|RGB     | 1.0466| 0.979| 0.044|16.103| 0.016| 2.015| 0.007| 3.31e-04| 0.008| 3.983| 0.101|                |  0|KCat|Sloan|Simbad|285.04350|+50.06436
285.2256667|+50.0076944|11802908|19005416+5000277|4770.1| 0.183|-0.019|104.769| 9.013|RGB     | 1.0264| 1.353| 0.036| 6.609| 0.013| 2.929| 0.007| 6.61e-03| 0.007| 3.623| 0.103|                |  1|KCat|Sloan|Simbad|285.22567|+50.00769
285.8725833|+50.0327500|11803855|19032942+5001579|4369.0|-0.551| 0.251| 10.000| 1.596|RGB     | 1.0444| 0.979| 0.044|18.603| 0.017| 1.890| 0.007| 2.15e-04| 0.008| 3.903| 0.050|                |  0|KCat|Sloan|Simbad|285.87258|+50.03275
286.3782083|+50.0067778|11804677|19053077+5000244|4647.4| 0.018| 0.006| 20.032| 2.383|RGB     | 1.0309| 1.828| 0.043|17.687| 0.016| 2.205| 0.007| 4.66e-04| 0.008| 3.145| 0.169|                |  1|KCat|Sloan|Simbad|286.37821|+50.00678
286.8788750|+50.0159722|11805390|19073093+5000575|4928.5| 0.086|-0.024| 33.279| 3.585|RC      | 1.0054| 1.977| 0.078|14.060| 0.023| 2.438| 0.010| 1.00e-03| 0.008| 3.090| 0.165|                |  0|KCat|Sloan|Simbad|286.87887|+50.01597
286.9307083|+50.0853333|11805460|19074337+5005072|4721.7| 0.197|-0.003| 37.390| 4.245|RC      | 0.9996| 1.368| 0.076|11.154| 0.022| 2.479| 0.010| 1.39e-03| 0.008| 3.505| 0.153|                |  1|KCat|Sloan|Simbad|286.93071|+50.08533
286.9457917|+50.0037222|11805489|19074699+5000134|4743.6|-0.435| 0.095|  7.585| 1.115|RGB     | 1.0222| 2.209| 0.044|31.431| 0.017| 1.787| 0.007| 1.00e-04| 0.008| 2.922| 0.166|                |  0|KCat|Sloan|Simbad|286.94579|+50.00372
287.1469167|+50.0275833|11805792|19083526+5001393|4791.8|-0.051| 0.031| 35.546| 4.126|RC      | 0.9902| 1.399| 0.077|11.525| 0.023| 2.460| 0.010| 1.29e-03| 0.008| 3.425| 0.078|                |  1|KCat|Sloan|Simbad|287.14692|+50.02758
288.7591250|+50.0463056|11808481|19150219+5002467|4814.1|-0.308| 0.167| 27.932| 3.774|RC      | 1.0013| 0.934| 0.080|10.610| 0.024| 2.357| 0.010| 1.10e-03| 0.008| 3.797| 0.133|                |  0|KCat|Sloan|Simbad|288.75912|+50.04631
289.3138333|+50.0360833|11809504|19171532+5002099|4825.4|-0.097| 0.010| 58.813| 5.685|RGB     | 1.0296| 1.518| 0.040| 9.319| 0.015| 2.681| 0.007| 2.64e-03| 0.007| 3.361| 0.233|                |  0|KCat|Sloan|Simbad|289.31383|+50.03608
289.7042500|+50.0135278|11810190|19184902+5000487|4403.3|-0.068| 0.091| 19.407| 2.600|RGB     | 1.0452| 1.023| 0.043|13.626| 0.016| 2.179| 0.007| 5.70e-04| 0.008| 3.984| 0.102|                |  0|KCat|Sloan|Simbad|289.70425|+50.01353
290.2425417|+50.0343056|11811203|19205821+5002035|4603.4|-0.013| 0.045| 40.723| 4.534|RGB(S)  | 1.0380| 1.124| 0.041| 9.749| 0.015| 2.511| 0.007| 1.71e-03| 0.007| 3.841| 0.145|                |  0|KCat|Sloan|Simbad|290.24254|+50.03431
290.7520000|+50.0834722|11812012|19230048+5005005|4463.1|-0.277| 0.060| 12.724| 1.911|RGB     | 1.0458| 1.007| 0.044|16.637| 0.016| 1.999| 0.007| 3.08e-04| 0.008| 3.940| 0.099|                |  0|KCat|Sloan|Simbad|290.75200|+50.08347
293.6790417|+50.0183611|11817405|19344297+5001061|4679.8|-0.053| 0.027| 33.449| 3.763|RGB     | 1.0357| 1.357| 0.042|11.773| 0.016| 2.429| 0.007| 1.17e-03| 0.007| 3.560| 0.300|                |  1|KCat|Sloan|Simbad|293.67904|+50.01836
294.5510000|+50.0886389|11819363|19381224+5005191|4813.7|-0.362| 0.048| 50.577| 5.335|RGB     | 1.0334| 1.223| 0.040| 9.025| 0.015| 2.615| 0.007| 2.35e-03| 0.007| 3.615| 0.033|                |  1|KCat|Sloan|Simbad|294.55100|+50.08864
294.7275000|+50.0991667|11819760|19385460+5005570|4811.4|-0.129| 0.025| 29.958| 3.650|RC      | 1.0120| 1.260| 0.079|11.905| 0.024| 2.387| 0.010| 1.05e-03| 0.008| 3.521| 0.093|                |  1|KCat|Sloan|Simbad|294.72750|+50.09917
294.7914583|+50.0138611|11819928|19390995+5000499|4811.9| 0.034| 0.037| 88.944| 8.206|RGB     | 1.0296| 1.205| 0.037| 6.755| 0.013| 2.860| 0.007| 5.51e-03| 0.007| 3.764| 0.149|                |  0|KCat|Sloan|Simbad|294.79146|+50.01386
294.9252917|+50.0116389|11820243|19394207+5000419|4755.1|-0.163| 0.011| 49.691| 5.150|RGB     | 1.0339| 1.308| 0.040| 9.445| 0.015| 2.604| 0.007| 2.19e-03| 0.007| 3.581| 0.132|                |  0|KCat|Sloan|Simbad|294.92529|+50.01164
295.1445000|+50.0327500|11820688|19403468+5001579|4764.5| 0.126|-0.005| 38.804| 4.148|RC      | 1.0022| 1.682| 0.075|12.115| 0.022| 2.497| 0.010| 1.33e-03| 0.008| 3.252| 0.098|                |  1|KCat|Sloan|Simbad|295.14450|+50.03275
295.4845417|+50.0166667|11821439|19415629+5001000|4652.0| 0.141|-0.015| 48.249| 4.798|RGB     | 1.0325| 1.547| 0.040|10.480| 0.015| 2.587| 0.007| 1.89e-03| 0.007| 3.416| 0.118|                |  1|KCat|Sloan|Simbad|295.48454|+50.01667
295.7095000|+50.0467500|11821966|19425028+5002483|4340.8| 0.295| 0.058| 26.475| 3.199|RGB     | 1.0438| 1.116| 0.042|12.226| 0.016| 2.311| 0.007| 8.61e-04| 0.008| 3.952| 0.238|                |  0|KCat|Sloan|Simbad|295.70950|+50.04675
295.8560833|+50.0426111|11822342|19432546+5002334|4526.5| 0.199| 0.066| 58.662| 5.997|RGB     | 1.0375| 1.072| 0.040| 7.967| 0.015| 2.666| 0.007| 2.99e-03| 0.007| 3.993| 0.052|                |  0|KCat|Sloan|Simbad|295.85608|+50.04261
296.4705000|+50.0417778|11823838|19455292+5002304|4896.6|-0.353| 0.168| 41.979| 4.482|RC      | 0.9988| 1.650| 0.074|11.457| 0.021| 2.537| 0.010| 1.55e-03| 0.008| 3.178| 0.172|                |  1|KCat|Sloan|Simbad|296.47050|+50.04178
296.6849167|+50.0438333|11824403|19464438+5002378|4068.2|-0.356| 0.207|  3.253| 0.698|RGB     | 1.0368| 0.851| 0.044|30.955| 0.017| 1.386| 0.007| 4.04e-05| 0.008| 4.148| 0.278|Ageold          |  1|KCat|Sloan|Simbad|296.68492|+50.04383
296.8636250|+50.0991389|11824814|19472727+5005569|4533.6| 0.129| 0.075| 56.404| 5.829|RGB     | 1.0376| 1.070| 0.040| 8.116| 0.015| 2.649| 0.007| 2.82e-03| 0.007| 3.979| 0.319|                |  0|KCat|Sloan|Simbad|296.86362|+50.09914
296.9337500|+50.0015556|11824976|19474410+5000056|4796.2| 0.052| 0.006| 36.719| 4.157|RC      | 1.0001| 1.439| 0.076|11.500| 0.022| 2.475| 0.010| 1.34e-03| 0.008| 3.416| 0.407|                |  1|KCat|Sloan|Simbad|296.93375|+50.00156
297.0131250|+50.0189167|11825166|19480315+5001081|4702.2|-0.073| 0.039| 50.242| 5.265|RGB     | 1.0353| 1.211| 0.040| 9.062| 0.015| 2.607| 0.007| 2.29e-03| 0.007| 3.729| 0.338|                |  1|KCat|Sloan|Simbad|297.01312|+50.01892
285.5007917|+50.1962778|11853719|19020019+5011466|4663.9| 0.214|-0.006| 32.986| 4.065|RC      | 1.0027| 1.083| 0.078|10.600| 0.023| 2.422| 0.010| 1.28e-03| 0.008| 3.760| 0.088|                |  1|KCat|Sloan|Simbad|285.50079|+50.19628
285.9901250|+50.1684444|11854450|19035763+5010064|4864.0|-0.321| 0.155| 30.662| 4.126|RC      | 0.9959| 0.897| 0.079| 9.901| 0.024| 2.399| 0.010| 1.30e-03| 0.008| 3.839| 0.055|                |  1|KCat|Sloan|Simbad|285.99012|+50.16844
286.2101667|+50.1881944|11854801|19045044+5011175|4862.7|-0.375| 0.206|179.863|14.871|RGB     | 1.0184| 0.981| 0.030| 4.274| 0.010| 3.168| 0.007| 1.77e-02| 0.006| 3.944| 0.000|                |  0|KCat|Sloan|Simbad|286.21017|+50.18819
286.4102917|+50.1409167|11855110|19053847+5008273|4889.8|-0.152| 0.083| 38.408| 4.397|RC      | 0.9958| 1.378| 0.075|10.951| 0.022| 2.498| 0.010| 1.48e-03| 0.008| 3.419| 0.121|                |  1|KCat|Sloan|Simbad|286.41029|+50.14092
286.5843750|+50.1055000|11855387|19062025+5006198|4365.8|-0.416| 0.091|  7.393| 1.221|RGB     | 1.0390| 1.177| 0.044|23.729| 0.017| 1.758| 0.007| 1.24e-04| 0.008| 3.647| 0.069|                |  0|KCat|Sloan|Simbad|286.58437|+50.10550
286.7991250|+50.1167222|11855667|19071179+5007002|4911.8|-0.410| 0.221|198.618|16.156|RGB     | 1.0169| 0.968| 0.028| 4.031| 0.010| 3.213| 0.007| 2.08e-02| 0.006| 3.964| 0.010|                |  0|KCat|Sloan|Simbad|286.79912|+50.11672
288.7097500|+50.1891667|11858652|19145034+5011210|4949.9|-0.295| 0.078| 30.947| 4.080|RC      | 0.9915| 1.008| 0.079|10.400| 0.024| 2.407| 0.010| 1.26e-03| 0.008| 3.727| 0.239|                |  0|KCat|Sloan|Simbad|288.70975|+50.18917
289.5863333|+50.1522222|11860180|19182072+5009080|4680.2|-0.066| 0.111| 27.924| 3.720|RC      | 1.0012| 0.947| 0.080|10.763| 0.024| 2.350| 0.010| 1.07e-03| 0.008| 3.847| 0.133|                |  0|KCat|Sloan|Simbad|289.58633|+50.15222
289.6324167|+50.1433056|11860256|19183178+5008359|4776.9| 0.001|-0.005| 60.022| 5.900|RGB     | 1.0319| 1.359| 0.039| 8.748| 0.014| 2.687| 0.007| 2.86e-03| 0.007| 3.556| 0.218|                |  0|KCat|Sloan|Simbad|289.63242|+50.14331
289.9332083|+50.1149444|11860771|19194397+5006538|4890.7| 0.003| 0.016| 39.334| 4.425|RC      | 1.0006| 1.416| 0.075|10.966| 0.022| 2.509| 0.010| 1.51e-03| 0.008| 3.414| 0.242|                |  0|KCat|Sloan|Simbad|289.93321|+50.11494
290.5880417|+50.1508333|11861857|19222113+5009030|4550.8| 0.031| 0.023| 36.140| 4.027|RGB     | 1.0376| 1.243| 0.042|10.915| 0.015| 2.456| 0.007| 1.35e-03| 0.007| 3.722| 0.128|                |  0|KCat|Sloan|Simbad|290.58804|+50.15083
290.8942500|+50.1897222|11862360|19233462+5011230|4617.4| 0.211| 0.008| 31.771| 3.815|RC      | 1.0112| 1.188| 0.078|11.339| 0.023| 2.404| 0.010| 1.15e-03| 0.008| 3.670| 0.133|                |  0|KCat|Sloan|Simbad|290.89425|+50.18972
294.0218750|+50.1300278|11868246|19360525+5007481|4662.1| 0.238|-0.022| 33.280| 3.763|RC      | 1.0039| 1.507| 0.078|12.447| 0.023| 2.426| 0.010| 1.10e-03| 0.008| 3.396| 0.207|                |  1|KCat|Sloan|Simbad|294.02187|+50.13003
294.0296250|+50.1880833|11868264|19360711+5011171|4934.3|-0.361| 0.064| 33.085| 4.152|RC      | 0.9937| 1.133| 0.078|10.672| 0.023| 2.436| 0.010| 1.31e-03| 0.008| 3.598| 0.170|                |  1|KCat|Sloan|Simbad|294.02962|+50.18808
294.4177917|+50.1848056|11869095|19374027+5011053|4631.5| 0.300|-0.016| 56.366| 5.376|RGB     | 1.0320| 1.558| 0.040| 9.741| 0.015| 2.653| 0.007| 2.38e-03| 0.007| 3.437| 0.085|                |  1|KCat|Sloan|Simbad|294.41779|+50.18481
295.3033333|+50.1577500|11870991|19411280+5009279|4892.3|-0.325| 0.093| 31.151| 4.120|RC      | 0.9915| 0.971| 0.079|10.207| 0.024| 2.408| 0.010| 1.29e-03| 0.008| 3.759| 0.080|                |  1|KCat|Sloan|Simbad|295.30333|+50.15775
295.6084167|+50.1004167|11871718|19422602+5006015|4741.3| 0.004| 0.007| 31.573| 4.045|RC      | 1.0008| 1.000| 0.079|10.367| 0.024| 2.407| 0.010| 1.26e-03| 0.008| 3.792| 0.124|                |  1|KCat|Sloan|Simbad|295.60842|+50.10042
295.6670833|+50.1121111|11871882|19424010+5006436|4903.5|-0.279| 0.042| 34.902| 4.263|RC      | 0.9897| 1.204| 0.077|10.729| 0.023| 2.457| 0.010| 1.37e-03| 0.008| 3.547| 0.047|                |  1|KCat|Sloan|Simbad|295.66708|+50.11211
295.9821667|+50.1400556|11872655|19435572+5008242|4529.2| 0.247| 0.067| 27.285| 3.505|RC      | 1.0143| 1.013| 0.081|11.354| 0.025| 2.333| 0.010| 9.76e-04| 0.008| 3.838| 0.090|                |  1|KCat|Sloan|Simbad|295.98217|+50.14006
296.2097917|+50.1005278|11873200|19445035+5006019|4823.5|-0.088| 0.039| 36.895| 4.119|RC      | 1.0029| 1.511| 0.076|11.738| 0.022| 2.478| 0.010| 1.32e-03| 0.008| 3.321| 0.169|                |  1|KCat|Sloan|Simbad|296.20979|+50.10053
296.2290833|+50.1471944|11873252|19445498+5008499|4868.5|-0.274| 0.160|       |      |REJECT  |       |      |      |      |      |      |      |         |      |      |      |No Seis         |  0|KCat|Sloan|Simbad|296.22908|+50.14719
297.0404167|+50.1725278|11875246|19480970+5010211|4702.1| 0.130| 0.013| 91.401| 8.468|RGB     | 1.0310| 1.108| 0.037| 6.427| 0.013| 2.866| 0.007| 5.88e-03| 0.007| 3.917| 0.314|                |  0|KCat|Sloan|Simbad|297.04042|+50.17253
285.4299167|+50.2188333|11903733|19014318+5013078|4104.9|-0.377| 0.217|  4.395| 0.874|RGB     | 1.0407| 0.851| 0.044|26.577| 0.017| 1.519| 0.007| 6.39e-05| 0.008| 4.138| 0.022|SeisUnc         |  0|KCat|Sloan|Simbad|285.42992|+50.21883
285.7640000|+50.2999444|11904299|19030336+5017598|4749.7|-0.131| 0.036| 44.998| 4.813|RGB     | 1.0349| 1.266| 0.041| 9.768| 0.015| 2.561| 0.007| 1.92e-03| 0.007| 3.630| 0.102|                |  0|KCat|Sloan|Simbad|285.76400|+50.29994
286.1910000|+50.2515278|11904929|19044584+5015055|4946.1|-0.236| 0.005| 43.687| 4.687|RC      | 1.0025| 1.555| 0.073|10.876| 0.021| 2.557| 0.009| 1.70e-03| 0.008| 3.254| 0.077|                |  1|KCat|Sloan|Simbad|286.19100|+50.25153
286.3173333|+50.2461389|11905111|19051616+5014461|4602.6|-0.169| 0.198| 52.560| 5.595|RGB     | 1.0379| 1.042| 0.040| 8.265| 0.015| 2.622| 0.007| 2.60e-03| 0.007| 3.923| 0.033|                |  0|KCat|Sloan|Simbad|286.31733|+50.24614
286.3490000|+50.2525000|11905159|19052376+5015090|4590.3|-0.096| 0.169| 49.877| 5.335|RGB     | 1.0375| 1.074| 0.040| 8.620| 0.015| 2.598| 0.007| 2.37e-03| 0.007| 3.911| 0.070|                |  1|KCat|Sloan|Simbad|286.34900|+50.25250
286.4860000|+50.2321111|11905393|19055664+5013556|4783.0| 0.069| 0.014| 32.670| 4.102|RC      | 1.0016| 1.058| 0.078|10.462| 0.023| 2.423| 0.010| 1.30e-03| 0.008| 3.752| 0.169|                |  1|KCat|Sloan|Simbad|286.48600|+50.23211
286.5119167|+50.2301667|11905420|19060286+5013486|4608.2| 0.063| 0.021| 53.184| 5.661|RGB     | 1.0383| 1.031| 0.040| 8.169| 0.015| 2.627| 0.007| 2.67e-03| 0.007| 4.011| 0.059|                |  0|KCat|Sloan|Simbad|286.51192|+50.23017
286.7847917|+50.2788889|11905840|19070835+5016440|4965.0|-0.214| 0.038|119.628|10.236|RGB     | 1.0223| 1.306| 0.034| 6.017| 0.012| 2.995| 0.007| 8.45e-03| 0.007| 3.544| 0.087|                |  1|KCat|Sloan|Simbad|286.78479|+50.27889
286.9115833|+50.2646111|11905997|19073878+5015526|4729.9|-0.259| 0.126| 63.360| 6.567|RGB     | 1.0351| 1.013| 0.039| 7.371| 0.014| 2.709| 0.007| 3.57e-03| 0.007| 3.933| 0.099|                |  1|KCat|Sloan|Simbad|286.91158|+50.26461
288.6289167|+50.2072778|11908744|19143094+5012262|4746.5| 0.046| 0.033| 32.362| 3.999|RC      | 1.0003| 1.132| 0.078|10.892| 0.023| 2.418| 0.010| 1.23e-03| 0.008| 3.691| 0.127|                |  0|KCat|Sloan|Simbad|288.62892|+50.20728
289.2244167|+50.2317500|11909809|19165386+5013543|4362.9| 0.149| 0.048| 17.281| 2.266|RGB     | 1.0423| 1.251| 0.043|16.000| 0.016| 2.127| 0.007| 4.31e-04| 0.008| 3.741| 0.220|                |  0|KCat|Sloan|Simbad|289.22442|+50.23175
289.4375417|+50.2982778|11910249|19174501+5017538|4537.9|-0.159| 0.160| 36.286| 4.232|RGB     | 1.0404| 1.016| 0.042| 9.854| 0.015| 2.458| 0.007| 1.50e-03| 0.007| 3.962| 0.168|                |  0|KCat|Sloan|Simbad|289.43754|+50.29828
291.0424583|+50.2753333|11913049|19241019+5016312|4605.7| 0.001| 0.060| 28.576| 3.664|RC      | 0.9907| 1.098| 0.080|11.503| 0.024| 2.357| 0.010| 1.02e-03| 0.008| 3.692| 0.101|                |  0|KCat|Sloan|Simbad|291.04246|+50.27533
291.2548333|+50.2720556|11913446|19250116+5016194|4636.5| 0.061| 0.055| 30.174| 3.897|RC      | 1.0012| 0.978| 0.079|10.547| 0.024| 2.382| 0.010| 1.17e-03| 0.008| 3.837| 0.129|                |  0|KCat|Sloan|Simbad|291.25483|+50.27206
291.4603333|+50.2602222|11913802|19255048+5015368|4681.1|-0.127| 0.167| 25.982| 3.643|RC      | 0.9879| 0.876| 0.081|10.729| 0.025| 2.319| 0.010| 1.00e-03| 0.008| 3.902| 0.088|                |  0|KCat|Sloan|Simbad|291.46033|+50.26022
293.7903750|+50.2968611|11918016|19350969+5017487|4768.4| 0.024| 0.030| 34.162| 4.154|RC      | 1.0018| 1.144| 0.077|10.645| 0.023| 2.442| 0.010| 1.34e-03| 0.008| 3.671| 0.173|                |  1|KCat|Sloan|Simbad|293.79037|+50.29686
295.0773750|+50.2823056|11920678|19401857+5016563|4585.5| 0.069| 0.018| 37.280| 4.113|RGB     | 1.0371| 1.271| 0.041|10.846| 0.015| 2.472| 0.007| 1.40e-03| 0.007| 3.690| 0.104|                |  1|KCat|Sloan|Simbad|295.07737|+50.28231
296.8430000|+50.2511111|11924806|19472232+5015040|5014.3| 0.028|-0.019|109.618| 8.633|RC(S)   | 0.9964| 2.233| 0.047| 8.199| 0.009| 2.959| 0.007| 5.71e-03| 0.008| 2.958| 0.321|                |  1|KCat|Sloan|Simbad|296.84300|+50.25111
296.8865417|+50.2921944|11924919|19473277+5017319|4869.4| 0.188| 0.012|113.821| 9.320|RGB     | 1.0229| 1.586| 0.035| 6.830| 0.012| 2.969| 0.007| 7.02e-03| 0.007| 3.379| 0.132|                |  1|KCat|Sloan|Simbad|296.88654|+50.29219
296.9415000|+50.2773333|11925044|19474596+5016384|4862.3| 0.282| 0.003|193.555|13.662|RGB     | 1.0159| 1.732| 0.029| 5.477| 0.010| 3.200| 0.007| 1.49e-02| 0.006| 3.262| 0.087|                |  0|KCat|Sloan|Simbad|296.94150|+50.27733
285.5976667|+50.3585000|11953581|19022344+5021306|4593.0| 0.396| 0.009| 36.681| 4.224|RC      | 1.0057| 1.233| 0.076|10.768| 0.022| 2.465| 0.010| 1.39e-03| 0.008| 3.650| 0.142|                |  1|KCat|Sloan|Simbad|285.59767|+50.35850
285.6560000|+50.3438889|11953668|19023744+5020380|4828.0|-0.246| 0.170| 29.680| 3.731|RC      | 1.0035| 1.167| 0.079|11.497| 0.024| 2.384| 0.010| 1.08e-03| 0.008| 3.589| 0.128|                |  1|KCat|Sloan|Simbad|285.65600|+50.34389
285.7682083|+50.3171667|11953849|19030437+5019018|4826.3| 0.019| 0.011| 36.346| 4.245|RC      | 1.0008| 1.292| 0.076|10.936| 0.022| 2.472| 0.010| 1.39e-03| 0.008| 3.533| 0.132|                |  1|KCat|Sloan|Simbad|285.76821|+50.31717
285.9080000|+50.3470556|11954055|19033792+5020494|4795.1|-0.054| 0.056| 33.818| 3.325|RC(S)   | 1.0040| 2.704| 0.077|16.425| 0.023| 2.439| 0.010| 8.60e-04| 0.008| 2.719| 0.239|                |  0|KCat|Sloan|Simbad|285.90800|+50.34706
286.0513750|+50.3188056|11954278|19041233+5019077|4718.7| 0.166|-0.001| 35.004| 4.194|RC      | 1.0018| 1.166| 0.077|10.646| 0.023| 2.450| 0.010| 1.36e-03| 0.008| 3.674| 0.099|                |  1|KCat|Sloan|Simbad|286.05137|+50.31881
286.5316667|+50.3565833|11954989|19060760+5021237|4524.7| 0.149| 0.018| 27.525| 3.239|RGB     | 1.0392| 1.292| 0.042|12.769| 0.016| 2.337| 0.007| 8.75e-04| 0.008| 3.693| 0.102|                |  1|KCat|Sloan|Simbad|286.53167|+50.35658
286.8181250|+50.3045833|11955410|19071635+5018165|4827.3|-0.062| 0.030| 33.311| 4.126|RC      | 1.0016| 1.112| 0.078|10.595| 0.023| 2.434| 0.010| 1.32e-03| 0.008| 3.680| 0.150|                |  1|KCat|Sloan|Simbad|286.81812|+50.30458
288.2617500|+50.3586389|11957627|19130282+5021311|4746.8|-0.360| 0.186| 21.887| 3.155|RC      | 1.0057| 0.884| 0.083|11.704| 0.026| 2.248| 0.010| 7.77e-04| 0.008| 3.851| 0.138|                |  0|KCat|Sloan|Simbad|288.26175|+50.35864
289.1988333|+50.3305278|11959228|19164772+5019499|4771.9| 0.100| 0.016| 37.336| 4.240|RC      | 0.9977| 1.401| 0.076|11.266| 0.022| 2.481| 0.010| 1.38e-03| 0.008| 3.454| 0.238|                |  0|KCat|Sloan|Simbad|289.19883|+50.33053
289.8942083|+50.3616944|11960470|19193461+5021421|4814.2| 0.054|-0.017| 39.644| 4.107|RC      | 1.0021| 1.896| 0.075|12.691| 0.022| 2.509| 0.010| 1.31e-03| 0.008| 3.132| 0.144|                |  0|KCat|Sloan|Simbad|289.89421|+50.36169
290.1193750|+50.3612222|11960908|19202865+5021404|4654.3|-0.263| 0.167| 49.254| 5.112|RGB     | 1.0339| 1.271| 0.040| 9.401| 0.015| 2.596| 0.007| 2.16e-03| 0.007| 3.590| 0.027|                |  0|KCat|Sloan|Simbad|290.11937|+50.36122
290.1886667|+50.3965000|11961034|19204528+5023474|4625.6| 0.210|-0.002| 30.215| 3.748|RC      | 1.0091| 1.109| 0.079|11.231| 0.024| 2.382| 0.010| 1.10e-03| 0.008| 3.742| 0.028|                |  0|KCat|Sloan|Simbad|290.18867|+50.39650
290.5705000|+50.3494167|11961615|19221692+5020579|4668.7| 0.036| 0.087| 32.020| 3.927|RC(S)   | 1.0003| 1.150| 0.078|11.082| 0.023| 2.409| 0.010| 1.19e-03| 0.008| 3.673| 0.100|                |  0|KCat|Sloan|Simbad|290.57050|+50.34942
293.5988333|+50.3191667|11966805|19342372+5019090|4712.8|-0.293| 0.061| 40.137| 4.455|RGB(S)  | 1.0360| 1.206| 0.041|10.112| 0.015| 2.510| 0.007| 1.64e-03| 0.007| 3.668| 0.237|                |  1|KCat|Sloan|Simbad|293.59883|+50.31917
294.2875417|+50.3615000|11968334|19370901+5021414|4796.8| 0.257|-0.003|140.030|11.360|RGB     | 1.0230| 1.307| 0.033| 5.613| 0.011| 3.056| 0.007| 1.04e-02| 0.007| 3.695| 0.154|                |  1|KCat|Sloan|Simbad|294.28754|+50.36150
294.6454167|+50.3315556|11969106|19383490+5019536|4825.4| 0.098| 0.025| 28.042| 3.384|RC      | 1.0142| 1.392| 0.080|12.922| 0.024| 2.359| 0.010| 9.09e-04| 0.008| 3.460| 0.336|                |  0|KCat|Sloan|Simbad|294.64542|+50.33156
294.7735417|+50.3316667|11969378|19390565+5019540|4752.9| 0.090| 0.002| 38.304| 4.342|RC      | 0.9998| 1.356| 0.075|10.954| 0.022| 2.491| 0.010| 1.46e-03| 0.008| 3.487| 0.136|                |  1|KCat|Sloan|Simbad|294.77354|+50.33167
294.9977917|+50.3721389|11969879|19395947+5022197|4502.3| 0.358| 0.049| 28.291| 3.522|AMB     | 1.0301| 1.034| 0.113|11.276| 0.050| 2.348| 0.010| 1.02e-03| 0.010| 3.973| 0.240|                |  1|KCat|Sloan|Simbad|294.99779|+50.37214
295.5293333|+50.3872778|11970987|19420704+5023142|4899.7|-0.042| 0.006| 44.289| 4.672|RC      | 0.9984| 1.645| 0.073|11.135| 0.021| 2.561| 0.009| 1.68e-03| 0.008| 3.238| 0.165|                |  1|KCat|Sloan|Simbad|295.52933|+50.38728
295.6030000|+50.3320833|11971166|19422472+5019555|4849.6|-0.081| 0.057| 16.757| 2.252|RC(S)   | 1.0073| 1.569| 0.086|17.726| 0.027| 2.136| 0.011| 3.97e-04| 0.008| 3.273| 0.379|                |  1|KCat|Sloan|Simbad|295.60300|+50.33208
295.9208750|+50.3338889|11971940|19434101+5020020|4583.8| 0.353| 0.003| 47.330| 4.669|RGB(S)  | 1.0332| 1.589| 0.041|10.765| 0.015| 2.575| 0.007| 1.80e-03| 0.007| 3.421| 0.144|                |  1|KCat|Sloan|Simbad|295.92087|+50.33389
296.3027500|+50.3216389|11972774|19451266+5019179|4656.6|-0.005| 0.020| 52.128| 5.419|RGB     | 1.0359| 1.185| 0.040| 8.824| 0.015| 2.620| 0.007| 2.43e-03| 0.007| 3.764| 0.162|                |  0|KCat|Sloan|Simbad|296.30275|+50.32164
296.3590000|+50.3546944|11972904|19452616+5021169|4925.5|-0.023|-0.002|147.242|11.881|RGB     | 1.0204| 1.336| 0.032| 5.496| 0.011| 3.084| 0.007| 1.14e-02| 0.007| 3.574| 0.172|                |  0|KCat|Sloan|Simbad|296.35900|+50.35469
296.5031250|+50.3752222|11973246|19460075+5022308|4825.0| 0.004| 0.006| 46.059| 4.688|RC      | 0.9976| 1.790| 0.072|11.435| 0.020| 2.574| 0.009| 1.69e-03| 0.008| 3.164| 0.191|                |  0|KCat|Sloan|Simbad|296.50312|+50.37522
296.6187500|+50.3340556|11973569|19462850+5020026|4681.8| 0.174| 0.019| 53.442| 5.396|RGB     | 1.0342| 1.318| 0.040| 9.178| 0.015| 2.632| 0.007| 2.40e-03| 0.007| 3.668| 0.321|                |  0|KCat|Sloan|Simbad|296.61875|+50.33406
296.7398333|+50.3571667|11973853|19465756+5021258|5006.9|-0.041|-0.010|199.505|14.647|RGB     | 1.0171| 1.493| 0.028| 4.971| 0.009| 3.219| 0.007| 1.71e-02| 0.006| 3.399| 0.080|                |  1|KCat|Sloan|Simbad|296.73983|+50.35717
297.0361667|+50.3359444|11974612|19480868+5020094|4704.8|-0.331| 0.086| 40.792| 4.657|RGB     | 1.0382| 1.048| 0.041| 9.358| 0.015| 2.516| 0.007| 1.81e-03| 0.007| 3.846| 0.235|                |  1|KCat|Sloan|Simbad|297.03617|+50.33594
297.2283333|+50.3728333|11975063|19485480+5022222|4678.1| 0.164| 0.001| 43.628| 4.416|RGB(S)  | 1.0323| 1.609| 0.041|11.225| 0.015| 2.544| 0.007| 1.60e-03| 0.007| 3.364| 0.430|                |  0|KCat|Sloan|Simbad|297.22833|+50.37283
297.2626667|+50.3164167|11975173|19490304+5018591|4882.4| 0.083| 0.035|218.127|16.364|RGB     | 1.0170| 1.207| 0.028| 4.301| 0.009| 3.252| 0.007| 2.14e-02| 0.006| 3.765| 0.343|                |  0|KCat|Sloan|Simbad|297.26267|+50.31642
285.4657500|+50.4164722|12003253|19015178+5024593|4742.1|-0.020| 0.019| 31.534| 3.840|RGB(S)  | 1.0415| 1.047| 0.042|10.614| 0.016| 2.406| 0.007| 1.23e-03| 0.008| 3.950| 0.130|                |  1|KCat|Sloan|Simbad|285.46575|+50.41647
285.7736667|+50.4508056|12003742|19030568+5027029|5066.8|-0.048| 0.029| 59.557| 5.454|RC      | 1.0034| 2.221| 0.065|11.064| 0.017| 2.697| 0.009| 2.31e-03| 0.008| 2.976| 0.098|                |  1|KCat|Sloan|Simbad|285.77367|+50.45081
286.7761250|+50.4126667|12005162|19070627+5024456|4964.0|-0.115|-0.008|159.311|12.831|RGB     | 1.0193| 1.264| 0.031| 5.129| 0.011| 3.120| 0.007| 1.32e-02| 0.007| 3.621| 0.056|                |  1|KCat|Sloan|Simbad|286.77612|+50.41267
288.3336250|+50.4983611|12007558|19132007+5029541|4856.4|-0.425| 0.226| 27.299| 3.833|RC      | 0.9923| 0.860| 0.081|10.279| 0.025| 2.349| 0.010| 1.12e-03| 0.008| 3.869| 0.083|                |  0|KCat|Sloan|Simbad|288.33362|+50.49836
288.8161667|+50.4324167|12008413|19151588+5025567|4949.9|-0.210| 0.022| 80.716| 7.592|RGB     | 1.0276| 1.293| 0.038| 7.293| 0.014| 2.824| 0.007| 4.70e-03| 0.007| 3.562| 0.249|                |  0|KCat|Sloan|Simbad|288.81617|+50.43242
289.7067917|+50.4334167|12009953|19184963+5026003|4530.9| 0.220| 0.001| 46.160| 4.942|RGB     | 1.0380| 1.132| 0.041| 9.228| 0.015| 2.562| 0.007| 2.03e-03| 0.007| 3.909| 0.191|                |  0|KCat|Sloan|Simbad|289.70679|+50.43342
290.0897917|+50.4343889|12010646|19202155+5026038|4835.7|-0.046| 0.024| 37.042| 4.265|RC      | 0.9992| 1.355| 0.076|11.089| 0.022| 2.480| 0.010| 1.40e-03| 0.008| 3.464| 0.166|                |  0|KCat|Sloan|Simbad|290.08979|+50.43439
290.7322500|+50.4051667|12011705|19225574+5024186|5006.9|-0.471| 0.118| 29.818| 4.150|RC      | 0.9856| 0.878| 0.079| 9.860| 0.024| 2.394| 0.010| 1.29e-03| 0.008| 3.847| 0.177|                |  0|KCat|Sloan|Simbad|290.73225|+50.40517
290.9350833|+50.4222500|12011995|19234442+5025201|4824.6|-0.364| 0.267| 24.507| 3.513|RC      | 1.0077| 0.821| 0.082|10.618| 0.025| 2.300| 0.010| 9.68e-04| 0.008| 3.926| 0.240|                |  0|KCat|Sloan|Simbad|290.93508|+50.42225
291.2541250|+50.4744167|12012511|19250099+5028279|4777.0| 0.265| 0.014| 92.677| 7.959|RGB     | 1.0265| 1.542| 0.037| 7.500| 0.013| 2.876| 0.007| 5.15e-03| 0.007| 3.442| 0.239|                |  0|KCat|Sloan|Simbad|291.25412|+50.47442
293.6361250|+50.4437778|12016555|19343267+5026376|3943.0| 0.079| 0.003|  2.657| 0.540|RGB     | 1.0260| 1.286| 0.044|42.433| 0.017| 1.292| 0.007| 2.37e-05| 0.008| 3.664| 0.428|SeisUnc         |  0|KCat|Sloan|Simbad|293.63612|+50.44378
293.9092917|+50.4833889|12017132|19353823+5029002|4482.4|-0.001|-0.006| 18.197| 2.446|RGB     | 1.0434| 1.114| 0.043|14.618| 0.016| 2.155| 0.007| 5.03e-04| 0.008| 3.854| 0.183|                |  0|KCat|Sloan|Simbad|293.90929|+50.48339
294.3000417|+50.4154167|12017985|19371201+5024555|4908.0|-2.105| 0.339| 18.077| 2.639|RGB     | 1.0359| 0.951| 0.043|13.246| 0.016| 2.172| 0.007| 5.77e-04| 0.008| 3.793| 0.042|                |  1|KCat|Sloan|Simbad|294.30004|+50.41542
295.2532083|+50.4954167|12019910|19410077+5029435|4961.6| 0.042| 0.007| 98.527| 8.190|AMB     | 1.0100| 1.869| 0.080| 7.931| 0.042| 2.911| 0.007| 5.28e-03| 0.010| 3.080| 0.151|                |  0|KCat|Sloan|Simbad|295.25321|+50.49542
295.5294167|+50.4750556|12020466|19420706+5028302|4907.3| 0.119| 0.015| 52.015| 4.721|RC      | 1.0077| 2.468| 0.069|12.581| 0.019| 2.631| 0.009| 1.75e-03| 0.008| 2.824| 0.238|                |  0|KCat|Sloan|Simbad|295.52942|+50.47506
295.6702917|+50.4521944|12020797|19424087+5027079|4101.1|-0.172| 0.161|  4.404| 0.795|RGB     | 1.0351| 1.281| 0.044|32.580| 0.017| 1.520| 0.007| 5.23e-05| 0.008| 3.608| 0.211|                |  1|KCat|Sloan|Simbad|295.67029|+50.45219
295.7769167|+50.4636389|12021069|19430646+5027491|4777.5| 0.205| 0.016|108.377| 9.274|RGB     | 1.0262| 1.340| 0.035| 6.464| 0.013| 2.944| 0.007| 6.99e-03| 0.007| 3.647| 0.192|                |  0|KCat|Sloan|Simbad|295.77692|+50.46364
296.0560000|+50.4543611|12021730|19441344+5027157|4880.8| 0.016|-0.019|120.725|10.035|RGB     | 1.0227| 1.414| 0.034| 6.259| 0.012| 2.995| 0.007| 8.13e-03| 0.007| 3.499| 0.193|                |  0|KCat|Sloan|Simbad|296.05600|+50.45436
296.1302917|+50.4067500|12021906|19443127+5024243|4761.8| 0.179|-0.011| 41.789| 4.495|RC      | 0.9986| 1.544| 0.074|11.186| 0.021| 2.529| 0.010| 1.56e-03| 0.008| 3.354| 0.189|                |  1|KCat|Sloan|Simbad|296.13029|+50.40675
296.2135833|+50.4836944|12022099|19445126+5029013|4077.3| 0.370| 0.035|  8.384| 1.327|RGB     | 1.0476| 1.075| 0.044|21.665| 0.017| 1.798| 0.007| 1.49e-04| 0.008| 4.018| 0.321|SeisUnc         |  0|KCat|Sloan|Simbad|296.21358|+50.48369
296.2451667|+50.4575278|12022176|19445884+5027271|4787.5| 0.141| 0.016| 97.845| 8.560|RGB     | 1.0271| 1.358| 0.036| 6.846| 0.013| 2.900| 0.007| 5.97e-03| 0.007| 3.610| 0.168|                |  0|KCat|Sloan|Simbad|296.24517|+50.45753
296.7971250|+50.4689444|12023574|19471131+5028082|4624.7| 0.005| 0.134| 27.169| 3.550|RC      | 1.0009| 1.035| 0.081|11.442| 0.025| 2.336| 0.010| 9.75e-04| 0.008| 3.764| 0.190|                |  0|KCat|Sloan|Simbad|296.79712|+50.46894
296.9165833|+50.4771389|12023863|19473998+5028377|4756.1| 0.055| 0.010| 51.148| 5.007|RGB     | 1.0308| 1.617| 0.040|10.349| 0.015| 2.617| 0.007| 2.06e-03| 0.007| 3.322| 0.456|                |  0|KCat|Sloan|Simbad|296.91658|+50.47714
297.2622917|+50.4214167|12024640|19490295+5025171|4771.1| 0.057| 0.036| 91.355| 8.419|RGB     | 1.0299| 1.162| 0.037| 6.560| 0.013| 2.869| 0.007| 5.81e-03| 0.007| 3.820| 0.311|                |  1|KCat|Sloan|Simbad|297.26229|+50.42142
285.9261250|+50.5595556|12052691|19034227+5033344|4602.3| 0.126| 0.012| 30.883| 3.786|AMB     | 1.0210| 1.082| 0.225|10.975| 0.090| 2.391| 0.010| 1.15e-03| 0.010| 3.883| 0.028|                |  0|KCat|Sloan|Simbad|285.92612|+50.55956
286.0817917|+50.5560000|12052913|19041963+5033216|4981.6|-0.089| 0.033|       |      |REJECT  |       |      |      |      |      |      |      |         |      |      |      |No Seis         |  0|KCat|Sloan|Simbad|286.08179|+50.55600
286.2474167|+50.5185833|12053188|19045938+5031069|4578.1| 0.171| 0.094| 32.008| 3.955|RC      | 1.0032| 1.071| 0.078|10.752| 0.023| 2.405| 0.010| 1.22e-03| 0.008| 3.764| 0.071|                |  0|KCat|Sloan|Simbad|286.24742|+50.51858
287.8732083|+50.5454167|12055552|19112957+5032435|4745.3| 0.118|-0.012| 36.196| 4.198|RC      | 1.0008| 1.301| 0.076|11.040| 0.022| 2.466| 0.010| 1.36e-03| 0.008| 3.544| 0.168|                |  0|KCat|Sloan|Simbad|287.87321|+50.54542
288.1928750|+50.5467778|12056072|19124629+5032484|4809.5|-0.304| 0.206| 24.499| 3.458|RC      | 0.9973| 0.907| 0.082|11.167| 0.025| 2.300| 0.010| 9.18e-04| 0.008| 3.833| 0.129|SeisUnc         |  0|KCat|Sloan|Simbad|288.19287|+50.54678
288.5980000|+50.5247500|12056767|19142352+5031291|4826.4|-0.053| 0.010| 34.903| 4.200|RC      | 1.0003| 1.196| 0.077|10.736| 0.023| 2.454| 0.010| 1.36e-03| 0.008| 3.604| 0.096|                |  0|KCat|Sloan|Simbad|288.59800|+50.52475
288.6324167|+50.5241944|12056819|19143178+5031271|4720.5|-0.093|-0.015| 43.503| 4.636|RGB     | 1.0345| 1.320| 0.041|10.158| 0.015| 2.545| 0.007| 1.78e-03| 0.007| 3.573| 0.130|                |  0|KCat|Sloan|Simbad|288.63242|+50.52419
289.1328333|+50.5298056|12057742|19163188+5031473|4496.6| 0.363| 0.001| 42.013| 4.244|RGB(S)  | 1.0337| 1.578| 0.041|11.441| 0.015| 2.519| 0.007| 1.49e-03| 0.007| 3.431| 0.510|                |  0|KCat|Sloan|Simbad|289.13283|+50.52981
290.3652083|+50.5153333|12059907|19212765+5030552|4700.1|-0.199| 0.045| 56.450| 6.073|RGB     | 1.0384| 0.958| 0.040| 7.607| 0.015| 2.657| 0.007| 3.07e-03| 0.007| 4.054| 0.061|                |  0|KCat|Sloan|Simbad|290.36521|+50.51533
290.9654583|+50.5789722|12060834|19235171+5034443|4533.3|-0.406| 0.232| 16.484| 2.255|RGB     | 1.0405| 1.179| 0.043|15.756| 0.016| 2.115| 0.007| 4.25e-04| 0.008| 3.669| 0.239|                |  0|KCat|Sloan|Simbad|290.96546|+50.57897
293.9286667|+50.5146944|12066218|19354288+5030529|4664.3|-0.273| 0.060| 26.601| 3.289|RGB     | 1.0391| 1.150| 0.042|12.160| 0.016| 2.329| 0.007| 9.02e-04| 0.008| 3.740| 0.168|                |  0|KCat|Sloan|Simbad|293.92867|+50.51469
293.9605417|+50.5042222|12066292|19355053+5030152|4142.1|-0.305| 0.192|  4.819| 0.883|RGB     | 1.0403| 1.095| 0.044|28.723| 0.017| 1.561| 0.007| 6.52e-05| 0.008| 3.806| 0.156|                |  1|KCat|Sloan|Simbad|293.96054|+50.50422
294.2911667|+50.5841667|12067001|19370988+5035030|4926.5|-0.203| 0.024| 43.512| 4.503|RC      | 1.0094| 1.744| 0.073|11.553| 0.021| 2.554| 0.009| 1.60e-03| 0.008| 3.143| 0.083|                |  1|KCat|Sloan|Simbad|294.29117|+50.58417
294.5272917|+50.5673889|12067490|19380655+5034026|4942.0|-0.274| 0.059| 93.656| 8.670|RGB     | 1.0264| 1.190| 0.037| 6.499| 0.013| 2.888| 0.007| 6.11e-03| 0.007| 3.685| 0.128|                |  0|KCat|Sloan|Simbad|294.52729|+50.56739
295.5883750|+50.5514167|12069693|19422121+5033051|4614.2|-0.076| 0.135| 57.368| 6.009|RGB     | 1.0377| 1.024| 0.040| 7.835| 0.015| 2.660| 0.007| 3.00e-03| 0.007| 3.988| 0.078|                |  0|KCat|Sloan|Simbad|295.58837|+50.55142
295.7070000|+50.5746111|12070025|19424968+5034286|4819.7|-0.390| 0.190|116.917|10.650|RGB     | 1.0253| 0.983| 0.035| 5.320| 0.012| 2.979| 0.007| 9.21e-03| 0.007| 3.942| 0.000|                |  0|KCat|Sloan|Simbad|295.70700|+50.57461
295.7509583|+50.5442500|12070114|19430023+5032393|4757.0| 0.130| 0.020| 39.755| 4.266|RC      | 0.9990| 1.634| 0.075|11.802| 0.022| 2.507| 0.010| 1.40e-03| 0.008| 3.282| 0.092|                |  1|KCat|Sloan|Simbad|295.75096|+50.54425
295.8927500|+50.5115000|12070487|19433426+5030414|4842.4| 0.081|-0.002|111.486| 9.563|RGB     | 1.0251| 1.322| 0.035| 6.310| 0.012| 2.959| 0.007| 7.42e-03| 0.007| 3.627| 0.101|                |  0|KCat|Sloan|Simbad|295.89275|+50.51150
295.9171250|+50.5368333|12070550|19434011+5032126|4564.6| 0.043| 0.129| 23.026| 2.943|AMB     | 1.0263| 1.186| 0.129|13.341| 0.068| 2.261| 0.010| 7.04e-04| 0.010| 3.731| 0.096|                |  1|KCat|Sloan|Simbad|295.91712|+50.53683
295.9557917|+50.5657222|12070650|19434939+5033566|4833.6|-0.089| 0.010| 40.318| 4.478|AMB     | 1.0192| 1.332| 0.158|10.530| 0.069| 2.517| 0.010| 1.61e-03| 0.010| 3.536| 0.018|                |  1|KCat|Sloan|Simbad|295.95579|+50.56572
295.9610417|+50.5741944|12070670|19435065+5034271|4729.6| 0.220|-0.005| 79.219| 7.158|RGB     | 1.0292| 1.436| 0.038| 7.847| 0.014| 2.806| 0.007| 4.19e-03| 0.007| 3.545| 0.091|                |  0|KCat|Sloan|Simbad|295.96104|+50.57419
296.3116250|+50.5898056|12071521|19451479+5035233|4015.8| 0.234| 0.057|  3.763| 0.728|RGB     | 1.0411| 1.076| 0.044|32.473| 0.017| 1.447| 0.007| 4.43e-05| 0.008| 3.986| 0.266|                |  0|KCat|Sloan|Simbad|296.31162|+50.58981
296.7461667|+50.5157500|12072570|19465908+5030567|4561.6| 0.135| 0.079| 25.865| 3.470|RC      | 1.0005| 0.960| 0.081|11.331| 0.025| 2.312| 0.010| 9.31e-04| 0.008| 3.867| 0.099|                |  0|KCat|Sloan|Simbad|296.74617|+50.51575
285.8889583|+50.6012500|12101990|19033335+5036045|4762.9|-0.187| 0.187| 30.116| 4.009|RC      | 0.9952| 0.926| 0.079|10.206| 0.024| 2.387| 0.010| 1.23e-03| 0.008| 3.846| 0.050|                |  1|KCat|Sloan|Simbad|285.88896|+50.60125
287.9748333|+50.6385833|12104965|19115396+5038189|4493.7|-0.497| 0.183| 14.689| 2.123|RGB     | 1.0427| 1.039| 0.043|15.705| 0.016| 2.063| 0.007| 3.78e-04| 0.008| 3.830| 0.089|                |  0|KCat|Sloan|Simbad|287.97483|+50.63858
288.5807083|+50.6470278|12105938|19141937+5038493|4961.7|-0.092|-0.004| 38.030| 4.366|RC      | 0.9972| 1.399| 0.075|11.047| 0.022| 2.497| 0.010| 1.46e-03| 0.008| 3.406| 0.230|                |  0|KCat|Sloan|Simbad|288.58071|+50.64703
290.1805417|+50.6819444|12108732|19204333+5040550|4719.6| 0.067| 0.031| 29.201| 3.690|RC      | 0.9893| 1.189| 0.080|11.768| 0.024| 2.372| 0.010| 1.03e-03| 0.008| 3.634| 0.166|                |  0|KCat|Sloan|Simbad|290.18054|+50.68194
290.6541667|+50.6615278|12109442|19223700+5039415|4888.0|-0.460| 0.241| 29.325| 4.021|RC      | 0.9918| 0.891| 0.080|10.076| 0.024| 2.381| 0.010| 1.23e-03| 0.008| 3.831| 0.007|                |  0|KCat|Sloan|Simbad|290.65417|+50.66153
291.5420000|+50.6468056|12110800|19261008+5038485|4804.2| 0.054| 0.009| 37.007| 4.270|RC      | 1.0026| 1.314| 0.076|10.940| 0.022| 2.478| 0.010| 1.41e-03| 0.008| 3.522| 0.243|                |  0|KCat|Sloan|Simbad|291.54200|+50.64681
291.6090417|+50.6253333|12110919|19262617+5037312|4586.0|-0.314| 0.063| 18.864| 2.615|RGB     | 1.0448| 0.978| 0.043|13.373| 0.016| 2.176| 0.007| 5.76e-04| 0.008| 3.963| 0.188|                |  0|KCat|Sloan|Simbad|291.60904|+50.62533
291.7220833|+50.6342222|12111110|19265330+5038032|4889.6|-1.120| 0.218| 29.553| 3.762|RGB     | 1.0374| 0.994| 0.042|10.604| 0.016| 2.385| 0.007| 1.18e-03| 0.008| 3.781| 0.130|                |  0|KCat|Sloan|Simbad|291.72208|+50.63422
293.8555417|+50.6128611|12114999|19352533+5036463|4930.3|-0.236| 0.058| 39.715| 4.374|RC      | 0.9887| 1.621| 0.075|11.656| 0.022| 2.515| 0.010| 1.44e-03| 0.008| 3.213| 0.130|                |  1|KCat|Sloan|Simbad|293.85554|+50.61286
293.9917500|+50.6359167|12115227|19355802+5038093|4827.3|-0.606| 0.228| 97.192| 9.379|RGB     | 1.0276| 0.933| 0.036| 5.682| 0.013| 2.899| 0.007| 7.17e-03| 0.007| 3.966| 0.000|                |  1|KCat|Sloan|Simbad|293.99175|+50.63592
294.5216667|+50.6346111|12116393|19380520+5038046|4655.9| 0.075| 0.003| 61.428| 6.240|RGB     | 1.0362| 1.102| 0.039| 7.837| 0.014| 2.692| 0.007| 3.23e-03| 0.007| 3.909| 0.159|                |  1|KCat|Sloan|Simbad|294.52167|+50.63461
294.5836250|+50.6331944|12116523|19382007+5037595|3948.0|-0.033| 0.101|  3.082| 0.640|RGB     | 1.0357| 0.982| 0.044|34.419| 0.017| 1.356| 0.007| 3.39e-05| 0.008| 4.032| 0.239|SeisUnc         |  0|KCat|Sloan|Simbad|294.58362|+50.63319
294.6441250|+50.6772778|12116644|19383459+5040382|5009.7|-0.022|-0.025| 67.444| 5.907|RC      | 1.0095| 2.250| 0.062|10.495| 0.015| 2.748| 0.008| 2.74e-03| 0.008| 2.961| 0.071|                |  0|KCat|Sloan|Simbad|294.64412|+50.67728
294.8208750|+50.6503333|12116993|19391701+5039012|4572.5|-0.408| 0.049| 14.672| 2.095|RGB     | 1.0408| 1.130| 0.043|16.317| 0.016| 2.066| 0.007| 3.67e-04| 0.008| 3.707| 0.175|                |  0|KCat|Sloan|Simbad|294.82087|+50.65033
294.8650417|+50.6523611|12117077|19392761+5039085|4690.4|-0.187| 0.009| 39.230| 4.350|RGB     | 1.0365| 1.227| 0.041|10.328| 0.015| 2.499| 0.007| 1.57e-03| 0.007| 3.671| 0.050|                |  0|KCat|Sloan|Simbad|294.86504|+50.65236
294.8749583|+50.6534167|12117099|19392999+5039123|4889.6|-0.460| 0.152| 30.119| 3.959|RC      | 0.9939| 1.019| 0.079|10.634| 0.024| 2.393| 0.010| 1.20e-03| 0.008| 3.697| 0.000|                |  1|KCat|Sloan|Simbad|294.87496|+50.65342
294.8957083|+50.6023611|12117138|19393497+5036085|4802.8| 0.122|-0.009| 41.162| 4.456|RC      | 0.9943| 1.575| 0.074|11.360| 0.021| 2.525| 0.010| 1.52e-03| 0.008| 3.317| 0.196|                |  0|KCat|Sloan|Simbad|294.89571|+50.60236
295.2060000|+50.6125278|12117790|19404944+5036451|4848.5| 0.094|-0.014|111.684| 9.535|RGB     | 1.0248| 1.349| 0.035| 6.366| 0.012| 2.960| 0.007| 7.37e-03| 0.007| 3.600| 0.000|                |  1|KCat|Sloan|Simbad|295.20600|+50.61253
295.2740417|+50.6887222|12117920|19410577+5041194|4702.3| 0.184| 0.022| 33.396| 4.041|RC      | 1.0035| 1.161| 0.078|10.885| 0.023| 2.429| 0.010| 1.27e-03| 0.008| 3.685| 0.132|                |  1|KCat|Sloan|Simbad|295.27404|+50.68872
295.3360833|+50.6962222|12118044|19412066+5041464|4937.8| 0.059| 0.010| 64.709| 5.901|RC      | 0.9997| 2.029| 0.063|10.212| 0.016| 2.727| 0.009| 2.69e-03| 0.008| 3.075| 0.073|                |  1|KCat|Sloan|Simbad|295.33608|+50.69622
296.1148333|+50.6115833|12119864|19442756+5036417|4804.8| 0.119| 0.018| 45.673| 4.706|RC      | 1.0000| 1.692| 0.072|11.174| 0.020| 2.570| 0.009| 1.71e-03| 0.008| 3.245| 0.197|                |  0|KCat|Sloan|Simbad|296.11483|+50.61158
296.1652083|+50.6870278|12119979|19443965+5041133|4848.9| 0.112| 0.005| 47.403| 4.836|RC      | 0.9948| 1.755| 0.071|11.147| 0.020| 2.588| 0.009| 1.79e-03| 0.008| 3.210| 0.171|                |  0|KCat|Sloan|Simbad|296.16521|+50.68703
296.2334583|+50.6255278|12120144|19445603+5037319|4692.3|-0.320| 0.098| 14.524| 2.146|RGB     | 1.0442| 1.021| 0.043|15.482| 0.016| 2.067| 0.007| 3.88e-04| 0.008| 3.895| 0.230|                |  0|KCat|Sloan|Simbad|296.23346|+50.62553
296.2696250|+50.6077778|12120230|19450471+5036280|4776.3|-0.212| 0.035| 50.155| 5.294|RGB     | 1.0347| 1.210| 0.040| 9.030| 0.015| 2.609| 0.007| 2.32e-03| 0.007| 3.662| 0.089|                |  1|KCat|Sloan|Simbad|296.26962|+50.60778
296.3123750|+50.6160556|12120327|19451497+5036578|4763.1|-0.011| 0.013| 34.121| 4.019|RC      | 0.9915| 1.354| 0.077|11.591| 0.023| 2.441| 0.010| 1.23e-03| 0.008| 3.465| 0.049|                |  1|KCat|Sloan|Simbad|296.31237|+50.61606
296.5396667|+50.6639167|12120872|19460952+5039501|4797.3| 0.048|-0.012| 95.041| 8.444|RGB     | 1.0271| 1.318| 0.036| 6.840| 0.013| 2.888| 0.007| 5.81e-03| 0.007| 3.631| 0.110|                |  1|KCat|Sloan|Simbad|296.53967|+50.66392
296.6896250|+50.6737222|12121207|19464551+5040254|4849.8|-0.256| 0.047| 27.785| 3.636|RC      | 1.0115| 1.035| 0.080|11.179| 0.024| 2.356| 0.010| 1.04e-03| 0.008| 3.711| 0.127|                |  1|KCat|Sloan|Simbad|296.68962|+50.67372
296.7620000|+50.6694722|12121377|19470288+5040101|4861.4|-0.044| 0.006| 43.558| 4.549|RC      | 1.0022| 1.695| 0.073|11.421| 0.021| 2.552| 0.009| 1.60e-03| 0.008| 3.208| 0.208|                |  1|KCat|Sloan|Simbad|296.76200|+50.66947
296.8886667|+50.6436667|12121656|19473328+5038372|4883.6|-0.161| 0.022| 37.903| 4.391|RC      | 0.9917| 1.352| 0.076|10.920| 0.022| 2.492| 0.010| 1.46e-03| 0.008| 3.441| 0.169|                |  1|KCat|Sloan|Simbad|296.88867|+50.64367
297.0657500|+50.6459444|12122085|19481578+5038454|4880.7| 0.009| 0.008|144.750|12.112|RGB     | 1.0221| 1.151| 0.032| 5.158| 0.011| 3.074| 0.007| 1.18e-02| 0.007| 3.819| 0.057|                |  0|KCat|Sloan|Simbad|297.06575|+50.64594
297.0850000|+50.6077222|12122151|19482040+5036278|4723.2|-0.002|-0.007| 51.096| 5.096|RGB     | 1.0319| 1.480| 0.040| 9.925| 0.015| 2.615| 0.007| 2.13e-03| 0.007| 3.429| 0.094|                |  1|KCat|Sloan|Simbad|297.08500|+50.60772
287.9223750|+50.7811944|12153362|19114137+5046523|4752.8|-0.273| 0.091| 17.601| 2.722|RGB     | 1.0145| 0.803| 0.043|12.436| 0.016| 2.153| 0.007| 5.89e-04| 0.008| 4.246| 0.150|Ageold          |  0|KCat|Sloan|Simbad|287.92237|+50.78119
287.9939583|+50.7882778|12153488|19115855+5047178|4879.0|-0.241| 0.069| 30.513| 3.907|RC      | 0.9949| 1.109| 0.079|11.025| 0.024| 2.398| 0.010| 1.17e-03| 0.008| 3.640| 0.172|                |  0|KCat|Sloan|Simbad|287.99396|+50.78828
289.7880833|+50.7883333|12156445|19190914+5047180|4616.2|-0.010| 0.100| 66.640| 6.692|RGB     | 1.0358| 1.051| 0.039| 7.366| 0.014| 2.725| 0.007| 3.71e-03| 0.007| 3.972| 0.101|                |  0|KCat|Sloan|Simbad|289.78808|+50.78833
290.0776250|+50.7090000|12157006|19201863+5042324|4824.6|-0.119| 0.032| 38.561| 4.227|RC      | 1.0080| 1.524| 0.075|11.531| 0.022| 2.497| 0.010| 1.40e-03| 0.008| 3.300| 0.069|                |  0|KCat|Sloan|Simbad|290.07762|+50.70900
290.3551667|+50.7030278|12157465|19212524+5042109|4626.2|-0.044| 0.086| 20.668| 2.908|RC(S)   | 1.0225| 0.930| 0.084|12.431| 0.026| 2.217| 0.010| 6.83e-04| 0.008| 3.861| 0.145|                |  0|KCat|Sloan|Simbad|290.35517|+50.70303
290.8912917|+50.7409167|12158327|19233391+5044273|4696.8| 0.190|-0.001| 34.380| 4.169|RC      | 1.0031| 1.118| 0.077|10.530| 0.023| 2.442| 0.010| 1.35e-03| 0.008| 3.724| 0.171|                |  0|KCat|Sloan|Simbad|290.89129|+50.74092
291.1029583|+50.7641667|12158667|19242471+5045510|4593.0| 0.342|-0.009| 31.090| 3.839|RC      | 1.0043| 1.107| 0.079|11.078| 0.024| 2.393| 0.010| 1.15e-03| 0.008| 3.762| 0.234|                |  0|KCat|Sloan|Simbad|291.10296|+50.76417
294.4406667|+50.7599444|12164879|19374576+5045358|5011.8| 0.015|-0.013| 52.335| 4.796|RC(S)   | 1.0063| 2.452| 0.069|12.435| 0.019| 2.638| 0.009| 1.80e-03| 0.008| 2.814| 0.096|                |  1|KCat|Sloan|Simbad|294.44067|+50.75994
294.8239167|+50.7256667|12165692|19391774+5043324|4805.0|-0.052| 0.020| 99.431| 9.025|RGB     | 1.0278| 1.157| 0.036| 6.262| 0.013| 2.908| 0.007| 6.64e-03| 0.007| 3.794| 0.099|                |  0|KCat|Sloan|Simbad|294.82392|+50.72567
295.0549167|+50.7928611|12166162|19401318+5047343|4959.8|-0.129| 0.026|112.920| 9.539|RGB     | 1.0223| 1.454| 0.035| 6.536| 0.012| 2.970| 0.007| 7.34e-03| 0.007| 3.417| 0.091|                |  0|KCat|Sloan|Simbad|295.05492|+50.79286
295.1965417|+50.7151944|12166441|19404717+5042547|4661.8|-0.085| 0.050| 47.006| 5.022|RGB     | 1.0362| 1.178| 0.041| 9.263| 0.015| 2.576| 0.007| 2.09e-03| 0.007| 3.768| 0.158|                |  0|KCat|Sloan|Simbad|295.19654|+50.71519
295.8290000|+50.7405000|12167910|19431896+5044258|4409.4| 0.142|-0.009| 17.293| 2.230|RGB     | 1.0401| 1.368| 0.043|16.683| 0.016| 2.129| 0.007| 4.15e-04| 0.008| 3.603| 0.168|                |  1|KCat|Sloan|Simbad|295.82900|+50.74050
296.0257083|+50.7006667|12168406|19440617+5042024|4461.7| 0.406| 0.012| 44.592| 4.764|RGB     | 1.0395| 1.149| 0.041| 9.494| 0.015| 2.543| 0.007| 1.89e-03| 0.007| 3.925| 0.162|                |  1|KCat|Sloan|Simbad|296.02571|+50.70067
296.6255833|+50.7596111|12169845|19463014+5045346|4602.2| 0.116| 0.005| 30.982| 3.324|RGB     | 1.0314| 1.757| 0.042|13.977| 0.016| 2.392| 0.007| 9.07e-04| 0.008| 3.223| 0.075|                |  1|KCat|Sloan|Simbad|296.62558|+50.75961
296.6570833|+50.7253611|12169924|19463770+5043313|4625.7|-0.105| 0.130| 44.524| 4.453|RGB(S)  | 1.0310| 1.635| 0.041|11.231| 0.015| 2.551| 0.007| 1.63e-03| 0.007| 3.277| 0.073|                |  0|KCat|Sloan|Simbad|296.65708|+50.72536
296.7610000|+50.7967222|12170173|19470264+5047482|4888.5| 0.018| 0.004|111.149| 9.602|RGB     | 1.0249| 1.308| 0.035| 6.272| 0.012| 2.960| 0.007| 7.48e-03| 0.007| 3.632| 0.148|                |  0|KCat|Sloan|Simbad|296.76100|+50.79672
287.8353333|+50.8113889|12202431|19112048+5048410|4691.4| 0.029| 0.111| 38.088| 4.299|RC      | 0.9962| 1.380| 0.075|11.118| 0.022| 2.486| 0.010| 1.42e-03| 0.008| 3.461| 0.007|                |  0|KCat|Sloan|Simbad|287.83533|+50.81139
288.5424167|+50.8876389|12203653|19141018+5053155|4843.6| 0.018|-0.010| 40.415| 4.415|RC(S)   | 0.9930| 1.574| 0.074|11.437| 0.021| 2.519| 0.010| 1.48e-03| 0.008| 3.300| 0.202|                |  0|KCat|Sloan|Simbad|288.54242|+50.88764
289.0675833|+50.8283333|12204508|19161622+5049420|4788.2|-0.016| 0.022| 27.979| 3.648|RC      | 0.9891| 1.119| 0.080|11.622| 0.024| 2.356| 0.010| 1.00e-03| 0.008| 3.676| 0.298|                |  0|KCat|Sloan|Simbad|289.06758|+50.82833
289.0910833|+50.8780000|12204548|19162186+5052408|4763.6| 0.032| 0.024| 28.938| 3.679|RC      | 0.9891| 1.187| 0.080|11.786| 0.024| 2.370| 0.010| 1.02e-03| 0.008| 3.635| 0.299|                |  0|KCat|Sloan|Simbad|289.09108|+50.87800
289.7372917|+50.8629444|12205702|19185695+5051466|4537.5|-0.206| 0.168| 35.469| 4.152|RGB     | 1.0404| 1.024| 0.042|10.008| 0.015| 2.448| 0.007| 1.44e-03| 0.007| 3.952| 0.134|                |  0|KCat|Sloan|Simbad|289.73729|+50.86294
289.9263333|+50.8138889|12206050|19194232+5048500|4769.4|-0.321| 0.062| 42.279| 4.754|RGB(S)  | 1.0373| 1.100| 0.041| 9.385| 0.015| 2.535| 0.007| 1.88e-03| 0.007| 3.776| 0.200|                |  0|KCat|Sloan|Simbad|289.92633|+50.81389
290.1330000|+50.8643056|12206414|19203192+5051515|4499.4| 0.265| 0.063| 25.397| 3.374|RC      | 1.0144| 0.942| 0.081|11.365| 0.025| 2.301| 0.010| 9.04e-04| 0.008| 3.910| 0.232|                |  0|KCat|Sloan|Simbad|290.13300|+50.86431
290.3833333|+50.8372500|12206828|19213200+5050141|4710.8| 0.202| 0.007| 33.137| 3.991|RC      | 1.0023| 1.202| 0.078|11.111| 0.023| 2.426| 0.010| 1.23e-03| 0.008| 3.655| 0.171|                |  0|KCat|Sloan|Simbad|290.38333|+50.83725
290.5354583|+50.8675278|12207086|19220851+5052031|4864.4|-0.138| 0.055| 33.326| 4.106|RC      | 0.9951| 1.178| 0.078|10.885| 0.023| 2.436| 0.010| 1.29e-03| 0.008| 3.601| 0.232|                |  0|KCat|Sloan|Simbad|290.53546|+50.86753
290.9690833|+50.8667222|12207740|19235258+5052002|4996.4|-1.211| 0.221| 38.760| 4.656|RGB     | 1.0339| 1.001| 0.041| 9.241| 0.015| 2.507| 0.007| 1.79e-03| 0.007| 3.762| 0.231|                |  0|KCat|Sloan|Simbad|290.96908|+50.86672
294.7075000|+50.8846944|12214454|19384980+5053049|3939.9| 0.016| 0.162|  2.667| 0.544|RGB     | 1.0263| 1.259| 0.044|41.922| 0.017| 1.293| 0.007| 2.41e-05| 0.008| 3.693| 0.379|                |  0|KCat|Sloan|Simbad|294.70750|+50.88469
294.9880000|+50.8565000|12215063|19395712+5051234|4706.3| 0.020| 0.019| 26.509| 3.449|RC      | 1.0089| 1.072| 0.081|11.738| 0.025| 2.329| 0.010| 9.35e-04| 0.008| 3.737| 0.166|                |  0|KCat|Sloan|Simbad|294.98800|+50.85650
295.2423333|+50.8824444|12215568|19405816+5052568|4723.3|-0.260| 0.173| 69.535| 6.952|RGB     | 1.0331| 1.073| 0.039| 7.242| 0.014| 2.749| 0.007| 3.98e-03| 0.007| 3.844| 0.122|                |  0|KCat|Sloan|Simbad|295.24233|+50.88244
295.2793750|+50.8002778|12215647|19410705+5048010|4651.1| 0.162|-0.017| 49.673| 4.966|RGB     | 1.0331| 1.467| 0.040|10.058| 0.015| 2.599| 0.007| 2.03e-03| 0.007| 3.504| 0.069|                |  1|KCat|Sloan|Simbad|295.27937|+50.80028
295.3924583|+50.8350278|12215898|19413419+5050061|4588.4|-0.425| 0.237| 38.266| 4.451|RGB     | 1.0401| 0.991| 0.041| 9.452| 0.015| 2.483| 0.007| 1.66e-03| 0.007| 3.936| 0.000|                |  0|KCat|Sloan|Simbad|295.39246|+50.83503
295.7645833|+50.8841389|12216750|19430350+5053029|4727.1| 0.051| 0.019| 94.880| 8.780|RGB     | 1.0303| 1.084| 0.036| 6.231| 0.013| 2.884| 0.007| 6.32e-03| 0.007| 3.929| 0.088|                |  1|KCat|Sloan|Simbad|295.76458|+50.88414
295.8852083|+50.8866944|12217017|19433245+5053121|4946.5|-0.148| 0.033|117.758|10.074|RGB     | 1.0231| 1.316| 0.035| 6.094| 0.012| 2.988| 0.007| 8.20e-03| 0.007| 3.566| 0.152|                |  0|KCat|Sloan|Simbad|295.88521|+50.88669
295.9412917|+50.8343333|12217154|19434591+5050036|4890.2|-0.016|-0.010| 47.730| 4.634|RC(S)   | 1.0018| 2.093| 0.071|12.105| 0.020| 2.593| 0.009| 1.66e-03| 0.008| 3.029| 0.081|                |  1|KCat|Sloan|Simbad|295.94129|+50.83433
295.9820833|+50.8507222|12217239|19435570+5051026|4579.8| 0.172| 0.027| 25.627| 3.137|RC      | 1.0129| 1.337| 0.081|13.423| 0.025| 2.309| 0.010| 7.79e-04| 0.008| 3.524| 0.099|                |  1|KCat|Sloan|Simbad|295.98208|+50.85072
296.6948750|+50.8331111|12218869|19464677+5049592|4628.0| 0.143| 0.033| 59.911| 6.021|RGB     | 1.0355| 1.172| 0.039| 8.196| 0.014| 2.680| 0.007| 3.00e-03| 0.007| 3.842| 0.292|                |  0|KCat|Sloan|Simbad|296.69487|+50.83311
296.7547083|+50.8334722|12219032|19470113+5050005|4641.4|-0.444| 0.092| 25.949| 3.337|RGB     | 1.0414| 0.991| 0.042|11.445| 0.016| 2.317| 0.007| 9.32e-04| 0.008| 3.901| 0.099|                |  0|KCat|Sloan|Simbad|296.75471|+50.83347
287.9029167|+50.9613333|12252278|19113670+5057408|4033.7|-0.334| 0.200|  2.662| 0.566|RGB     | 1.0256| 1.115| 0.044|39.261| 0.017| 1.297| 0.007| 2.60e-05| 0.008| 3.756| 0.161|SeisUnc         |  0|KCat|Sloan|Simbad|287.90292|+50.96133
287.9860000|+50.9000278|12252410|19115664+5054001|4625.4| 0.154| 0.011| 50.660| 5.255|RGB     | 1.0366| 1.215| 0.040| 9.076| 0.015| 2.607| 0.007| 2.29e-03| 0.007| 3.785| 0.103|                |  0|KCat|Sloan|Simbad|287.98600|+50.90003
288.4673333|+50.9108611|12253210|19135216+5054391|4537.1| 0.275| 0.024| 57.987| 5.894|RGB     | 1.0372| 1.115| 0.040| 8.169| 0.015| 2.661| 0.007| 2.89e-03| 0.007| 3.948| 0.147|                |  0|KCat|Sloan|Simbad|288.46733|+50.91086
288.5188333|+50.9675556|12253294|19140452+5058032|4633.6| 0.046| 0.004| 42.278| 4.415|RGB     | 1.0344| 1.432| 0.041|10.785| 0.015| 2.528| 0.007| 1.61e-03| 0.007| 3.509| 0.129|                |  0|KCat|Sloan|Simbad|288.51883|+50.96756
289.3617917|+50.9761389|12254670|19172683+5058341|4695.5|-0.112| 0.051| 29.915| 3.538|RGB     | 1.0379| 1.239| 0.042|11.883| 0.016| 2.381| 0.007| 1.04e-03| 0.008| 3.661| 0.267|                |  0|KCat|Sloan|Simbad|289.36179|+50.97614
289.4415417|+50.9800278|12254817|19174597+5058481|4770.5|-0.219| 0.025| 37.140| 4.036|RGB     | 1.0332| 1.459| 0.041|11.528| 0.015| 2.479| 0.007| 1.34e-03| 0.007| 3.394| 0.266|                |  0|KCat|Sloan|Simbad|289.44154|+50.98003
289.9592917|+50.9303333|12255762|19195023+5055492|4853.5| 0.259|-0.007|       |      |REJECT  |       |      |      |      |      |      |      |         |      |      |      |No Seis         |  0|KCat|Sloan|Simbad|289.95929|+50.93033
290.6838333|+50.9370556|12257026|19224412+5056134|4644.2| 0.202| 0.007| 31.955| 3.977|RC      | 1.0030| 1.067| 0.078|10.699| 0.023| 2.407| 0.010| 1.23e-03| 0.008| 3.774| 0.097|                |  0|KCat|Sloan|Simbad|290.68383|+50.93706
290.9531667|+50.9755833|12257460|19234876+5058321|4358.7| 0.070| 0.018| 12.830| 1.747|RGB     | 1.0379| 1.469| 0.044|20.130| 0.016| 1.997| 0.007| 2.54e-04| 0.008| 3.474| 0.225|                |  0|KCat|Sloan|Simbad|290.95317|+50.97558
291.6220417|+50.9834722|12258572|19262929+5059005|4347.6|-0.203| 0.189| 12.970| 1.857|RGB     | 1.0422| 1.166| 0.044|17.846| 0.016| 2.001| 0.007| 2.89e-04| 0.008| 3.751| 0.207|                |  0|KCat|Sloan|Simbad|291.62204|+50.98347
294.6195417|+50.9050833|12264089|19382869+5054183|4694.8|-0.109| 0.014| 40.824| 4.592|RGB     | 1.0384| 1.107| 0.041| 9.617| 0.015| 2.516| 0.007| 1.76e-03| 0.007| 3.830| 0.162|                |  0|KCat|Sloan|Simbad|294.61954|+50.90508
295.2989167|+50.9013056|12265509|19411174+5054047|5001.8| 0.188|-0.019| 95.849| 7.838|RC      | 0.9984| 2.172| 0.049| 8.653| 0.010| 2.901| 0.007| 4.73e-03| 0.008| 3.003| 0.152|                |  0|KCat|Sloan|Simbad|295.29892|+50.90131
295.5478333|+50.9483333|12266056|19421148+5056540|4668.4|-0.081| 0.015| 42.016| 4.662|RGB     | 1.0382| 1.127| 0.041| 9.580| 0.015| 2.527| 0.007| 1.81e-03| 0.007| 3.832| 0.160|                |  1|KCat|Sloan|Simbad|295.54783|+50.94833
296.2985833|+50.9468333|12267816|19451166+5056486|4906.9|-0.235| 0.039| 84.215| 7.856|RGB     | 1.0273| 1.265| 0.037| 7.080| 0.013| 2.840| 0.007| 5.03e-03| 0.007| 3.594| 0.161|                |  0|KCat|Sloan|Simbad|296.29858|+50.94683
296.7661667|+50.9058056|12268819|19470388+5054209|5099.6| 0.001| 0.006| 60.472| 5.365|RC      | 0.9948| 2.596| 0.065|11.851| 0.017| 2.705| 0.009| 2.20e-03| 0.008| 2.787| 0.346|                |  0|KCat|Sloan|Simbad|296.76617|+50.90581
287.2458333|+51.0213333|12300740|19085900+5101168|4778.3|-0.636| 0.233| 31.817| 3.679|RGB     | 1.0343| 1.327| 0.042|11.873| 0.016| 2.412| 0.007| 1.12e-03| 0.008| 3.441| 0.083|                |  0|KCat|Sloan|Simbad|287.24583|+51.02133
287.4202917|+51.0356667|12300975|19094087+5102084|3954.3|-0.201| 0.198|  2.555| 0.544|RGB     | 1.0264| 1.117| 0.044|40.311| 0.017| 1.275| 0.007| 2.41e-05| 0.008| 3.800| 0.236|                |  0|KCat|Sloan|Simbad|287.42029|+51.03567
287.8782083|+51.0264167|12301602|19113077+5101351|4373.7|-0.305| 0.219|  7.222| 1.390|RGB     | 0.9894| 0.797| 0.044|19.749| 0.017| 1.748| 0.007| 1.46e-04| 0.008| 4.247| 0.093|Ageold, SeisUnc |  0|KCat|Sloan|Simbad|287.87821|+51.02642
288.5065833|+51.0693889|12302542|19140158+5104098|4816.5| 0.005| 0.035| 32.634| 3.961|RC      | 1.0002| 1.233| 0.078|11.280| 0.023| 2.424| 0.010| 1.21e-03| 0.008| 3.575| 0.238|                |  0|KCat|Sloan|Simbad|288.50658|+51.06939
288.7195000|+51.0601944|12302890|19145268+5103367|4139.8|-0.623| 0.210|  2.974| 0.642|RGB     | 1.0318| 0.952| 0.044|34.096| 0.017| 1.351| 0.007| 3.39e-05| 0.008| 3.916| 0.159|                |  0|KCat|Sloan|Simbad|288.71950|+51.06019
289.6858750|+51.0328611|12304485|19184461+5101583|4821.1|-0.293| 0.135| 28.692| 3.773|RC      | 0.9911| 1.058| 0.080|11.138| 0.024| 2.369| 0.010| 1.08e-03| 0.008| 3.670| 0.107|                |  0|KCat|Sloan|Simbad|289.68587|+51.03286
290.3133750|+51.0386111|12305574|19211521+5102190|4533.0| 0.306| 0.039| 30.122| 3.839|RC      | 1.0072| 0.976| 0.079|10.605| 0.024| 2.376| 0.010| 1.15e-03| 0.008| 3.879| 0.082|                |  0|KCat|Sloan|Simbad|290.31337|+51.03861
290.4383333|+51.0620000|12305778|19214520+5103432|4643.8|-0.444| 0.192| 37.417| 4.324|RGB     | 1.0381| 1.068| 0.041| 9.893| 0.015| 2.476| 0.007| 1.56e-03| 0.007| 3.793| 0.076|                |  0|KCat|Sloan|Simbad|290.43833|+51.06200
295.4532917|+51.0356944|12314910|19414879+5102085|4514.1|-0.177| 0.119| 23.924| 2.973|RGB     | 1.0401| 1.187| 0.043|13.139| 0.016| 2.276| 0.007| 7.38e-04| 0.008| 3.724| 0.106|                |  1|KCat|Sloan|Simbad|295.45329|+51.03569
295.4625417|+51.0570556|12314927|19415101+5103254|4517.0|-0.165| 0.041| 14.508| 1.992|RGB     | 1.0395| 1.318| 0.043|17.770| 0.016| 2.058| 0.007| 3.31e-04| 0.008| 3.573| 0.191|                |  1|KCat|Sloan|Simbad|295.46254|+51.05706
295.9642083|+51.0030000|12316100|19435141+5100108|4414.5|-0.018|-0.004| 13.749| 1.870|RGB     | 1.0384| 1.400| 0.043|18.927| 0.016| 2.030| 0.007| 2.91e-04| 0.008| 3.514| 0.105|                |  0|KCat|Sloan|Simbad|295.96421|+51.00300
295.9752500|+51.0813056|12316126|19435406+5104527|4721.8| 0.151|-0.001| 59.677| 5.728|RGB     | 1.0315| 1.479| 0.039| 9.182| 0.014| 2.682| 0.007| 2.70e-03| 0.007| 3.483| 0.167|                |  0|KCat|Sloan|Simbad|295.97525|+51.08131
296.1422917|+51.0595000|12316494|19443415+5103342|4853.0|-0.171| 0.053| 31.327| 3.761|RC      | 1.0127| 1.291| 0.079|11.756| 0.024| 2.408| 0.010| 1.12e-03| 0.008| 3.494| 0.167|                |  1|KCat|Sloan|Simbad|296.14229|+51.05950
290.9409583|+51.1550556|12356204|19234583+5109182|5097.4|-0.047| 0.018| 89.266| 7.596|RC      | 0.9974| 2.054| 0.052| 8.679| 0.011| 2.874| 0.008| 4.43e-03| 0.008| 2.984| 0.126|                |  0|KCat|Sloan|Simbad|290.94096|+51.15506
295.4696667|+51.1851389|12365293|19415272+5111065|5055.6| 0.054|-0.025| 93.463| 7.533|RC      | 0.9910| 2.471| 0.050| 9.321| 0.010| 2.892| 0.008| 4.30e-03| 0.008| 2.847| 0.050|                |  1|KCat|Sloan|Simbad|295.46967|+51.18514
296.0242917|+51.1059444|12366537|19440583+5106214|4758.4|-0.063| 0.003| 47.138| 4.746|RGB     | 1.0314| 1.566| 0.041|10.608| 0.015| 2.581| 0.007| 1.85e-03| 0.007| 3.342| 0.109|                |  1|KCat|Sloan|Simbad|296.02429|+51.10594
296.1523750|+51.1887222|12366840|19443657+5111194|4747.0|-0.066|-0.027| 43.386| 4.607|RGB     | 1.0343| 1.355| 0.041|10.291| 0.015| 2.545| 0.007| 1.75e-03| 0.007| 3.561| 0.077|                |  0|KCat|Sloan|Simbad|296.15237|+51.18872
296.5831667|+51.1276667|12367827|19461996+5107396|4820.9|-0.058|-0.025| 37.948| 4.242|RC      | 0.9995| 1.479| 0.076|11.455| 0.022| 2.490| 0.010| 1.39e-03| 0.008| 3.356| 0.081|                |  1|KCat|Sloan|Simbad|296.58317|+51.12767
287.6795833|+51.2758333|12401103|19104310+5116330|4818.7|-0.113| 0.009| 33.242| 4.171|AMB     | 1.0200| 0.985| 0.127| 9.978| 0.082| 2.433| 0.010| 1.40e-03| 0.010| 3.925| 0.166|                |  0|KCat|Sloan|Simbad|287.67958|+51.27583
287.8244167|+51.2342500|12401315|19111786+5114033|4646.6|-0.097| 0.039| 28.292| 3.371|RGB     | 1.0383| 1.249| 0.042|12.303| 0.016| 2.355| 0.007| 9.46e-04| 0.008| 3.665| 0.200|                |  0|KCat|Sloan|Simbad|287.82442|+51.23425
288.1419583|+51.2455833|12401859|19123407+5114441|4806.5| 0.269| 0.007|       |      |REJECT  |       |      |      |      |      |      |      |         |      |      |      |No Seis         |  0|KCat|Sloan|Simbad|288.14196|+51.24558
289.3323750|+51.2562778|12403961|19171977+5115226|4604.2|-0.478| 0.086| 18.024| 2.512|RGB     | 1.0428| 1.016| 0.043|13.930| 0.016| 2.157| 0.007| 5.30e-04| 0.008| 3.865| 0.163|                |  0|KCat|Sloan|Simbad|289.33237|+51.25628
290.4780833|+51.2989167|12406029|19215474+5117561|4821.1|-0.191| 0.037| 34.643| 4.131|RC      | 0.9911| 1.295| 0.077|11.218| 0.023| 2.451| 0.010| 1.29e-03| 0.008| 3.470| 0.165|                |  0|KCat|Sloan|Simbad|290.47808|+51.29892
290.8100833|+51.2976667|12406689|19231442+5117516|4607.7|-0.060| 0.029| 14.161| 1.798|RGB(S)  | 1.0277| 1.992| 0.043|22.003| 0.016| 2.052| 0.007| 2.64e-04| 0.008| 3.012| 0.505|SeisUnc         |  0|KCat|Sloan|Simbad|290.81008|+51.29767
290.9095000|+51.2839444|12406844|19233828+5117022|4861.5|-0.322| 0.189| 30.346| 4.092|RC      | 0.9959| 0.898| 0.079| 9.961| 0.024| 2.395| 0.010| 1.28e-03| 0.008| 3.839| 0.282|                |  0|KCat|Sloan|Simbad|290.90950|+51.28394
296.2328750|+51.2327500|12418339|19445589+5113579|4882.3|-0.225| 0.038| 35.812| 4.174|RC      | 1.0032| 1.333| 0.077|11.157| 0.023| 2.468| 0.010| 1.35e-03| 0.008| 3.437| 0.123|                |  1|KCat|Sloan|Simbad|296.23287|+51.23275
296.3052500|+51.2676111|12418504|19451326+5116034|4574.5|-0.030| 0.030| 13.109| 1.883|RGB     | 1.0418| 1.231| 0.044|18.016| 0.016| 2.017| 0.007| 2.97e-04| 0.008| 3.700| 0.200|                |  0|KCat|Sloan|Simbad|296.30525|+51.26761
296.3108750|+51.2929444|12418515|19451461+5117346|4895.2|-0.250| 0.045| 34.394| 4.175|RC      | 0.9883| 1.257| 0.077|11.050| 0.023| 2.451| 0.010| 1.32e-03| 0.008| 3.502| 0.128|                |  1|KCat|Sloan|Simbad|296.31087|+51.29294
287.8059167|+51.3533611|12454043|19111342+5121121|4912.9|-0.554| 0.224| 27.879| 3.950|RC      | 0.9881| 0.841| 0.080|10.027| 0.024| 2.360| 0.010| 1.18e-03| 0.008| 3.877| 0.172|                |  0|KCat|Sloan|Simbad|287.80592|+51.35336
288.1291667|+51.3322778|12454554|19123100+5119562|4759.8|-0.220| 0.029| 37.973| 4.145|RGB     | 1.0338| 1.395| 0.041|11.153| 0.015| 2.488| 0.007| 1.42e-03| 0.007| 3.459| 0.090|                |  0|KCat|Sloan|Simbad|288.12917|+51.33228
288.4810417|+51.3552778|12455117|19135545+5121190|4736.7|-0.031| 0.031| 31.155| 3.915|RC      | 0.9933| 1.127| 0.079|11.084| 0.024| 2.401| 0.010| 1.17e-03| 0.008| 3.668| 0.204|                |  0|KCat|Sloan|Simbad|288.48104|+51.35528
288.6030833|+51.3100000|12455357|19142474+5118360|4615.3| 0.062| 0.065| 28.057| 3.655|RC      | 1.0003| 1.013| 0.080|11.144| 0.024| 2.350| 0.010| 1.03e-03| 0.008| 3.796| 0.129|                |  0|KCat|Sloan|Simbad|288.60308|+51.31000
291.0469167|+51.3922778|12459729|19241126+5123322|4045.8|-0.237| 0.069|  2.258| 0.521|RGB     | 1.0519| 0.859| 0.045|37.379| 0.017| 1.227| 0.007| 2.32e-05| 0.008| 4.154| 0.152|Ageold          |  0|KCat|Sloan|Simbad|291.04692|+51.39228
296.0226250|+51.3005556|12470054|19440543+5118020|4832.6| 0.150| 0.014|159.150|12.530|RGB     | 1.0206| 1.324| 0.031| 5.288| 0.011| 3.113| 0.007| 1.26e-02| 0.007| 3.647| 0.029|                |  1|KCat|Sloan|Simbad|296.02262|+51.30056
287.7518333|+51.4093056|12504153|19110044+5124335|4545.6|-0.081| 0.159| 44.351| 4.928|RGB     | 1.0394| 1.015| 0.041| 8.906| 0.015| 2.545| 0.007| 2.03e-03| 0.007| 3.992| 0.134|                |  0|KCat|Sloan|Simbad|287.75183|+51.40931
288.5073750|+51.4676667|12505388|19140177+5128036|4763.7|-0.108| 0.105| 30.063| 3.859|RC      | 0.9928| 1.084| 0.079|11.049| 0.024| 2.386| 0.010| 1.13e-03| 0.008| 3.688| 0.151|                |  0|KCat|Sloan|Simbad|288.50737|+51.46767
288.5489167|+51.4414722|12505459|19141174+5126293|4798.4|-0.280| 0.189| 29.189| 3.939|RC      | 0.9947| 0.917| 0.080|10.295| 0.024| 2.375| 0.010| 1.18e-03| 0.008| 3.837| 0.087|                |  0|KCat|Sloan|Simbad|288.54892|+51.44147
288.7203333|+51.4940833|12505741|19145288+5129387|4722.1|-0.224| 0.060| 41.721| 4.703|RGB     | 1.0378| 1.086| 0.041| 9.407| 0.015| 2.527| 0.007| 1.84e-03| 0.007| 3.826| 0.125|                |  0|KCat|Sloan|Simbad|288.72033|+51.49408
288.9319583|+51.4136111|12506130|19154367+5124490|4869.2|-0.235| 0.055| 37.581| 4.301|RC      | 0.9909| 1.429| 0.076|11.285| 0.022| 2.488| 0.010| 1.40e-03| 0.008| 3.352| 0.031|                |  0|KCat|Sloan|Simbad|288.93196|+51.41361
288.9370417|+51.4617500|12506147|19154489+5127423|4618.3|-0.164| 0.161| 52.209| 5.614|RGB     | 1.0385| 1.011| 0.040| 8.160| 0.015| 2.619| 0.007| 2.62e-03| 0.007| 3.974| 0.127|                |  0|KCat|Sloan|Simbad|288.93704|+51.46175
288.9994167|+51.4890278|12506245|19155986+5129205|4884.8|-0.671| 0.219| 19.078| 2.970|RC(S)   | 0.9920| 0.823| 0.084|12.007| 0.026| 2.194| 0.010| 6.70e-04| 0.008| 3.885| 0.166|                |  0|KCat|Sloan|Simbad|288.99942|+51.48903
289.0210833|+51.4521111|12506290|19160506+5127076|4630.3| 0.268| 0.012| 34.566| 4.076|RC      | 1.0033| 1.216| 0.077|10.992| 0.023| 2.441| 0.010| 1.29e-03| 0.008| 3.648| 0.130|                |  0|KCat|Sloan|Simbad|289.02108|+51.45211
289.4155000|+51.4529722|12507016|19173972+5127107|4645.5| 0.242|-0.013| 30.893| 3.787|RC(S)   | 1.0086| 1.147| 0.079|11.282| 0.024| 2.393| 0.010| 1.13e-03| 0.008| 3.716| 0.228|                |  0|KCat|Sloan|Simbad|289.41550|+51.45297
289.5570833|+51.4392778|12507291|19181370+5126214|4825.2|-0.083| 0.045| 28.819| 3.788|RC      | 0.9841| 1.086| 0.080|11.259| 0.024| 2.371| 0.010| 1.07e-03| 0.008| 3.704| 0.208|                |  0|KCat|Sloan|Simbad|289.55708|+51.43928
289.8958750|+51.4930278|12507838|19193501+5129349|4695.1|-0.205| 0.004| 42.371| 4.732|RGB     | 1.0374| 1.102| 0.041| 9.416| 0.015| 2.532| 0.007| 1.86e-03| 0.007| 3.806| 0.151|                |  0|KCat|Sloan|Simbad|289.89587|+51.49303
288.4604583|+51.5755000|12553494|19135051+5134318|4386.9| 0.280| 0.012| 23.504| 2.957|RGB     | 1.0449| 1.082| 0.043|12.742| 0.016| 2.262| 0.007| 7.37e-04| 0.008| 3.995| 0.322|                |  0|KCat|Sloan|Simbad|288.46046|+51.57550
288.6392500|+51.5639167|12553757|19143342+5133501|5051.1|-0.940| 0.271| 21.007| 2.331|RGB(S)  | 1.0000| 2.946| 0.043|21.472| 0.016| 2.243| 0.007| 4.19e-04| 0.008| 2.426| 0.328|SeisUnc         |  0|KCat|Sloan|Simbad|288.63925|+51.56392
288.3854167|+51.6745000|12598909|19133250+5140282|4570.7| 0.164| 0.002| 57.347| 5.921|RGB     | 1.0375| 1.070| 0.040| 8.029| 0.015| 2.658| 0.007| 2.91e-03| 0.007| 3.983| 0.083|                |  0|KCat|Sloan|Simbad|288.38542|+51.67450
289.0952083|+51.6521111|12600075|19162285+5139076|4939.8|-0.463| 0.127| 36.860| 4.235|RC      | 0.9965| 1.434| 0.076|11.372| 0.022| 2.483| 0.010| 1.37e-03| 0.008| 3.312| 0.103|                |  0|KCat|Sloan|Simbad|289.09521|+51.65211
289.3400417|+51.6717222|12600471|19172161+5140182|4682.7|-0.197| 0.021| 19.529| 2.723|RGB     | 1.0465| 0.946| 0.043|12.859| 0.016| 2.195| 0.007| 6.27e-04| 0.008| 4.071| 0.203|                |  0|KCat|Sloan|Simbad|289.34004|+51.67172
289.6730000|+51.6118889|12601052|19184152+5136428|5020.4|-0.295| 0.040| 40.771| 4.335|RC      | 1.0049| 1.750| 0.074|11.899| 0.021| 2.530| 0.010| 1.46e-03| 0.008| 3.122| 0.194|                |  0|KCat|Sloan|Simbad|289.67300|+51.61189
290.4867917|+51.6136944|12602404|19215683+5136493|4476.2|-0.565| 0.203| 13.018| 1.964|RGB     | 1.0439| 0.977| 0.044|16.190| 0.016| 2.009| 0.007| 3.24e-04| 0.008| 3.893| 0.174|                |  0|KCat|Sloan|Simbad|290.48679|+51.61369
288.5508333|+51.7210833|12643940|19141220+5143159|4622.5| 0.023| 0.095| 29.406| 3.798|RC      | 1.0005| 1.002| 0.080|10.823| 0.024| 2.370| 0.010| 1.11e-03| 0.008| 3.811| 0.102|                |  0|KCat|Sloan|Simbad|288.55083|+51.72108
288.7326250|+51.7200278|12644223|19145583+5143121|4158.8|-0.438| 0.198|  4.176| 0.826|RGB     | 1.0370| 0.950| 0.044|28.714| 0.017| 1.500| 0.007| 5.66e-05| 0.008| 3.973| 0.349|SeisUnc         |  0|KCat|Sloan|Simbad|288.73262|+51.72003
288.8821667|+51.7633333|12644458|19153172+5145480|4610.6| 0.279| 0.022| 31.513| 3.855|RC      | 1.0050| 1.137| 0.079|11.143| 0.024| 2.400| 0.010| 1.16e-03| 0.008| 3.728| 0.171|                |  0|KCat|Sloan|Simbad|288.88217|+51.76333
288.9543750|+51.7125556|12644579|19154905+5142452|4877.8|-0.219| 0.020| 33.412| 4.093|RC      | 0.9897| 1.234| 0.078|11.114| 0.023| 2.437| 0.010| 1.27e-03| 0.008| 3.522| 0.133|                |  0|KCat|Sloan|Simbad|288.95437|+51.71256
289.3020417|+51.7531389|12645107|19171249+5145113|4866.0|-0.139| 0.026| 29.959| 3.816|RC      | 1.0032| 1.112| 0.079|11.148| 0.024| 2.389| 0.010| 1.13e-03| 0.008| 3.658| 0.167|                |  0|KCat|Sloan|Simbad|289.30204|+51.75314
289.3622500|+51.7783889|12645202|19172694+5146422|4886.0|-0.169| 0.044| 35.692| 4.223|RC      | 0.9966| 1.294| 0.077|11.011| 0.023| 2.466| 0.010| 1.37e-03| 0.008| 3.492| 0.164|                |  0|KCat|Sloan|Simbad|289.36225|+51.77839
290.5592083|+51.7808333|12647227|19221421+5146510|4780.4|-0.403| 0.044| 38.428| 4.347|RGB     | 1.0357| 1.194| 0.041|10.247| 0.015| 2.494| 0.007| 1.57e-03| 0.007| 3.637| 0.022|                |  0|KCat|Sloan|Simbad|290.55921|+51.78083
290.6214167|+51.7212222|12647352|19222914+5143164|4519.2|-0.334| 0.190| 22.399| 2.744|RGB     | 1.0360| 1.368| 0.043|14.568| 0.016| 2.247| 0.007| 6.24e-04| 0.008| 3.462| 0.168|                |  0|KCat|Sloan|Simbad|290.62142|+51.72122
290.7501667|+51.7553889|12647597|19230004+5145194|4970.5|-0.411| 0.080| 30.094| 4.088|RC      | 0.9910| 0.927| 0.079|10.107| 0.024| 2.396| 0.010| 1.27e-03| 0.008| 3.790| 0.352|                |  0|KCat|Sloan|Simbad|290.75017|+51.75539
290.7837500|+51.7841667|12647649|19230810+5147030|4946.0|-0.388| 0.046| 32.407| 4.131|RC      | 0.9921| 1.098| 0.078|10.608| 0.023| 2.427| 0.010| 1.30e-03| 0.008| 3.625| 0.099|                |  0|KCat|Sloan|Simbad|290.78375|+51.78417
288.7269167|+51.8762500|12688798|19145446+5152345|4199.1| 0.315| 0.032| 14.131| 1.987|RGB     | 1.0478| 1.068| 0.043|16.508| 0.016| 2.031| 0.007| 3.35e-04| 0.008| 4.020| 0.160|                |  0|KCat|Sloan|Simbad|288.72692|+51.87625
289.1597500|+51.8646111|12689506|19163834+5151526|4937.3|-0.333| 0.218| 37.241| 4.204|RC(S)   | 0.9821| 1.612| 0.076|11.997| 0.022| 2.487| 0.010| 1.32e-03| 0.008| 3.195| 0.239|SeisUnc         |  0|KCat|Sloan|Simbad|289.15975|+51.86461
289.7021250|+51.8688611|12690461|19184851+5152079|4749.8|-0.240| 0.191| 28.244| 3.888|RC      | 0.9935| 0.867| 0.080|10.199| 0.024| 2.359| 0.010| 1.15e-03| 0.008| 3.894| 0.160|                |  0|KCat|Sloan|Simbad|289.70212|+51.86886
289.3728333|+51.9423889|12735106|19172948+5156326|4648.1| 0.193| 0.020| 33.407| 4.049|RC      | 1.0033| 1.135| 0.078|10.790| 0.023| 2.427| 0.010| 1.27e-03| 0.008| 3.711| 0.202|                |  0|KCat|Sloan|Simbad|289.37283|+51.94239
289.4690000|+51.9119444|12735291|19175256+5154430|4718.4|-0.088| 0.106| 30.239| 3.996|RC      | 0.9992| 0.922| 0.079|10.186| 0.024| 2.387| 0.010| 1.23e-03| 0.008| 3.869| 0.152|                |  0|KCat|Sloan|Simbad|289.46900|+51.91194
289.8337500|+51.9761944|12735851|19192010+5158343|4706.3|-0.250| 0.065| 42.809| 4.775|RGB     | 1.0371| 1.101| 0.041| 9.360| 0.015| 2.537| 0.007| 1.89e-03| 0.007| 3.805| 0.165|                |  0|KCat|Sloan|Simbad|289.83375|+51.97619
290.1298333|+51.9431111|12736410|19203116+5156352|4800.7|-0.042| 0.044| 32.015| 3.956|RC      | 0.9963| 1.183| 0.078|11.163| 0.023| 2.415| 0.010| 1.20e-03| 0.008| 3.616| 0.241|                |  0|KCat|Sloan|Simbad|290.12983|+51.94311
290.2760000|+52.0065556|12784948|19210624+5200236|4956.6|-0.381| 0.092| 34.030| 4.170|RC      | 0.9867| 1.254| 0.077|11.061| 0.023| 2.449| 0.010| 1.31e-03| 0.008| 3.476| 0.217|                |  0|KCat|Sloan|Simbad|290.27600|+52.00656
290.3490000|+52.0831389|12785083|19212376+5204593|4689.1|-0.001| 0.083| 28.558| 3.618|RC      | 0.9973| 1.154| 0.080|11.742| 0.024| 2.361| 0.010| 1.00e-03| 0.008| 3.645| 0.170|                |  0|KCat|Sloan|Simbad|290.34900|+52.08314
290.4485833|+52.0934722|12785250|19214766+5205365|4764.1|-0.312| 0.031| 32.908| 3.850|RC(S)   | 1.0015| 1.386| 0.078|11.942| 0.023| 2.426| 0.010| 1.15e-03| 0.008| 3.368| 0.272|                |  0|KCat|Sloan|Simbad|290.44858|+52.09347
289.6012917|+52.2644167|12884116|19182431+5215519|4642.0| 0.008| 0.047| 50.540| 5.402|RGB     | 1.0378| 1.081| 0.040| 8.563| 0.015| 2.606| 0.007| 2.43e-03| 0.007| 3.935| 0.303|                |  0|KCat|Sloan|Simbad|289.60129|+52.26442
290.0077917|+52.2496667|12884930|19200187+5214588|4913.6|-0.079| 0.011| 37.999| 4.385|RC      | 0.9988| 1.343| 0.075|10.854| 0.022| 2.495| 0.010| 1.48e-03| 0.008| 3.469| 0.315|                |  0|KCat|Sloan|Simbad|290.00779|+52.24967

